id,Predicted
592380,0.0
592381,0.0
592382,0.0
592383,0.0
592384,0.0
592385,0.0
592386,0.0
592387,0.0
592388,0.0
592389,0.0
592390,0.0
592391,0.0
592392,0.0
592393,0.0
592394,0.0
592395,0.0
592396,0.0
592397,0.0
592398,0.0
592399,0.0
592400,0.0
592401,0.0
592402,0.0
592403,0.0
592404,0.0
592405,0.0
592406,0.0
592407,0.0
592408,0.0
592409,0.0
592410,0.0
592411,0.0
592412,0.0
592413,0.0
592414,0.0
592415,0.0
592416,0.0
592417,0.0
592418,0.0
592419,0.0
592420,0.0
592421,0.0
592422,0.0
592423,0.0
592424,0.0
592425,0.0
592426,0.0
592427,0.0
592428,0.0
592429,0.0
592430,0.0
592431,0.0
592432,0.0
592433,0.0
592434,0.0
592435,0.0
592436,0.0
592437,0.0
592438,0.0
592439,0.0
592440,0.0
592441,0.0
592442,0.0
592443,0.0
592444,0.0
592445,0.0
592446,0.0
592447,0.0
592448,0.0
592449,0.0
592450,0.0
592451,0.0
592452,0.0
592453,0.0
592454,0.0
592455,0.0
592456,0.0
592457,0.0
592458,0.0
592459,0.0
592460,0.0
592461,0.0
592462,0.0
592463,0.0
592464,0.0
592465,0.0
592466,0.0
592467,0.0
592468,0.01853443
592469,0.0
592470,0.0
592471,0.0
592472,0.0
592473,0.0
592474,0.0
592475,0.0
592476,0.0
592477,0.0
592478,0.0
592479,0.0
592480,0.0
592481,0.0
592482,0.0
592483,0.0
592484,0.0
592485,0.0
592486,0.0
592487,0.0
592488,0.0
592489,0.0
592490,0.0
592491,0.0
592492,0.0
592493,0.0
592494,0.0
592495,0.0
592496,0.0
592497,0.0
592498,0.0
592499,0.0
592500,0.0
592501,0.0
592502,0.0
592503,0.0
592504,0.0
592505,0.0
592506,0.0
592507,0.0
592508,0.0
592509,0.0
592510,0.0
592511,0.0
592512,0.0
592513,0.0
592514,0.0
592515,0.0
592516,0.0
592517,0.0
592518,0.0
592519,0.0
592520,0.0
592521,0.0
592522,0.0
592523,0.0
592524,0.0
592525,0.0
592526,0.0
592527,0.0
592528,0.0
592529,0.0
592530,0.0
592531,0.0
592532,0.0
592533,0.0
592534,0.0
592535,0.0
592536,0.0
592537,0.0
592538,0.0
592539,0.0
592540,0.0
592541,0.0
592542,0.0
592543,0.0
592544,0.0
592545,0.0
592546,0.0
592547,0.0
592548,0.0
592549,0.0
592550,0.0
592551,0.0
592552,0.0
592553,0.0
592554,0.0
592555,0.0
592556,0.0
592557,0.0
592558,0.0
592559,0.0
592560,0.0
592561,0.0
592562,0.0
592563,0.0
592564,0.0
592565,0.0
592566,0.0
592567,0.0
592568,0.0
592569,0.0
592570,0.0
592571,0.0
592572,0.0
592573,0.0
592574,0.0
592575,0.0
592576,0.0
592577,0.0
592578,0.0
592579,0.0
592580,0.0
592581,0.0
592582,0.0
592583,0.0
592584,0.0
592585,0.0
592586,0.0
592587,0.0
592588,0.0
592589,0.0
592590,0.0
592591,0.0
592592,0.0
592593,0.0
592594,0.0
592595,0.0
592596,0.0
592597,0.0
592598,0.0
592599,0.0
592600,0.0
592601,0.0
592602,0.0
592603,0.0
592604,0.0
592605,0.0
592606,0.0
592607,0.0
592608,0.0
592609,0.0
592610,0.0
592611,0.0
592612,0.0
592613,0.0
592614,0.0
592615,0.0
592616,0.0
592617,0.0
592618,0.0
592619,0.0
592620,0.0
592621,0.0
592622,0.0
592623,0.0
592624,0.0
592625,0.0
592626,0.0
592627,0.0
592628,0.0
592629,0.0
592630,0.0
592631,0.0
592632,0.0
592633,0.0
592634,0.0
592635,0.0
592636,0.0
592637,0.0
592638,0.0
592639,0.0
592640,0.0
592641,0.0
592642,0.0
592643,0.0
592644,0.0
592645,0.0
592646,0.0
592647,0.0
592648,0.0
592649,0.0
592650,0.0
592651,0.0
592652,0.0
592653,0.0
592654,0.0
592655,0.0
592656,0.0
592657,0.0
592658,0.0
592659,0.0
592660,0.0
592661,0.0
592662,0.0
592663,0.0
592664,0.0
592665,0.0
592666,0.0
592667,0.0
592668,0.0
592669,0.0
592670,0.0
592671,0.0
592672,0.0
592673,0.0
592674,0.0
592675,0.0
592676,0.0
592677,0.0
592678,0.0
592679,0.0
592680,9.652707e-38
592681,0.0
592682,0.0
592683,0.0
592684,0.0
592685,0.0
592686,0.0
592687,0.0
592688,0.0
592689,0.0
592690,0.0
592691,0.0
592692,0.0
592693,0.0
592694,0.0
592695,0.0
592696,0.0
592697,0.0
592698,0.0
592699,0.0
592700,0.0
592701,0.0
592702,0.0
592703,0.0
592704,0.0
592705,0.0
592706,0.0
592707,0.0
592708,0.0
592709,0.0
592710,0.0
592711,0.0
592712,0.0
592713,0.0
592714,0.0
592715,0.0
592716,0.0
592717,0.0
592718,0.0
592719,0.0
592720,0.0
592721,0.0
592722,0.0
592723,0.0
592724,0.0
592725,0.0
592726,0.0
592727,0.0
592728,0.0
592729,0.0
592730,0.0
592731,0.0
592732,0.0
592733,0.0
592734,0.0
592735,0.0
592736,0.0
592737,0.0
592738,0.0
592739,0.0
592740,0.0
592741,0.0
592742,0.0
592743,0.0
592744,0.0
592745,0.0
592746,0.0
592747,0.0
592748,0.0
592749,0.0
592750,0.0
592751,0.0
592752,0.0
592753,0.0
592754,0.0
592755,0.0
592756,0.0
592757,0.0
592758,0.0
592759,0.0
592760,0.0
592761,0.0
592762,0.0
592763,0.0
592764,0.0
592765,0.0
592766,0.0
592767,0.0
592768,0.0
592769,0.0
592770,0.0
592771,0.0
592772,0.0
592773,0.0
592774,0.0
592775,1.00063216e-25
592776,0.0
592777,0.015151769
592778,0.0
592779,0.0
592780,0.0
592781,5.276835e-22
592782,0.0
592783,0.0
592784,0.0
592785,0.0
592786,0.0
592787,0.0
592788,0.0
592789,0.0
592790,0.0
592791,0.0
592792,0.0
592793,0.0
592794,0.0
592795,0.0
592796,0.0
592797,0.0
592798,0.0
592799,0.0
592800,0.0
592801,0.0
592802,0.0
592803,0.0
592804,0.0
592805,0.0
592806,0.0
592807,0.0
592808,0.0
592809,0.0
592810,0.0
592811,0.0
592812,0.0
592813,0.0
592814,0.0
592815,0.0
592816,0.0
592817,0.0
592818,0.0
592819,0.0
592820,0.0
592821,0.0
592822,0.0
592823,0.0
592824,0.0
592825,0.0
592826,0.0
592827,0.0
592828,0.0
592829,0.0
592830,0.0
592831,0.0
592832,0.0
592833,0.0
592834,0.0
592835,0.0
592836,0.0
592837,0.0
592838,0.0
592839,0.0
592840,0.0
592841,0.0
592842,0.0
592843,0.0
592844,0.0
592845,0.0
592846,0.0
592847,0.0
592848,0.0
592849,0.0
592850,0.0
592851,0.0
592852,0.0
592853,0.0
592854,0.0
592855,0.0
592856,0.0
592857,0.0
592858,0.0
592859,0.0
592860,0.0
592861,2.5688741e-12
592862,0.0
592863,0.0
592864,0.0
592865,0.0
592866,0.0
592867,0.0
592868,0.0
592869,0.0
592870,0.0
592871,0.0
592872,0.0
592873,0.0
592874,0.0
592875,0.0
592876,0.0
592877,0.0
592878,0.0
592879,0.0
592880,0.0
592881,0.0
592882,0.0
592883,0.0
592884,0.0
592885,0.0
592886,0.0
592887,0.0
592888,0.0
592889,0.0
592890,0.0
592891,0.0
592892,0.0
592893,0.0
592894,0.0
592895,0.0
592896,0.0
592897,0.0
592898,0.0
592899,0.0
592900,0.0
592901,0.0
592902,0.0
592903,0.0
592904,0.0
592905,0.0
592906,0.0
592907,0.0
592908,0.0
592909,0.0
592910,0.0
592911,0.0
592912,0.0
592913,0.0
592914,0.0
592915,0.0
592916,0.0
592917,0.0
592918,0.0
592919,0.0
592920,0.0
592921,0.0
592922,0.0
592923,0.0
592924,0.0
592925,0.0
592926,0.0
592927,0.0
592928,0.0
592929,0.0
592930,0.0
592931,0.0
592932,0.0
592933,0.0
592934,0.0
592935,0.0
592936,0.0
592937,0.0
592938,0.0
592939,0.0
592940,0.0
592941,0.0
592942,0.0
592943,0.0
592944,0.0
592945,0.0
592946,0.0
592947,0.0
592948,0.0
592949,0.0
592950,0.0
592951,0.0
592952,0.0
592953,0.0
592954,1.393747e-17
592955,0.0
592956,0.0
592957,0.0
592958,0.0
592959,0.0
592960,0.0
592961,0.0
592962,0.0
592963,0.0
592964,0.0
592965,0.0
592966,0.0
592967,0.0
592968,0.0
592969,0.0
592970,0.0
592971,0.0
592972,0.0
592973,0.0
592974,0.0
592975,0.0
592976,0.0
592977,0.0
592978,0.0
592979,0.0
592980,0.0
592981,0.0
592982,0.0
592983,0.0
592984,0.0
592985,0.0
592986,0.0
592987,0.0
592988,0.0
592989,0.0
592990,0.0
592991,0.0
592992,0.0
592993,0.0
592994,0.0
592995,0.0
592996,0.0
592997,0.0
592998,0.0
592999,0.0
593000,0.0
593001,0.0
593002,0.0
593003,0.0
593004,0.0
593005,0.0
593006,0.0
593007,0.0
593008,0.0
593009,0.0
593010,0.0
593011,0.0
593012,0.0
593013,0.0
593014,0.0
593015,0.0
593016,0.0
593017,0.0
593018,0.0
593019,0.0
593020,0.0
593021,0.0
593022,0.0
593023,0.0
593024,0.0
593025,0.0
593026,0.0
593027,0.0
593028,0.0
593029,0.0
593030,0.0
593031,0.0
593032,0.0
593033,0.0
593034,0.0
593035,0.0
593036,0.0
593037,0.0
593038,0.0
593039,0.0
593040,0.0
593041,0.0
593042,0.0
593043,0.0
593044,0.0
593045,0.0
593046,0.0
593047,0.0
593048,0.0
593049,0.0
593050,0.0
593051,0.0
593052,0.0
593053,0.0
593054,0.0
593055,0.0
593056,0.0
593057,0.0
593058,0.0
593059,0.0
593060,0.0
593061,0.0
593062,0.0
593063,0.0
593064,0.0
593065,0.0
593066,0.0
593067,0.0
593068,0.0
593069,0.0
593070,0.0
593071,0.0
593072,0.0
593073,0.0
593074,0.0
593075,0.0
593076,0.0
593077,0.0
593078,0.0
593079,0.0
593080,0.0
593081,0.0
593082,0.0
593083,0.0
593084,0.0
593085,0.0
593086,0.0
593087,0.0
593088,0.0
593089,0.0
593090,0.0
593091,0.0
593092,0.0
593093,0.0
593094,0.0
593095,0.0
593096,0.0
593097,0.0
593098,0.0
593099,0.0
593100,0.0
593101,0.0
593102,0.0
593103,0.0
593104,0.0
593105,0.0
593106,0.0
593107,0.0
593108,0.0
593109,0.0
593110,0.0
593111,0.0
593112,0.0
593113,0.0
593114,0.0
593115,0.0
593116,0.0
593117,0.0
593118,0.0
593119,0.0
593120,0.0
593121,0.0
593122,0.0
593123,0.0
593124,0.0
593125,0.0
593126,0.0
593127,0.0
593128,0.0
593129,0.0
593130,0.0
593131,0.0
593132,0.0
593133,0.0
593134,0.0
593135,0.0
593136,0.0
593137,0.0
593138,0.0
593139,0.0
593140,0.0
593141,0.0
593142,0.0
593143,0.0
593144,0.0
593145,0.0
593146,0.0
593147,0.0
593148,0.0
593149,0.0
593150,0.0
593151,0.0
593152,0.0
593153,0.0
593154,0.0
593155,0.0
593156,0.0
593157,0.0
593158,0.0
593159,0.0
593160,0.0
593161,0.0
593162,0.0
593163,0.0
593164,0.0
593165,0.0
593166,0.0
593167,0.0
593168,0.0
593169,0.0
593170,0.0
593171,0.0
593172,0.0
593173,0.0
593174,0.0
593175,0.0
593176,0.0
593177,0.0
593178,0.0
593179,0.0
593180,0.0
593181,0.0
593182,0.0
593183,0.0
593184,0.0
593185,0.0
593186,0.0
593187,0.0
593188,0.0
593189,0.0
593190,0.0
593191,0.0
593192,0.0
593193,0.0
593194,0.0
593195,0.0
593196,0.0
593197,0.0
593198,0.0
593199,0.0
593200,0.0
593201,0.0
593202,0.0
593203,0.0
593204,0.0
593205,0.0
593206,0.0
593207,0.0
593208,0.0
593209,0.0
593210,0.0
593211,0.0
593212,0.0
593213,0.0
593214,0.0
593215,0.0
593216,0.0
593217,0.0
593218,0.0
593219,0.0
593220,0.0
593221,0.0
593222,0.0
593223,0.0
593224,0.0
593225,0.0
593226,0.0
593227,0.0
593228,0.0
593229,0.0
593230,0.0
593231,0.0
593232,0.0
593233,0.0
593234,0.0
593235,0.0
593236,0.0
593237,0.0
593238,0.0
593239,0.0
593240,0.0
593241,0.0
593242,0.0
593243,0.0
593244,0.0
593245,0.0
593246,0.0
593247,0.0
593248,0.0
593249,0.0
593250,0.0
593251,0.0
593252,0.0
593253,0.0
593254,0.0
593255,0.0
593256,0.0
593257,0.0
593258,0.0
593259,0.0
593260,0.0
593261,0.0
593262,0.0
593263,0.0
593264,0.0
593265,0.0
593266,0.0
593267,0.0
593268,0.0
593269,0.0
593270,0.0
593271,0.0
593272,0.0
593273,0.0
593274,0.0
593275,0.0
593276,0.0
593277,0.0
593278,0.0
593279,0.0
593280,0.0
593281,0.0
593282,0.0
593283,0.0
593284,0.0
593285,0.0
593286,0.0
593287,0.0
593288,0.0
593289,0.0
593290,0.0
593291,0.0
593292,0.0
593293,0.0
593294,3.9123114e-37
593295,0.0
593296,0.0
593297,0.0
593298,0.0
593299,0.0
593300,0.0
593301,0.0
593302,0.0
593303,0.0
593304,0.0
593305,0.0
593306,0.0
593307,0.0
593308,0.0
593309,0.0
593310,0.0
593311,0.0
593312,0.0
593313,0.0
593314,0.0
593315,0.0
593316,0.0
593317,0.0
593318,0.0
593319,0.0
593320,0.0
593321,0.0
593322,0.0
593323,0.0
593324,0.0
593325,0.0
593326,0.0
593327,0.0
593328,0.0
593329,0.0
593330,0.0
593331,0.0
593332,0.0
593333,0.0
593334,0.0
593335,0.0
593336,0.0
593337,0.0
593338,0.0
593339,0.0
593340,0.0
593341,0.0
593342,0.0
593343,0.0
593344,0.0
593345,0.0
593346,0.0
593347,0.0
593348,0.0
593349,0.0
593350,0.0
593351,0.0
593352,0.0
593353,0.0
593354,0.0
593355,0.0
593356,0.0
593357,0.0
593358,0.0
593359,0.0
593360,0.0
593361,0.0
593362,0.0
593363,0.0
593364,0.0
593365,0.0
593366,0.0
593367,0.0
593368,0.0
593369,0.0
593370,0.0
593371,0.0
593372,0.0
593373,0.0
593374,0.0
593375,0.0
593376,0.0
593377,0.0
593378,0.0
593379,0.0
593380,0.0
593381,0.0
593382,0.0
593383,0.0
593384,0.0
593385,0.0
593386,0.0
593387,0.0
593388,0.0
593389,0.0
593390,0.0
593391,0.0
593392,0.0
593393,0.0
593394,0.0
593395,0.0
593396,0.0
593397,0.0
593398,0.0
593399,0.0
593400,0.0
593401,1.0676576e-09
593402,0.0
593403,0.0
593404,0.0
593405,0.0
593406,0.0
593407,0.0
593408,0.0
593409,0.0
593410,0.0
593411,0.0
593412,0.0
593413,0.0
593414,0.0
593415,0.0
593416,0.0
593417,0.0
593418,0.0
593419,0.0
593420,0.0
593421,0.0
593422,0.0
593423,0.0
593424,0.0
593425,0.0
593426,0.0
593427,0.0
593428,0.0
593429,0.0
593430,0.0
593431,0.0
593432,0.0
593433,0.0
593434,0.0
593435,0.0
593436,0.0
593437,0.0
593438,0.0
593439,0.0
593440,0.0
593441,0.0
593442,0.0
593443,0.0
593444,0.0
593445,0.0
593446,0.0
593447,0.0
593448,0.0
593449,0.0
593450,0.0
593451,0.0
593452,0.0
593453,0.0
593454,0.0
593455,0.0
593456,0.0
593457,0.0
593458,0.0
593459,0.0
593460,0.0
593461,0.0
593462,0.0
593463,0.0
593464,0.0
593465,0.0
593466,0.0
593467,0.0
593468,0.0
593469,0.0
593470,0.0
593471,0.0
593472,0.0
593473,0.0
593474,0.0
593475,0.0
593476,0.0
593477,0.0
593478,0.0
593479,0.0
593480,0.0
593481,0.0
593482,0.0
593483,0.0
593484,0.0
593485,0.0
593486,0.0
593487,0.0
593488,0.0
593489,0.0
593490,0.0
593491,0.0
593492,0.0
593493,0.0
593494,0.0
593495,0.0
593496,0.0
593497,0.0
593498,0.0
593499,0.0
593500,0.0
593501,0.0
593502,0.0
593503,0.0
593504,0.0
593505,0.0
593506,0.0
593507,0.0
593508,0.0
593509,0.0
593510,0.0
593511,0.0
593512,0.0
593513,0.0
593514,0.0
593515,0.0
593516,0.0
593517,0.0
593518,0.0
593519,5.0743366e-36
593520,0.0
593521,0.0
593522,0.0
593523,0.0
593524,0.0
593525,0.0
593526,0.0
593527,0.0
593528,0.0
593529,0.0
593530,0.0
593531,0.0
593532,0.0
593533,0.0
593534,0.0
593535,0.0
593536,0.0
593537,0.0
593538,0.0
593539,0.0
593540,0.0
593541,0.0
593542,0.0
593543,0.0
593544,0.0
593545,0.0
593546,0.0
593547,0.0
593548,5.249029e-37
593549,0.0
593550,0.0
593551,0.0
593552,0.0
593553,0.0
593554,0.0
593555,0.0
593556,0.0
593557,0.0
593558,0.0
593559,0.0
593560,0.0
593561,0.0
593562,0.0
593563,0.0
593564,0.0
593565,0.0
593566,0.0
593567,0.0
593568,0.0
593569,0.0
593570,0.0
593571,0.0
593572,0.0
593573,0.0
593574,0.0
593575,0.0
593576,0.0
593577,0.0
593578,0.0
593579,0.0
593580,0.0
593581,0.0
593582,0.0
593583,0.0
593584,0.0
593585,0.0
593586,0.0
593587,0.0
593588,0.0
593589,0.0
593590,0.0
593591,0.0
593592,0.0
593593,0.0
593594,0.0
593595,0.0
593596,0.0
593597,0.0
593598,0.0
593599,0.0
593600,0.0
593601,0.0
593602,0.0
593603,0.0
593604,0.0
593605,0.0
593606,0.0
593607,0.0
593608,0.0
593609,0.0
593610,0.0
593611,0.0
593612,0.0
593613,0.0
593614,0.0
593615,0.0
593616,0.0
593617,0.0
593618,0.0
593619,0.0
593620,0.0
593621,0.0
593622,0.0
593623,0.0
593624,0.0
593625,0.0
593626,0.0
593627,0.0
593628,0.0
593629,0.0
593630,0.0
593631,0.0
593632,0.0
593633,0.0
593634,0.0
593635,0.0
593636,0.0
593637,0.0
593638,0.0
593639,0.0
593640,0.0
593641,0.0
593642,0.0
593643,0.0
593644,0.0
593645,0.0
593646,0.0
593647,0.0
593648,0.0
593649,1.0868732e-12
593650,0.0
593651,0.0
593652,0.0
593653,0.0
593654,0.0
593655,0.0
593656,0.0
593657,0.0
593658,0.0
593659,0.0
593660,0.0
593661,0.0
593662,0.0
593663,0.0
593664,0.0
593665,0.0
593666,0.0
593667,0.0
593668,0.0
593669,0.0
593670,0.0
593671,0.0
593672,0.0
593673,0.0
593674,0.0
593675,0.0
593676,0.0
593677,0.0
593678,0.0
593679,0.0
593680,0.0
593681,0.0
593682,0.0
593683,0.0
593684,0.0
593685,0.0
593686,0.0
593687,0.0
593688,0.0
593689,0.0
593690,0.0
593691,0.0
593692,0.0
593693,0.0
593694,0.0
593695,0.0
593696,0.0
593697,0.0
593698,0.0
593699,0.0
593700,0.0
593701,0.0
593702,0.0
593703,0.0
593704,0.0
593705,0.0
593706,0.0
593707,0.0
593708,0.0
593709,0.0
593710,0.0
593711,0.0
593712,0.0
593713,0.0
593714,0.0
593715,0.0
593716,0.0
593717,0.0
593718,0.0
593719,0.0
593720,0.0
593721,0.0
593722,0.0
593723,0.0
593724,0.0
593725,0.0
593726,0.0
593727,0.0
593728,0.0
593729,0.0
593730,0.0
593731,0.0
593732,0.0
593733,0.0
593734,0.0
593735,0.0
593736,0.0
593737,0.0
593738,0.0
593739,0.0
593740,0.0
593741,0.0
593742,0.0
593743,0.0
593744,0.0
593745,0.0
593746,0.0
593747,0.0
593748,1.3923308e-21
593749,0.0
593750,0.0
593751,0.0
593752,0.0
593753,0.0
593754,0.0
593755,0.0
593756,0.0
593757,0.0
593758,0.0
593759,0.0
593760,0.0
593761,0.0
593762,0.0
593763,0.0
593764,0.0
593765,0.0
593766,0.0
593767,0.0
593768,0.0
593769,0.0
593770,0.0
593771,0.0
593772,0.0
593773,0.0
593774,0.0
593775,0.0
593776,0.0
593777,0.0
593778,0.0
593779,0.0
593780,0.0
593781,0.0
593782,0.0
593783,0.0
593784,0.0
593785,0.0
593786,0.0
593787,0.0
593788,0.0
593789,3.033699e-16
593790,0.0
593791,0.0
593792,0.0
593793,0.0
593794,0.0
593795,0.0
593796,0.0
593797,0.0
593798,0.0
593799,0.0
593800,0.0
593801,0.0
593802,0.0
593803,0.0
593804,0.0
593805,0.0
593806,0.0
593807,0.0
593808,0.0
593809,0.0
593810,0.0
593811,0.0
593812,0.0
593813,0.0
593814,0.0
593815,0.0
593816,0.0
593817,0.0
593818,0.0
593819,0.0
593820,0.0
593821,0.0
593822,0.0
593823,0.0
593824,0.0
593825,0.0
593826,0.0
593827,0.0
593828,0.0
593829,0.0
593830,0.0
593831,0.0
593832,0.0
593833,0.0
593834,0.0
593835,0.0
593836,0.0
593837,0.0
593838,0.0
593839,0.0
593840,0.0
593841,0.0
593842,0.0
593843,0.0
593844,0.0
593845,0.0
593846,0.0
593847,0.0
593848,0.0
593849,0.0
593850,0.0
593851,0.0
593852,0.0
593853,0.0
593854,0.0
593855,0.0
593856,0.0
593857,0.0
593858,0.0
593859,0.0
593860,0.0
593861,0.0
593862,0.0
593863,0.0
593864,0.0
593865,0.0
593866,0.0
593867,0.0
593868,0.0
593869,0.0
593870,0.0
593871,0.0
593872,0.0
593873,0.0
593874,0.0
593875,0.0
593876,0.0
593877,0.0
593878,0.0
593879,0.0
593880,0.0
593881,0.0
593882,0.0
593883,0.0
593884,0.0
593885,0.0
593886,0.0
593887,0.0
593888,0.0
593889,0.0
593890,0.0
593891,0.0
593892,0.0
593893,0.0
593894,0.0
593895,0.0
593896,0.0
593897,0.0
593898,0.0
593899,0.0
593900,0.0
593901,0.0
593902,0.0
593903,0.0
593904,0.0
593905,0.0
593906,0.0
593907,0.0
593908,0.0
593909,0.0
593910,0.0
593911,0.0
593912,0.0
593913,0.0
593914,0.0
593915,0.0
593916,0.0
593917,0.0
593918,0.0
593919,0.0
593920,0.0
593921,0.0
593922,0.0
593923,0.0
593924,0.0
593925,0.0
593926,0.0
593927,0.0
593928,0.0
593929,0.0
593930,0.0
593931,0.0
593932,0.0
593933,0.0
593934,0.0
593935,0.0
593936,0.0
593937,0.0
593938,0.0
593939,0.0
593940,0.0
593941,0.0
593942,0.0
593943,0.0
593944,0.0
593945,0.0
593946,0.0
593947,0.0
593948,0.0
593949,0.0
593950,0.0
593951,0.0
593952,0.0
593953,0.0
593954,0.0
593955,0.0
593956,0.0
593957,0.0
593958,0.0
593959,0.0
593960,0.0
593961,0.0
593962,0.0
593963,0.0
593964,0.0
593965,0.0
593966,0.0
593967,0.0
593968,0.0
593969,0.0
593970,0.0
593971,0.0
593972,0.0
593973,0.0
593974,0.0
593975,0.0
593976,0.0
593977,0.0
593978,0.0
593979,0.0
593980,0.0
593981,0.0
593982,0.0
593983,0.0
593984,0.0
593985,0.0
593986,0.0
593987,0.0
593988,0.0
593989,0.0
593990,0.0
593991,0.0
593992,0.0
593993,0.0
593994,0.0
593995,0.0
593996,0.0
593997,0.0
593998,0.0
593999,0.0
594000,0.0
594001,0.0
594002,0.0
594003,0.0
594004,0.0
594005,0.0
594006,0.0
594007,0.0
594008,0.0
594009,0.0
594010,0.0
594011,0.0
594012,0.0
594013,0.0
594014,0.0
594015,0.0
594016,0.0
594017,0.0
594018,0.0
594019,0.0
594020,0.0
594021,0.0
594022,0.0
594023,0.0
594024,0.0
594025,0.0
594026,0.0
594027,0.0
594028,0.0
594029,0.0
594030,0.0
594031,0.0
594032,0.0
594033,0.0
594034,0.0
594035,0.0
594036,0.0
594037,0.0
594038,0.0
594039,0.0
594040,0.0
594041,0.0
594042,0.0
594043,0.0
594044,0.0
594045,0.0
594046,0.0
594047,0.0
594048,0.0
594049,0.0
594050,0.0
594051,0.0
594052,0.0
594053,0.0
594054,0.0
594055,0.0
594056,0.0
594057,0.0
594058,0.0
594059,0.0
594060,0.0
594061,0.0
594062,0.0
594063,0.0
594064,0.0
594065,0.0
594066,0.0
594067,0.0
594068,0.0
594069,0.0
594070,0.0
594071,0.0
594072,0.0
594073,0.0
594074,0.0
594075,0.0
594076,0.0
594077,0.0
594078,0.0
594079,0.0
594080,0.0
594081,0.0
594082,0.0
594083,0.0
594084,0.0
594085,0.0
594086,0.0
594087,0.0
594088,0.0
594089,0.0
594090,0.0
594091,0.0
594092,0.0
594093,0.0
594094,0.0
594095,0.0
594096,0.0
594097,0.0
594098,0.0
594099,0.0
594100,0.0
594101,0.0
594102,0.0
594103,0.0
594104,0.0
594105,0.0
594106,0.0
594107,0.0
594108,2.6757617e-22
594109,0.0
594110,0.0
594111,0.0
594112,0.0
594113,0.0
594114,0.0
594115,0.0
594116,0.0
594117,0.0
594118,0.0
594119,0.0
594120,0.0
594121,0.0
594122,0.0
594123,0.0
594124,0.0
594125,0.0
594126,0.0
594127,0.0
594128,0.0
594129,0.0
594130,0.0
594131,0.0
594132,0.0
594133,0.0
594134,0.0
594135,0.0
594136,0.0
594137,0.0
594138,0.0
594139,0.0
594140,0.0
594141,0.0
594142,0.0
594143,0.0
594144,0.0
594145,0.0
594146,0.0
594147,0.0
594148,0.0
594149,0.0
594150,0.0
594151,0.0
594152,0.0
594153,0.0
594154,0.0
594155,0.0
594156,0.0
594157,0.0
594158,0.0
594159,0.0
594160,0.0
594161,0.0
594162,0.0
594163,0.0
594164,0.0
594165,0.0
594166,0.0
594167,0.0
594168,0.0
594169,0.0
594170,0.0
594171,0.0
594172,0.0
594173,0.0
594174,0.0
594175,0.0
594176,0.0
594177,0.0
594178,0.0
594179,0.0
594180,0.0
594181,0.0
594182,0.0
594183,0.0
594184,0.0
594185,0.0
594186,0.0
594187,0.0
594188,0.0
594189,0.0
594190,0.0
594191,0.0
594192,0.0
594193,0.0
594194,0.0
594195,0.0
594196,0.0
594197,0.0
594198,0.0
594199,0.0
594200,3.262788e-24
594201,0.0
594202,0.0
594203,0.0
594204,0.0
594205,0.0
594206,0.0
594207,0.0
594208,0.0
594209,0.0
594210,0.0
594211,0.0
594212,0.0
594213,0.0
594214,0.0
594215,0.0
594216,0.0
594217,0.0
594218,0.0
594219,0.0
594220,0.0
594221,0.0
594222,0.0
594223,0.0
594224,0.0
594225,0.0
594226,0.0
594227,0.0
594228,0.0
594229,0.0
594230,0.0
594231,0.0
594232,0.0
594233,2.660281e-30
594234,0.0
594235,0.0
594236,0.0
594237,0.0
594238,0.0
594239,0.0
594240,0.0
594241,0.0
594242,0.0
594243,0.0
594244,0.0
594245,0.0
594246,0.0
594247,0.0
594248,0.0
594249,0.0
594250,0.0
594251,0.0
594252,0.0
594253,0.0
594254,0.0
594255,0.0
594256,0.0
594257,0.0
594258,0.0
594259,0.0
594260,0.0
594261,0.0
594262,0.0
594263,0.0
594264,0.0
594265,0.0
594266,0.0
594267,0.0
594268,0.0
594269,0.0
594270,0.0
594271,0.0
594272,0.0
594273,0.0
594274,0.0
594275,0.0
594276,0.0
594277,0.0
594278,0.0
594279,0.0
594280,0.0
594281,0.0
594282,0.0
594283,0.0
594284,0.0
594285,0.0
594286,0.0
594287,0.0
594288,0.0
594289,0.0
594290,0.0
594291,0.0
594292,0.0
594293,0.0
594294,0.0
594295,0.0
594296,0.0
594297,0.0
594298,0.0
594299,0.0
594300,0.0
594301,0.0
594302,0.0
594303,0.0
594304,0.0
594305,0.0
594306,0.0
594307,0.0
594308,0.0
594309,0.0
594310,0.0
594311,0.0
594312,0.0
594313,0.0
594314,0.0
594315,0.0
594316,0.0
594317,0.0
594318,0.0
594319,0.0
594320,0.0
594321,0.0
594322,0.0
594323,0.0
594324,0.0
594325,0.0
594326,0.0
594327,0.0
594328,0.0
594329,0.0
594330,0.0
594331,0.0
594332,0.0
594333,0.0
594334,0.0
594335,0.0
594336,0.0
594337,0.0
594338,0.0
594339,0.0
594340,0.0
594341,0.0
594342,0.0
594343,0.0
594344,0.0
594345,0.0
594346,0.0
594347,0.0
594348,0.0
594349,0.0
594350,0.0
594351,0.0
594352,0.0
594353,0.0
594354,0.0
594355,0.0
594356,0.0
594357,0.0
594358,0.0
594359,0.0
594360,0.0
594361,0.0
594362,0.0
594363,0.0
594364,0.0
594365,0.0
594366,0.0
594367,0.0
594368,0.0
594369,0.0
594370,0.0
594371,0.0
594372,0.0
594373,0.0
594374,0.0
594375,0.0
594376,0.0
594377,0.0
594378,0.0
594379,0.0
594380,0.05475023
594381,0.0
594382,0.0
594383,0.0
594384,0.0
594385,0.0
594386,0.0
594387,0.0
594388,0.0
594389,0.0
594390,0.0
594391,0.0
594392,0.0
594393,0.0
594394,0.0
594395,0.0
594396,0.0
594397,0.0
594398,0.0
594399,0.0
594400,0.0
594401,0.0
594402,0.0
594403,0.0
594404,0.0
594405,0.0
594406,0.0
594407,0.0
594408,0.0
594409,0.0
594410,0.0
594411,0.0
594412,0.0
594413,0.0
594414,0.0
594415,0.0
594416,0.0
594417,0.0
594418,0.0
594419,0.0
594420,0.0
594421,0.0
594422,0.0
594423,0.0
594424,0.0
594425,0.0
594426,0.0
594427,0.0
594428,0.0
594429,0.0
594430,0.0
594431,0.0
594432,0.0
594433,0.0
594434,0.0
594435,0.0
594436,0.0
594437,0.0
594438,0.0
594439,0.0
594440,0.0
594441,0.0
594442,0.0
594443,0.0
594444,0.0
594445,0.0
594446,0.0
594447,0.0
594448,0.0
594449,0.0
594450,0.0
594451,0.0
594452,0.0
594453,0.0
594454,0.0
594455,0.0
594456,0.0
594457,0.0
594458,0.0
594459,0.0
594460,0.0
594461,0.0
594462,0.0
594463,0.0
594464,0.0
594465,0.0
594466,0.0
594467,0.0
594468,0.15955733
594469,0.0
594470,0.0
594471,0.0
594472,0.0
594473,0.0
594474,0.0
594475,0.0
594476,0.0
594477,0.0
594478,0.0
594479,0.0
594480,0.0
594481,0.0
594482,0.0
594483,0.0
594484,0.0
594485,0.0
594486,0.0
594487,0.0
594488,0.0
594489,0.0
594490,0.0
594491,0.0
594492,0.0
594493,0.0
594494,0.0
594495,0.0
594496,0.0
594497,0.0
594498,0.0
594499,0.0
594500,0.0
594501,0.0
594502,0.0
594503,0.0
594504,0.0
594505,0.0
594506,0.0
594507,0.0
594508,0.0
594509,0.0
594510,0.0
594511,0.0
594512,0.0
594513,0.0
594514,1.2566165e-25
594515,0.0
594516,0.0
594517,0.0
594518,0.0
594519,0.0
594520,0.0
594521,0.0
594522,0.0
594523,0.0
594524,0.0
594525,0.0
594526,0.0
594527,0.0
594528,0.0
594529,0.0
594530,0.0
594531,0.0
594532,0.0
594533,0.0
594534,0.0
594535,0.0
594536,0.0
594537,0.0
594538,0.0
594539,0.0
594540,0.0
594541,0.0
594542,0.0
594543,0.0
594544,0.0
594545,0.0
594546,0.0
594547,0.0
594548,0.0
594549,0.0
594550,0.0
594551,0.0
594552,0.0
594553,0.0
594554,0.0
594555,0.0
594556,0.0
594557,0.0
594558,0.0
594559,0.0
594560,0.0
594561,0.0
594562,0.0
594563,0.0
594564,0.0
594565,0.0
594566,0.0
594567,0.0
594568,0.0
594569,0.0
594570,0.0
594571,0.0
594572,0.0
594573,0.0
594574,0.0
594575,0.0
594576,0.0
594577,0.0
594578,0.0
594579,0.0
594580,0.0
594581,0.0
594582,0.0
594583,0.36242384
594584,0.0
594585,0.0
594586,0.0
594587,0.0
594588,0.0
594589,0.0
594590,0.0
594591,0.0
594592,0.0
594593,0.0
594594,0.0
594595,0.0
594596,0.0
594597,0.0
594598,0.0
594599,0.0
594600,0.0
594601,0.0
594602,0.0
594603,0.0
594604,0.0
594605,0.0
594606,0.0
594607,0.0
594608,0.0
594609,0.0
594610,0.0
594611,0.0
594612,0.0
594613,0.0
594614,0.0
594615,0.0
594616,0.0
594617,0.0
594618,0.0
594619,0.0
594620,0.0
594621,0.0
594622,0.0
594623,0.0
594624,0.0
594625,0.0
594626,0.0
594627,0.0
594628,0.0
594629,0.0
594630,0.0
594631,0.0
594632,0.0
594633,0.0
594634,0.0
594635,0.0
594636,0.0
594637,0.0
594638,0.0
594639,0.0
594640,0.0
594641,0.0
594642,0.0
594643,0.0
594644,0.0
594645,0.0
594646,0.0
594647,0.0
594648,0.0
594649,0.0
594650,0.0
594651,0.0
594652,0.0
594653,0.0
594654,0.0
594655,0.0
594656,0.0
594657,0.0
594658,0.0
594659,0.0
594660,0.0
594661,0.0
594662,0.0
594663,0.0
594664,0.0
594665,0.0
594666,0.0
594667,0.0
594668,0.0
594669,0.0
594670,0.0
594671,0.0
594672,0.0
594673,0.0
594674,1.9199042e-37
594675,0.0
594676,0.0
594677,0.0
594678,2.5773103e-16
594679,0.0
594680,0.0
594681,0.0
594682,0.0
594683,0.0
594684,0.0
594685,0.0
594686,0.0
594687,0.0
594688,0.0
594689,0.0
594690,0.0
594691,0.0
594692,0.0
594693,0.0
594694,0.0
594695,0.0
594696,0.0
594697,0.0
594698,0.0
594699,0.0
594700,0.0
594701,0.0
594702,0.0
594703,0.0
594704,0.0
594705,0.0
594706,0.0
594707,0.0
594708,0.0
594709,0.0
594710,0.0
594711,0.0
594712,0.0
594713,0.0
594714,0.0
594715,0.0
594716,0.0
594717,0.0
594718,0.0
594719,0.0
594720,0.0
594721,0.0
594722,0.0
594723,0.0
594724,0.0
594725,0.0
594726,0.0
594727,0.0
594728,0.0
594729,0.0
594730,0.0
594731,0.0
594732,0.0
594733,0.0
594734,0.0
594735,0.0
594736,0.0
594737,0.0
594738,0.0
594739,0.0
594740,0.0
594741,0.0
594742,0.0
594743,0.0
594744,0.0
594745,0.0
594746,0.0
594747,0.0
594748,0.0
594749,0.0
594750,0.0
594751,0.0
594752,0.0
594753,0.0
594754,0.0
594755,0.0
594756,0.0
594757,0.0
594758,0.0
594759,0.0
594760,0.0
594761,0.0
594762,0.0
594763,0.0
594764,0.0
594765,0.0
594766,0.0
594767,0.0
594768,0.0
594769,0.0
594770,0.0
594771,0.0
594772,0.0
594773,0.0
594774,0.0
594775,0.0
594776,0.0
594777,0.0
594778,0.0
594779,0.0
594780,0.0
594781,0.0
594782,0.0
594783,0.0
594784,0.0
594785,0.0
594786,0.0
594787,0.0
594788,0.0
594789,0.0
594790,0.0
594791,0.0
594792,0.0
594793,0.0
594794,0.0
594795,0.0
594796,0.0
594797,0.0
594798,0.0
594799,0.0
594800,0.0
594801,0.0
594802,0.0
594803,0.0
594804,0.0
594805,0.0
594806,0.0
594807,0.0
594808,0.0
594809,0.0
594810,0.0
594811,0.0
594812,0.0
594813,0.0
594814,0.0
594815,0.0
594816,0.0
594817,0.0
594818,0.0
594819,0.0
594820,0.0
594821,0.0
594822,0.0
594823,0.0
594824,0.0
594825,0.0
594826,0.0
594827,0.0
594828,0.0
594829,0.0
594830,0.0
594831,0.0
594832,0.0
594833,0.0
594834,0.0
594835,0.0
594836,0.0
594837,0.0
594838,0.0
594839,0.0
594840,0.0
594841,0.0
594842,0.0
594843,4.1954845e-24
594844,0.0
594845,0.0
594846,0.0
594847,0.0
594848,0.0
594849,0.0
594850,0.0
594851,0.0
594852,0.0
594853,0.0
594854,0.0
594855,0.0
594856,0.0
594857,0.0
594858,0.0
594859,0.0
594860,0.0
594861,0.0
594862,0.0
594863,0.0
594864,0.0
594865,0.0
594866,0.0
594867,0.0
594868,0.0
594869,0.0
594870,0.0
594871,0.0
594872,0.0
594873,0.0
594874,0.0
594875,0.0
594876,0.0
594877,0.0
594878,0.0
594879,0.0
594880,0.0
594881,0.0
594882,0.0
594883,0.0
594884,0.0
594885,0.0
594886,0.0
594887,0.0
594888,0.0
594889,0.0
594890,0.0
594891,0.0
594892,0.0
594893,0.0
594894,0.0
594895,0.0
594896,0.0
594897,0.0
594898,0.0
594899,0.0
594900,0.0
594901,0.0
594902,0.0
594903,0.0
594904,0.0
594905,0.0
594906,0.0
594907,0.0
594908,0.0
594909,0.0
594910,0.0
594911,0.0
594912,0.0
594913,0.0
594914,0.0
594915,0.0
594916,0.0
594917,0.0
594918,0.0
594919,0.0
594920,0.0
594921,0.0
594922,0.0
594923,0.0
594924,0.0
594925,0.0
594926,0.0
594927,0.0
594928,0.0
594929,0.0
594930,0.0
594931,1.4761106e-10
594932,0.0
594933,0.0
594934,0.0
594935,0.0
594936,0.0
594937,0.0
594938,0.0
594939,0.0
594940,0.0
594941,0.0
594942,0.0
594943,0.0
594944,0.0
594945,0.0
594946,0.0
594947,0.0
594948,0.0
594949,0.0
594950,0.0
594951,0.0
594952,0.0
594953,0.0
594954,0.0
594955,0.0
594956,0.0
594957,0.0
594958,0.0
594959,0.0
594960,0.0
594961,0.0
594962,0.0
594963,0.0
594964,0.0
594965,0.0
594966,0.0
594967,0.0
594968,0.0
594969,0.0
594970,0.0
594971,0.0
594972,0.0
594973,0.0
594974,0.0
594975,0.0
594976,0.0
594977,0.0
594978,0.0
594979,0.0
594980,0.0
594981,0.0
594982,0.0
594983,0.0
594984,0.0
594985,0.0
594986,0.0
594987,0.0
594988,0.0
594989,0.0
594990,0.0
594991,0.0
594992,0.0
594993,0.0
594994,0.0
594995,0.0
594996,0.0
594997,3.783021e-33
594998,0.0
594999,0.0
595000,0.0
595001,0.0
595002,0.0
595003,0.0
595004,0.0
595005,0.0
595006,0.0
595007,0.0
595008,0.0
595009,0.0
595010,0.0
595011,0.0
595012,0.0
595013,0.0
595014,0.0
595015,0.0
595016,0.0
595017,0.0
595018,0.0
595019,0.0
595020,0.0
595021,0.0
595022,0.0
595023,0.0
595024,0.0
595025,0.0
595026,0.0
595027,0.0
595028,0.0
595029,0.0
595030,0.0
595031,0.0
595032,0.0
595033,0.0
595034,0.0
595035,0.0
595036,0.0
595037,0.0
595038,0.0
595039,0.0
595040,0.0
595041,0.0
595042,0.0
595043,0.0
595044,0.0
595045,0.0
595046,0.0
595047,0.0
595048,0.0
595049,0.0
595050,0.0
595051,0.0
595052,0.0
595053,0.0
595054,0.0
595055,0.0
595056,0.0
595057,0.0
595058,0.0
595059,0.0
595060,0.0
595061,0.0
595062,0.0
595063,0.0
595064,0.0
595065,0.0
595066,0.0
595067,0.0
595068,0.0
595069,0.0
595070,0.0
595071,0.0
595072,0.0
595073,0.0
595074,0.0
595075,0.0
595076,0.0
595077,0.0
595078,0.0
595079,0.0
595080,0.0
595081,0.0
595082,0.0
595083,0.0
595084,0.0
595085,0.0
595086,0.0
595087,0.0
595088,0.0
595089,0.0
595090,0.0
595091,0.0
595092,0.0
595093,0.0
595094,0.0
595095,0.0
595096,0.0
595097,0.0
595098,0.0
595099,0.0
595100,0.0
595101,0.0
595102,0.0
595103,0.0
595104,0.0
595105,0.0
595106,0.0
595107,0.0
595108,0.0
595109,0.0
595110,0.0
595111,0.0
595112,0.0
595113,0.0
595114,0.0
595115,0.0
595116,0.0
595117,0.0
595118,0.0
595119,0.0
595120,0.0
595121,0.0
595122,0.0
595123,0.0
595124,0.0
595125,0.0
595126,0.0
595127,0.0
595128,0.0
595129,0.0
595130,0.0
595131,0.0
595132,0.0
595133,0.0
595134,0.0
595135,0.0
595136,0.0
595137,0.0
595138,0.0
595139,0.0
595140,0.0
595141,0.0
595142,0.0
595143,0.0
595144,0.0
595145,0.0
595146,0.0
595147,0.0
595148,0.0
595149,0.0
595150,0.0
595151,0.0
595152,0.0
595153,0.0
595154,0.0
595155,0.0
595156,0.0
595157,0.0
595158,0.0
595159,0.0
595160,0.0
595161,0.0
595162,0.0
595163,0.0
595164,0.0
595165,0.0
595166,0.0
595167,0.0
595168,0.0
595169,0.0
595170,0.0
595171,0.0
595172,0.0
595173,0.0
595174,0.0
595175,0.0
595176,0.0
595177,0.0
595178,0.0
595179,0.0
595180,0.0
595181,0.0
595182,0.0
595183,0.0
595184,0.0
595185,0.0
595186,0.0
595187,0.0
595188,0.0
595189,0.0
595190,0.0
595191,0.0
595192,0.0
595193,0.0
595194,0.0
595195,0.0
595196,0.0
595197,0.0
595198,0.0
595199,0.0
595200,0.0
595201,0.0
595202,0.0
595203,0.0
595204,0.0
595205,0.0
595206,0.0
595207,0.0
595208,0.0
595209,0.0
595210,0.0
595211,0.0
595212,0.0
595213,0.0
595214,0.0
595215,0.0
595216,0.0
595217,0.0
595218,0.0
595219,0.0
595220,0.0
595221,0.0
595222,0.0
595223,0.0
595224,0.0
595225,0.0
595226,0.0
595227,0.0
595228,0.0
595229,0.0
595230,0.0
595231,0.0
595232,0.0
595233,0.0
595234,0.0
595235,0.0
595236,0.0
595237,1.9341859e-31
595238,0.0
595239,0.0
595240,0.0
595241,0.0
595242,0.0
595243,0.0
595244,0.0
595245,0.0
595246,0.0
595247,0.0
595248,0.0
595249,0.0
595250,0.0
595251,0.0
595252,0.0
595253,0.0
595254,0.0
595255,0.0
595256,0.0
595257,0.0
595258,0.0
595259,0.0
595260,0.0
595261,0.0
595262,0.0
595263,0.0
595264,0.0
595265,0.0
595266,0.0
595267,0.0
595268,0.0
595269,0.0
595270,0.0
595271,0.0
595272,0.0
595273,0.0
595274,0.0
595275,0.0
595276,0.0
595277,0.0
595278,0.0
595279,0.0
595280,0.0
595281,0.0
595282,0.0
595283,0.0
595284,0.0
595285,0.0
595286,0.0
595287,0.0
595288,0.0
595289,0.0
595290,0.0
595291,0.0
595292,0.0
595293,0.0
595294,0.0
595295,0.0
595296,0.0
595297,0.0
595298,0.0
595299,0.0
595300,0.0
595301,0.0
595302,0.0
595303,0.0
595304,0.0
595305,0.0
595306,0.0
595307,0.0
595308,0.0
595309,0.0
595310,0.0
595311,0.0
595312,0.0
595313,0.0
595314,0.0
595315,0.0
595316,0.0
595317,0.0
595318,0.0
595319,0.0
595320,0.0
595321,0.0
595322,0.0
595323,0.0
595324,0.0
595325,0.0
595326,0.0
595327,0.0
595328,0.0
595329,0.0
595330,0.0
595331,0.0
595332,0.0
595333,0.0
595334,0.0
595335,0.0
595336,0.0
595337,0.0
595338,0.0
595339,0.0
595340,0.0
595341,0.0
595342,0.0
595343,0.0
595344,0.0
595345,0.0
595346,0.0
595347,0.0
595348,0.0
595349,0.0
595350,0.0
595351,0.0
595352,0.0
595353,0.0
595354,0.0
595355,0.0
595356,0.0
595357,0.0
595358,0.0
595359,0.0
595360,0.0
595361,0.0
595362,0.0
595363,0.0
595364,0.0
595365,0.0
595366,0.0
595367,0.0
595368,0.0
595369,0.0
595370,0.0
595371,0.0
595372,0.0
595373,0.0
595374,0.0
595375,0.0
595376,0.0
595377,0.0
595378,0.0
595379,0.0
595380,0.0
595381,0.0
595382,0.0
595383,0.0
595384,0.0
595385,0.0
595386,0.0
595387,0.0
595388,0.0
595389,0.0
595390,0.0
595391,0.0
595392,0.0
595393,0.0
595394,0.0
595395,0.0
595396,0.0
595397,0.0
595398,0.0
595399,0.0
595400,0.0
595401,0.0
595402,0.0
595403,0.0
595404,0.0
595405,0.0
595406,0.0
595407,0.0
595408,0.0
595409,0.0
595410,0.0
595411,0.0
595412,0.0
595413,0.0
595414,0.0
595415,0.0
595416,0.0
595417,0.0
595418,0.0
595419,4.3375422e-07
595420,0.0
595421,0.0
595422,0.0
595423,0.0
595424,0.0
595425,0.0
595426,0.0
595427,0.0
595428,0.0
595429,0.0
595430,0.0
595431,0.0
595432,0.0
595433,0.0
595434,0.0
595435,0.0
595436,0.0
595437,0.0
595438,0.0
595439,0.0
595440,0.0
595441,0.0
595442,0.0
595443,0.0
595444,0.0
595445,0.0
595446,0.0
595447,0.0
595448,0.0
595449,0.0
595450,0.0
595451,0.0
595452,0.0
595453,0.0
595454,0.0
595455,0.0
595456,0.0
595457,0.0
595458,0.0
595459,0.0
595460,0.0
595461,0.0
595462,0.0
595463,0.0
595464,0.0
595465,0.0
595466,0.0
595467,0.0
595468,0.0
595469,0.0
595470,0.0
595471,0.0
595472,0.0
595473,0.0
595474,0.0
595475,0.0
595476,0.0
595477,0.0
595478,0.0
595479,0.0
595480,0.0
595481,0.0
595482,0.0
595483,0.0
595484,0.0
595485,0.0
595486,0.0
595487,0.0
595488,0.0
595489,0.0
595490,0.0
595491,0.0
595492,0.0
595493,0.0
595494,0.0
595495,0.0
595496,0.0
595497,0.0
595498,0.0
595499,0.0
595500,0.0
595501,0.0
595502,0.0
595503,0.0
595504,0.0
595505,0.0
595506,0.0
595507,0.0
595508,0.0
595509,0.0
595510,0.0
595511,0.0
595512,0.0
595513,0.0
595514,0.0
595515,0.0
595516,0.0
595517,0.0
595518,0.0
595519,0.0
595520,0.0
595521,0.0
595522,0.0
595523,0.0
595524,0.0
595525,0.0
595526,0.0
595527,0.0
595528,0.0
595529,0.0
595530,0.0
595531,0.0
595532,0.0
595533,0.0
595534,0.0
595535,0.0
595536,0.0
595537,0.0
595538,0.0
595539,0.0
595540,0.0
595541,0.0
595542,0.0
595543,0.0
595544,0.0
595545,0.0
595546,0.0
595547,0.0
595548,0.0
595549,0.0
595550,0.0
595551,0.0
595552,0.0
595553,0.0
595554,0.0
595555,0.0
595556,0.0
595557,0.0
595558,0.0
595559,0.00038911245
595560,0.0
595561,0.0
595562,0.0
595563,0.0
595564,0.0
595565,0.0
595566,0.0
595567,0.0
595568,0.0
595569,0.0
595570,0.0
595571,0.0
595572,0.0
595573,0.0
595574,0.0
595575,0.0
595576,0.0
595577,0.0
595578,0.0
595579,0.0
595580,0.0
595581,0.0
595582,0.0
595583,0.0
595584,0.0
595585,0.0
595586,0.0
595587,0.0
595588,0.0
595589,0.0
595590,0.0
595591,0.0
595592,0.0
595593,0.0
595594,0.0
595595,0.0
595596,0.0
595597,0.0
595598,0.0
595599,0.0
595600,0.0
595601,0.0
595602,0.0
595603,0.0
595604,0.0
595605,0.0
595606,0.0
595607,0.0
595608,0.0
595609,0.0
595610,0.0
595611,0.0
595612,0.0
595613,0.0
595614,0.0
595615,0.0
595616,0.0
595617,0.0
595618,0.0
595619,0.0
595620,0.0
595621,0.0
595622,0.0
595623,0.0
595624,0.0
595625,0.0
595626,0.0
595627,0.0
595628,0.0
595629,0.0
595630,0.0
595631,0.0
595632,0.0
595633,0.0
595634,0.0
595635,0.0
595636,0.0
595637,0.0
595638,0.0
595639,0.0
595640,0.0
595641,0.0
595642,0.0
595643,0.0
595644,0.0
595645,0.0
595646,0.0
595647,0.0
595648,0.0
595649,0.0
595650,0.0
595651,0.0
595652,0.0
595653,0.0
595654,0.0
595655,0.0
595656,0.0
595657,0.0
595658,0.0
595659,0.0
595660,0.0
595661,0.0
595662,0.0
595663,0.0
595664,0.0
595665,0.0
595666,0.0
595667,0.0
595668,0.0
595669,0.0
595670,0.0
595671,0.0
595672,0.0
595673,0.0
595674,0.0
595675,0.0
595676,0.0
595677,0.0
595678,0.0
595679,0.0
595680,0.0
595681,0.0
595682,0.0
595683,0.0
595684,0.0
595685,0.0
595686,0.0
595687,0.0
595688,0.0
595689,0.0
595690,0.0
595691,0.0
595692,0.0
595693,0.0
595694,0.0
595695,0.0
595696,0.0
595697,0.0
595698,0.0
595699,0.0
595700,0.0
595701,0.0
595702,0.0
595703,0.0
595704,0.0
595705,0.0
595706,0.0
595707,0.0
595708,0.0
595709,0.0
595710,0.0
595711,0.0
595712,0.0
595713,0.0
595714,0.0
595715,0.0
595716,0.0
595717,0.0
595718,0.0
595719,0.0
595720,0.0
595721,0.0
595722,0.0
595723,0.0
595724,0.0
595725,0.0
595726,0.0
595727,0.0
595728,0.0
595729,0.0
595730,0.0
595731,0.0
595732,0.0
595733,0.0
595734,0.0
595735,0.0
595736,0.0
595737,0.0
595738,0.0
595739,0.0
595740,0.0
595741,0.0
595742,0.0
595743,0.0
595744,0.0
595745,0.0
595746,0.0
595747,0.0
595748,0.0
595749,0.0
595750,0.0
595751,0.0
595752,0.0
595753,0.0
595754,0.0
595755,0.0
595756,0.0
595757,0.0
595758,0.0
595759,0.0
595760,0.0
595761,0.0
595762,0.0
595763,0.0
595764,0.0
595765,0.0
595766,0.0
595767,0.0
595768,0.0
595769,0.0
595770,0.0
595771,0.0
595772,0.0
595773,0.0
595774,0.0
595775,0.0
595776,0.0
595777,0.0
595778,0.0
595779,0.0
595780,0.0
595781,0.0
595782,0.0
595783,0.0
595784,0.0
595785,0.0
595786,0.0
595787,0.0
595788,0.0
595789,0.0
595790,0.0
595791,0.0
595792,0.0
595793,0.0
595794,0.0
595795,0.0
595796,0.0
595797,0.0
595798,0.0
595799,0.0
595800,0.0
595801,0.0
595802,0.0
595803,0.0
595804,0.0
595805,0.0
595806,0.0
595807,0.0
595808,0.0
595809,0.0
595810,0.0
595811,0.0
595812,0.0
595813,0.0
595814,0.0
595815,0.0
595816,0.0
595817,0.0
595818,0.0
595819,0.0
595820,0.0
595821,5.323375e-23
595822,0.0
595823,0.0
595824,0.0
595825,0.0
595826,0.0
595827,0.0
595828,0.0
595829,0.0
595830,0.0
595831,0.0
595832,0.0
595833,0.0
595834,0.0
595835,0.0
595836,0.0
595837,0.0
595838,0.0
595839,0.0
595840,0.0
595841,0.0
595842,0.0
595843,0.0
595844,0.0
595845,1.7517554e-05
595846,0.0
595847,0.0
595848,0.0
595849,0.0
595850,0.0
595851,0.0
595852,0.0
595853,0.0
595854,0.0
595855,0.0
595856,0.0
595857,0.0
595858,0.0
595859,0.0
595860,0.0
595861,0.0
595862,0.0
595863,0.0
595864,0.0
595865,0.0
595866,0.0
595867,0.0
595868,0.0
595869,0.0
595870,0.0
595871,0.0
595872,0.0
595873,6.225771e-30
595874,0.0
595875,0.0
595876,0.0
595877,0.0
595878,0.0
595879,0.0
595880,0.0
595881,0.0
595882,0.0
595883,0.0
595884,0.0
595885,0.0
595886,0.0
595887,0.0
595888,0.0
595889,0.0
595890,0.0
595891,0.0
595892,0.0
595893,0.0
595894,0.0
595895,0.0
595896,0.0
595897,0.0
595898,0.0
595899,0.0
595900,0.0
595901,0.0
595902,0.0
595903,0.0
595904,0.0
595905,0.0
595906,0.0
595907,0.0
595908,0.0
595909,0.0
595910,0.0
595911,0.0
595912,0.0
595913,0.0
595914,0.0
595915,0.0
595916,0.0
595917,0.0
595918,0.0
595919,0.0
595920,0.0
595921,0.0
595922,0.0
595923,0.0
595924,0.0
595925,0.0
595926,0.0
595927,0.0
595928,0.0
595929,0.0
595930,0.0
595931,0.0
595932,0.0
595933,0.0
595934,0.0
595935,0.0
595936,0.0
595937,0.0
595938,0.0
595939,0.0
595940,0.0
595941,0.0
595942,0.0
595943,1.1637851e-06
595944,0.0
595945,0.0
595946,0.0
595947,0.0
595948,0.0
595949,0.0
595950,0.0
595951,0.0
595952,0.0
595953,0.0
595954,0.0
595955,0.0
595956,0.0
595957,0.0
595958,0.0
595959,0.0
595960,0.0
595961,0.0
595962,0.0
595963,0.0
595964,0.0
595965,0.0
595966,0.0
595967,0.0
595968,0.0
595969,0.0
595970,0.0
595971,0.0
595972,0.0
595973,0.0
595974,0.0
595975,0.0
595976,0.0
595977,0.0
595978,0.0
595979,0.0
595980,0.0
595981,0.0
595982,0.0
595983,0.0
595984,0.0
595985,0.0
595986,0.0
595987,0.0
595988,0.0
595989,0.0
595990,0.0
595991,0.0
595992,0.0
595993,0.0
595994,0.0
595995,0.0
595996,0.0
595997,0.0
595998,0.0
595999,0.0
596000,0.0
596001,0.0
596002,0.0
596003,0.0
596004,0.0
596005,0.0
596006,0.0
596007,0.0
596008,0.0
596009,0.0
596010,0.0
596011,0.0
596012,0.0
596013,0.0
596014,0.0
596015,0.0
596016,0.0
596017,0.0
596018,0.0
596019,0.0
596020,0.0
596021,0.0
596022,0.0
596023,0.0
596024,0.0
596025,0.0
596026,0.0
596027,0.0
596028,0.0
596029,0.0
596030,3.568156e-30
596031,0.0
596032,0.0
596033,0.0
596034,0.0
596035,0.0
596036,0.0
596037,0.0
596038,0.0
596039,0.0
596040,0.0
596041,0.0
596042,0.0
596043,0.0
596044,0.0
596045,0.0
596046,0.0
596047,0.0
596048,0.0
596049,0.0
596050,0.0
596051,0.0
596052,0.0
596053,0.0
596054,0.0
596055,0.0
596056,0.0
596057,0.0
596058,0.0
596059,0.0
596060,0.0
596061,0.0
596062,0.0
596063,0.0
596064,0.0
596065,0.0
596066,0.0
596067,0.0
596068,0.0
596069,0.0
596070,0.0
596071,0.0
596072,0.0
596073,0.0
596074,0.0
596075,0.0
596076,0.0
596077,0.0
596078,0.0
596079,0.0
596080,0.0
596081,0.0
596082,0.0
596083,0.0
596084,0.0
596085,0.0
596086,0.0
596087,0.0
596088,0.0
596089,0.0
596090,0.0
596091,0.0
596092,0.0
596093,0.0
596094,0.0
596095,0.0
596096,0.0
596097,0.0
596098,0.0
596099,0.0
596100,0.0
596101,0.0
596102,0.0
596103,0.0
596104,0.0
596105,0.0
596106,0.0
596107,0.0
596108,0.0
596109,0.0
596110,0.0
596111,0.0
596112,0.0
596113,0.0
596114,0.0
596115,0.0
596116,0.0
596117,0.0
596118,0.0
596119,0.0
596120,0.0
596121,0.0
596122,0.0
596123,0.0
596124,0.0
596125,0.0
596126,0.0
596127,0.0
596128,0.0
596129,0.0
596130,0.0
596131,0.0
596132,0.0
596133,0.0
596134,0.0
596135,0.0
596136,0.0
596137,0.0
596138,2.2700495e-37
596139,0.0
596140,0.0
596141,0.0
596142,0.0
596143,0.0
596144,0.0
596145,0.0
596146,0.0
596147,0.0
596148,0.0
596149,0.0
596150,0.0
596151,0.0
596152,0.0
596153,0.0
596154,0.0
596155,0.0
596156,0.0
596157,0.0
596158,0.0
596159,0.0
596160,0.0
596161,0.0
596162,0.0
596163,0.0
596164,0.0
596165,0.0
596166,0.0
596167,0.0
596168,0.0
596169,0.0
596170,0.0
596171,0.0
596172,0.0
596173,0.0
596174,0.0
596175,0.0
596176,0.0
596177,0.0
596178,0.0
596179,0.0
596180,0.0
596181,0.0
596182,0.0
596183,0.0
596184,0.0
596185,0.0
596186,0.0
596187,0.0
596188,0.0
596189,0.0
596190,0.0
596191,0.0
596192,0.0
596193,0.0
596194,0.0
596195,0.0
596196,0.0
596197,0.0
596198,0.0
596199,0.0
596200,0.0
596201,0.0
596202,0.0
596203,0.0
596204,0.0
596205,0.0
596206,0.0
596207,0.0
596208,0.0
596209,0.0
596210,0.0
596211,0.0
596212,0.0
596213,0.0
596214,0.0
596215,0.0
596216,0.0
596217,0.0
596218,0.0
596219,0.0
596220,0.0
596221,0.0
596222,0.0
596223,0.0
596224,0.0
596225,0.0
596226,0.0
596227,0.0
596228,0.0
596229,0.0
596230,0.0
596231,0.0
596232,0.0
596233,0.0
596234,0.0
596235,0.0
596236,0.0
596237,0.0
596238,0.0
596239,0.0
596240,0.0
596241,0.0
596242,0.0
596243,0.0
596244,0.0
596245,0.0
596246,0.0
596247,0.0
596248,0.0
596249,0.0
596250,0.0
596251,8.9287635e-37
596252,0.0
596253,0.0
596254,0.0
596255,0.0
596256,0.0
596257,0.0
596258,0.0
596259,0.0
596260,0.0
596261,0.0
596262,0.0
596263,0.0
596264,0.0
596265,0.0
596266,0.0
596267,0.0
596268,0.0
596269,0.0
596270,0.0
596271,0.0
596272,0.0
596273,0.0
596274,0.0
596275,0.0
596276,0.0
596277,0.0
596278,0.0
596279,0.0
596280,0.0
596281,0.0
596282,0.0
596283,0.0
596284,0.0
596285,0.0
596286,0.0
596287,0.0
596288,0.0
596289,0.0
596290,0.0
596291,0.0
596292,0.0
596293,0.0
596294,0.0
596295,0.0
596296,0.0
596297,0.0
596298,0.0
596299,0.0
596300,0.0
596301,5.309359e-39
596302,0.0
596303,0.0
596304,0.0
596305,0.0
596306,0.0
596307,0.0
596308,0.0
596309,0.0
596310,0.0
596311,0.0
596312,0.0
596313,0.0
596314,0.0
596315,0.0
596316,0.0
596317,0.0
596318,0.0
596319,0.0
596320,0.0
596321,0.0
596322,0.0
596323,0.0
596324,0.0
596325,0.0
596326,0.0
596327,0.0
596328,0.0
596329,0.0
596330,0.0
596331,0.0
596332,0.0
596333,0.0
596334,0.0
596335,0.0
596336,0.0
596337,0.0
596338,0.0
596339,0.0
596340,0.0
596341,0.0
596342,1.6549023e-08
596343,0.0
596344,0.0
596345,0.0
596346,0.0
596347,0.0
596348,0.0
596349,0.0
596350,0.0
596351,0.0
596352,0.0
596353,0.0
596354,0.0
596355,0.0
596356,0.0
596357,0.0
596358,0.0
596359,0.0
596360,0.0
596361,0.0
596362,0.0
596363,0.0
596364,0.0
596365,0.0
596366,0.0
596367,0.0
596368,0.0
596369,0.0
596370,0.0
596371,0.0
596372,0.0
596373,0.0
596374,0.0
596375,0.0
596376,0.0
596377,0.0
596378,0.0
596379,0.0
596380,0.0
596381,0.0
596382,0.0
596383,0.0
596384,0.0
596385,0.0
596386,0.0
596387,0.0
596388,0.0
596389,0.0
596390,0.0
596391,0.0756773
596392,0.0
596393,0.0
596394,0.0
596395,0.0
596396,0.0
596397,0.0
596398,0.0
596399,0.0
596400,0.0
596401,0.0
596402,0.0
596403,0.0
596404,0.0
596405,0.0
596406,0.0
596407,0.0
596408,0.0
596409,0.0
596410,0.0
596411,0.0
596412,0.0
596413,0.0
596414,0.0
596415,0.0
596416,0.0
596417,0.0
596418,0.0
596419,0.0
596420,0.0
596421,0.0
596422,0.0
596423,0.0
596424,0.0
596425,0.0
596426,0.0
596427,0.0
596428,0.0
596429,0.0
596430,0.0
596431,0.0
596432,0.0
596433,0.0
596434,0.0
596435,5.2648386e-07
596436,0.002036706
596437,0.0
596438,0.0
596439,0.0
596440,0.0
596441,0.0
596442,0.0
596443,0.0
596444,0.0
596445,0.0
596446,0.0
596447,0.0
596448,0.0
596449,0.0
596450,0.0
596451,0.0
596452,0.0
596453,0.0
596454,0.0
596455,0.0
596456,0.0
596457,0.0
596458,0.0
596459,0.0
596460,0.0
596461,0.0
596462,0.0
596463,0.0
596464,0.0
596465,0.0
596466,0.0
596467,0.0
596468,0.0
596469,0.0
596470,0.0
596471,0.0
596472,0.0
596473,0.0
596474,0.0
596475,0.0
596476,0.0
596477,0.0
596478,0.0
596479,0.0
596480,0.0
596481,0.0
596482,0.0
596483,0.0
596484,0.0
596485,0.0
596486,0.0
596487,0.0
596488,0.0
596489,0.0
596490,0.0
596491,0.0
596492,0.0
596493,0.0
596494,0.0
596495,0.0011265525
596496,0.0
596497,0.0
596498,0.0
596499,0.0
596500,0.0
596501,0.0
596502,0.0
596503,0.0
596504,0.0
596505,0.0
596506,0.0
596507,0.0
596508,0.0
596509,0.0
596510,0.0
596511,0.0
596512,0.0
596513,0.0
596514,0.0
596515,0.0
596516,0.0
596517,0.0
596518,0.0
596519,0.0
596520,0.0
596521,0.0
596522,0.0
596523,0.0
596524,0.0
596525,0.0
596526,0.0
596527,0.0
596528,0.0
596529,0.0
596530,0.0
596531,0.0
596532,0.0
596533,0.0
596534,0.0
596535,0.0
596536,0.0
596537,0.0
596538,0.0
596539,0.0
596540,0.0
596541,0.0
596542,0.0
596543,0.0
596544,0.0
596545,0.0
596546,0.0
596547,0.0
596548,0.0
596549,0.0
596550,0.0
596551,0.0
596552,0.0
596553,0.0
596554,0.0
596555,0.0
596556,0.0
596557,0.0
596558,0.0
596559,0.0
596560,0.0
596561,0.0
596562,0.0
596563,0.0
596564,0.0
596565,0.0
596566,0.0
596567,0.0
596568,0.0
596569,0.0
596570,0.0
596571,0.0
596572,0.0
596573,0.0
596574,0.0
596575,0.0
596576,0.0
596577,0.0
596578,0.0
596579,0.0
596580,0.0
596581,0.0
596582,0.0
596583,0.0
596584,0.0
596585,0.0
596586,0.0
596587,0.0
596588,0.0
596589,0.0
596590,0.0
596591,0.0
596592,0.0
596593,0.0
596594,0.0
596595,0.0
596596,0.0
596597,0.0
596598,0.0
596599,0.0
596600,0.0
596601,0.0
596602,0.0
596603,0.0
596604,0.0
596605,0.0
596606,0.0
596607,0.0
596608,0.0
596609,0.0
596610,0.0
596611,0.0
596612,0.0
596613,0.0
596614,0.0
596615,0.0
596616,0.0
596617,0.0
596618,0.0
596619,0.0
596620,0.0
596621,0.0
596622,0.0
596623,0.0
596624,0.0
596625,0.0
596626,0.0
596627,0.0
596628,0.0
596629,0.0
596630,0.0
596631,0.0
596632,0.0
596633,0.0
596634,0.0
596635,0.0
596636,0.0
596637,0.0
596638,0.0
596639,0.0
596640,0.0
596641,0.0
596642,0.0
596643,0.0
596644,0.0
596645,0.0
596646,0.0
596647,0.0
596648,0.0
596649,6.6240275e-33
596650,0.0
596651,0.0
596652,0.0
596653,0.0
596654,0.0
596655,0.0
596656,0.0
596657,0.0
596658,0.0
596659,0.0
596660,0.0
596661,0.0
596662,0.0
596663,0.0
596664,0.0
596665,0.0
596666,0.0
596667,0.0
596668,0.0
596669,0.0
596670,0.0
596671,0.0
596672,0.0
596673,0.0
596674,0.0
596675,0.0
596676,0.0
596677,0.0
596678,0.0
596679,0.0
596680,0.0
596681,0.0
596682,0.0
596683,0.0
596684,0.0
596685,0.0
596686,0.0
596687,0.0
596688,0.36242384
596689,0.0
596690,0.0
596691,0.0
596692,0.0
596693,0.0
596694,0.0
596695,0.0
596696,0.0
596697,0.0
596698,0.0
596699,0.0
596700,0.0
596701,0.0
596702,0.0
596703,0.0
596704,0.0
596705,0.0
596706,0.0
596707,0.0
596708,0.0
596709,0.0
596710,0.0
596711,0.0
596712,0.0
596713,0.0
596714,0.0
596715,0.0
596716,0.0
596717,0.0
596718,0.0
596719,0.0
596720,0.0
596721,0.0
596722,0.0
596723,0.0
596724,0.0
596725,0.0
596726,0.0
596727,0.0
596728,0.0
596729,0.0
596730,0.0
596731,0.0
596732,0.0
596733,0.0
596734,0.0
596735,0.0
596736,0.0
596737,0.0
596738,0.0
596739,0.0
596740,0.0
596741,0.0
596742,0.0
596743,0.0
596744,0.0
596745,0.0
596746,0.0
596747,0.0
596748,0.0
596749,0.0
596750,0.0
596751,0.0
596752,0.0
596753,0.0
596754,0.0
596755,0.0
596756,0.0
596757,0.0
596758,0.0
596759,0.0
596760,0.0
596761,0.0
596762,0.0
596763,0.0
596764,2.7140175e-08
596765,0.0
596766,0.0
596767,0.0
596768,0.0
596769,0.0
596770,5.821225e-34
596771,0.0
596772,0.0
596773,0.0
596774,0.0
596775,0.0
596776,0.0
596777,0.0
596778,0.0
596779,0.0
596780,0.0
596781,0.0
596782,0.0
596783,0.0
596784,0.0
596785,0.0
596786,6.9268945e-26
596787,0.0
596788,0.0
596789,0.0
596790,0.0
596791,0.0
596792,0.0
596793,0.0
596794,0.0
596795,0.0
596796,0.0
596797,0.0
596798,0.0
596799,0.0
596800,0.0
596801,0.0
596802,0.0
596803,0.0
596804,0.0
596805,0.0
596806,0.0
596807,0.0
596808,0.0
596809,0.0
596810,0.0
596811,0.0
596812,0.0
596813,0.0
596814,0.0
596815,0.0
596816,0.0
596817,0.0
596818,0.0
596819,0.0
596820,0.0
596821,0.0
596822,0.0
596823,0.0
596824,0.0
596825,0.0
596826,0.0
596827,0.0
596828,0.0
596829,0.0
596830,0.0
596831,0.0
596832,0.0
596833,0.0
596834,0.0
596835,0.0
596836,1.24224874e-29
596837,0.0
596838,0.0
596839,0.0
596840,0.0
596841,0.0
596842,0.0
596843,0.0
596844,0.0
596845,0.0
596846,0.0
596847,0.0
596848,0.0
596849,0.0
596850,0.0
596851,0.0
596852,0.0
596853,0.0
596854,0.0
596855,0.0
596856,0.0
596857,0.0
596858,0.0
596859,0.0
596860,0.0
596861,0.0
596862,0.0
596863,0.0
596864,0.0
596865,0.0
596866,0.0
596867,0.0
596868,0.0
596869,0.0
596870,0.0
596871,0.0
596872,0.0
596873,0.0
596874,0.0
596875,0.0
596876,0.0
596877,0.0
596878,0.0
596879,0.0
596880,0.0
596881,0.0
596882,4.1113833e-33
596883,0.0
596884,0.0
596885,0.0
596886,0.0
596887,0.0
596888,0.0
596889,0.0
596890,0.0
596891,0.0
596892,0.0
596893,0.0
596894,0.0
596895,0.0
596896,0.0
596897,0.0
596898,0.0
596899,0.0
596900,0.0
596901,0.0
596902,0.0
596903,0.0
596904,0.0
596905,0.0
596906,0.0
596907,0.0
596908,0.0
596909,0.0
596910,0.0
596911,0.0
596912,0.0
596913,0.0
596914,0.0
596915,0.0
596916,0.0
596917,0.0
596918,0.0
596919,0.0
596920,0.0
596921,0.0
596922,0.0
596923,0.0
596924,0.0
596925,0.0
596926,0.0
596927,0.0
596928,0.0
596929,0.0
596930,0.0
596931,0.0
596932,0.0
596933,0.0
596934,0.0
596935,0.0
596936,0.010222853
596937,0.0
596938,0.0
596939,0.0
596940,0.0
596941,0.0
596942,0.0
596943,0.0
596944,0.0
596945,0.0
596946,0.0
596947,0.0
596948,0.0
596949,0.0
596950,0.0
596951,0.0
596952,0.0
596953,0.0
596954,0.0
596955,0.0
596956,0.0
596957,0.0
596958,0.0
596959,0.0
596960,0.0
596961,0.0
596962,0.0
596963,0.0
596964,0.0
596965,0.0
596966,0.0
596967,0.0
596968,0.0
596969,0.0
596970,0.0
596971,0.0
596972,0.0
596973,0.0
596974,0.0
596975,0.0
596976,0.0
596977,0.0
596978,0.0
596979,0.0
596980,0.0
596981,0.0
596982,0.0
596983,0.0
596984,0.0
596985,0.0
596986,0.0
596987,0.0
596988,0.0
596989,0.0
596990,0.0
596991,1.9138244e-33
596992,0.0
596993,0.0
596994,0.0
596995,0.0
596996,0.0
596997,0.0
596998,0.0
596999,0.0
597000,0.0
597001,0.0
597002,0.0
597003,0.0
597004,0.0
597005,0.0
597006,0.0
597007,0.0
597008,0.0
597009,0.0
597010,0.0
597011,0.0
597012,0.0
597013,0.0
597014,0.0
597015,0.0
597016,0.0
597017,0.0
597018,0.0
597019,0.0
597020,0.0
597021,0.0
597022,0.0
597023,0.0
597024,0.0
597025,0.0
597026,0.0
597027,0.0
597028,0.0
597029,0.0
597030,0.0
597031,0.0
597032,0.0
597033,0.0
597034,0.0
597035,0.0
597036,0.0
597037,0.0
597038,0.0
597039,0.0
597040,0.0
597041,0.0
597042,0.0
597043,0.0
597044,0.0
597045,0.0
597046,0.0
597047,0.0
597048,0.0
597049,0.0
597050,0.0
597051,0.0
597052,0.0
597053,0.0
597054,0.0
597055,0.0
597056,0.0
597057,0.0
597058,0.0
597059,0.0
597060,0.0
597061,0.0
597062,0.0
597063,0.0
597064,0.0
597065,0.0
597066,0.0
597067,0.0
597068,2.9263722e-25
597069,0.0
597070,0.0
597071,0.0
597072,0.0
597073,0.0
597074,0.0
597075,0.0
597076,0.0
597077,0.0
597078,0.0
597079,0.0
597080,0.0
597081,0.0
597082,0.0
597083,0.0
597084,0.0
597085,0.0
597086,0.0
597087,0.0
597088,0.0
597089,0.0
597090,0.0
597091,0.0
597092,0.0
597093,0.0
597094,0.0
597095,0.0
597096,0.0
597097,0.0
597098,0.0
597099,0.0
597100,0.0
597101,0.0
597102,0.0
597103,0.0
597104,0.0
597105,0.0
597106,0.0
597107,0.0
597108,0.0
597109,0.0
597110,0.0
597111,0.0
597112,0.0
597113,0.0
597114,0.0
597115,0.0
597116,0.0
597117,0.0
597118,0.0
597119,0.0
597120,0.0
597121,0.0
597122,0.0
597123,0.0
597124,0.0
597125,0.0
597126,0.0
597127,0.0
597128,0.0
597129,0.0
597130,0.0
597131,0.0
597132,0.0
597133,0.0
597134,0.0
597135,0.0
597136,0.0
597137,0.0
597138,0.0
597139,0.0
597140,0.0
597141,0.0
597142,0.0
597143,0.0
597144,0.0
597145,0.0
597146,0.0
597147,0.0
597148,0.0
597149,0.0
597150,0.0
597151,0.0
597152,0.0
597153,0.0
597154,0.0
597155,0.0
597156,0.0
597157,0.0
597158,0.0
597159,0.0
597160,0.0
597161,0.0
597162,0.0
597163,0.0
597164,0.0
597165,0.0
597166,0.0
597167,0.0
597168,0.0
597169,0.0
597170,0.0
597171,0.0
597172,0.0
597173,0.0
597174,0.0
597175,0.0
597176,0.0
597177,0.0
597178,0.0
597179,0.0
597180,0.0
597181,0.0
597182,0.0
597183,0.0
597184,0.0
597185,0.0
597186,0.0
597187,0.0
597188,0.0
597189,0.0
597190,0.0
597191,0.0
597192,0.0
597193,0.0
597194,0.0
597195,0.0
597196,0.0
597197,0.0
597198,0.0
597199,0.0
597200,0.0
597201,0.0
597202,0.0
597203,0.0
597204,0.0
597205,0.0
597206,0.0
597207,0.0
597208,0.0
597209,0.0
597210,0.0
597211,0.0
597212,0.0
597213,0.0
597214,0.0
597215,0.0
597216,0.0
597217,0.0
597218,0.0
597219,0.0
597220,0.0
597221,0.0
597222,0.0
597223,0.0
597224,0.0
597225,0.0
597226,0.0
597227,0.0
597228,0.0
597229,0.0
597230,0.0
597231,0.0
597232,0.0
597233,0.0
597234,0.0
597235,0.0
597236,0.0
597237,0.0
597238,0.0
597239,0.0
597240,0.0
597241,0.0
597242,0.0
597243,0.0
597244,0.0
597245,0.0
597246,0.0
597247,0.0
597248,0.0
597249,0.0
597250,0.0
597251,0.0
597252,0.0
597253,0.0
597254,0.0
597255,0.0
597256,0.0
597257,0.0
597258,0.0
597259,0.0
597260,0.0
597261,0.0
597262,0.0
597263,0.0
597264,0.0
597265,0.0
597266,0.0
597267,0.0
597268,0.0
597269,0.0
597270,0.0
597271,0.0
597272,0.0
597273,0.0
597274,0.0
597275,0.0
597276,0.0
597277,0.0
597278,0.0
597279,0.0
597280,0.0
597281,0.0
597282,0.0
597283,0.0
597284,0.0
597285,0.0
597286,0.0
597287,0.0
597288,0.0
597289,0.0
597290,0.0
597291,0.0
597292,0.0
597293,0.0
597294,0.0
597295,0.0
597296,0.0
597297,0.0
597298,0.0
597299,0.0
597300,0.0
597301,0.0
597302,0.0
597303,0.0
597304,0.0
597305,0.0
597306,0.0
597307,0.0
597308,0.0
597309,0.0
597310,0.0
597311,0.0
597312,0.0
597313,0.0
597314,0.0
597315,0.0
597316,0.0
597317,0.0
597318,0.0
597319,0.0
597320,0.0
597321,0.0
597322,0.0
597323,0.0
597324,0.0
597325,0.0
597326,0.0
597327,0.0
597328,0.0
597329,0.0
597330,0.0
597331,0.0
597332,0.0
597333,0.0
597334,0.0
597335,0.0
597336,0.0
597337,0.0
597338,0.0
597339,0.0
597340,0.0
597341,0.0
597342,0.0
597343,0.0
597344,0.0
597345,0.0
597346,0.0
597347,0.0
597348,0.0
597349,0.0
597350,0.0
597351,0.0
597352,0.0
597353,0.0
597354,0.0
597355,0.0
597356,0.0
597357,0.0
597358,0.0
597359,0.0
597360,0.0
597361,0.0
597362,0.0
597363,0.0
597364,3.0248673e-33
597365,0.0
597366,0.0
597367,0.0
597368,0.0
597369,0.0
597370,0.0
597371,0.0
597372,0.0
597373,0.0
597374,0.0
597375,0.0
597376,0.0
597377,0.0
597378,0.0
597379,0.0
597380,0.0
597381,0.0
597382,0.0
597383,0.0
597384,0.0
597385,0.0
597386,0.0
597387,0.0
597388,0.0
597389,0.0
597390,0.0
597391,0.0
597392,0.0
597393,0.0
597394,0.0
597395,0.0
597396,0.0
597397,0.0
597398,0.0
597399,0.0
597400,0.0
597401,0.0
597402,0.0
597403,0.0
597404,0.0
597405,0.0
597406,0.0
597407,0.0
597408,0.0
597409,0.0
597410,0.0
597411,0.0
597412,0.0
597413,0.0
597414,0.0
597415,0.0
597416,0.0
597417,0.0
597418,0.0
597419,0.0
597420,0.0
597421,0.0
597422,0.0
597423,0.0
597424,0.0
597425,0.0
597426,0.0
597427,0.0
597428,0.0
597429,0.0
597430,0.0
597431,0.0
597432,0.0
597433,0.0
597434,0.0
597435,0.0
597436,0.0
597437,0.0
597438,0.0
597439,0.0
597440,0.0
597441,0.0
597442,0.0
597443,0.0
597444,0.0
597445,0.0
597446,0.0
597447,0.0
597448,0.0
597449,0.0
597450,0.0
597451,0.0
597452,0.0
597453,0.0
597454,0.0
597455,0.0
597456,0.0
597457,0.0
597458,0.0
597459,0.0
597460,0.0
597461,0.0
597462,0.0
597463,0.0
597464,0.0
597465,0.0
597466,0.0
597467,0.0
597468,0.0
597469,0.0
597470,0.0
597471,0.0
597472,0.0
597473,0.0
597474,0.0
597475,0.0
597476,0.0
597477,0.0
597478,0.0
597479,0.0
597480,0.0
597481,0.0
597482,0.0
597483,0.0
597484,0.0
597485,0.0
597486,0.0
597487,7.1620796e-36
597488,0.0
597489,0.0
597490,0.0
597491,0.0
597492,0.0
597493,0.0
597494,0.0
597495,0.0
597496,0.0
597497,0.0
597498,0.0
597499,0.0
597500,0.0
597501,0.0
597502,0.0
597503,0.0
597504,0.0
597505,0.0
597506,0.0
597507,0.0
597508,0.0
597509,0.0
597510,0.0
597511,0.0
597512,0.0
597513,0.0
597514,0.0
597515,2.0240094e-18
597516,0.0
597517,0.0
597518,0.0
597519,0.0
597520,0.0
597521,0.0
597522,0.0
597523,0.0
597524,0.0
597525,0.0
597526,0.0
597527,0.0
597528,0.0
597529,0.0
597530,0.0
597531,0.0
597532,0.0
597533,0.0
597534,0.0
597535,0.0
597536,0.0
597537,0.0
597538,0.0
597539,0.0
597540,0.0
597541,0.0
597542,0.0
597543,0.0
597544,0.0
597545,0.0
597546,0.0
597547,0.0
597548,0.0
597549,0.0
597550,0.0
597551,0.0
597552,0.0
597553,0.0
597554,0.0
597555,0.0
597556,0.0
597557,0.0
597558,0.0
597559,0.0
597560,8.165759e-36
597561,0.00063727505
597562,0.0
597563,0.0
597564,0.0
597565,0.0
597566,0.0
597567,0.0
597568,0.0
597569,0.0
597570,0.0
597571,0.0
597572,0.0
597573,0.0
597574,0.0
597575,0.0
597576,0.0
597577,0.0
597578,0.0
597579,0.0
597580,0.0
597581,0.0
597582,0.0
597583,0.0
597584,0.0
597585,0.0
597586,0.0
597587,0.0
597588,0.0
597589,0.0
597590,0.0
597591,0.0
597592,0.0
597593,0.0
597594,0.0
597595,0.0
597596,0.0
597597,0.0
597598,0.0
597599,0.0
597600,0.0
597601,0.0
597602,0.0
597603,0.0
597604,0.0
597605,0.0
597606,1.0918715e-25
597607,0.0
597608,0.0
597609,0.0
597610,0.0
597611,0.0
597612,0.0
597613,0.0
597614,0.0
597615,0.0
597616,0.0
597617,0.0
597618,0.0
597619,0.0
597620,0.0
597621,0.0
597622,0.0
597623,0.0
597624,0.0
597625,0.0
597626,0.0
597627,0.0
597628,0.0
597629,0.0
597630,0.0
597631,0.0
597632,0.0
597633,0.0
597634,0.0
597635,0.0
597636,0.0
597637,0.0
597638,0.0
597639,0.0
597640,0.0
597641,0.0
597642,0.0
597643,0.0
597644,0.0
597645,0.0
597646,0.0
597647,0.0
597648,0.0
597649,0.0
597650,0.0
597651,0.0
597652,0.0
597653,0.0
597654,0.0
597655,0.0
597656,0.0
597657,0.0
597658,0.0
597659,0.0
597660,0.0
597661,0.0
597662,0.0
597663,0.0
597664,4.317992e-32
597665,0.0
597666,0.0
597667,0.0
597668,0.0
597669,0.0
597670,0.0
597671,0.0
597672,0.0
597673,0.0
597674,0.0
597675,0.0
597676,0.0
597677,0.0
597678,0.0
597679,0.0
597680,0.0
597681,0.0
597682,0.0
597683,0.0
597684,0.0
597685,0.0
597686,0.0
597687,0.0
597688,0.0
597689,0.0
597690,0.0
597691,0.0
597692,0.0
597693,0.0
597694,0.0
597695,0.0
597696,0.0
597697,0.0
597698,0.0
597699,0.0
597700,0.0
597701,0.0
597702,0.0
597703,0.0
597704,0.0
597705,0.0
597706,0.0
597707,0.0
597708,0.0
597709,0.0
597710,0.0
597711,0.0
597712,0.0
597713,0.0
597714,0.0
597715,0.0
597716,0.0
597717,0.0
597718,0.0
597719,0.0
597720,0.0
597721,0.0
597722,0.0
597723,2.321808e-30
597724,0.0
597725,0.0
597726,0.0
597727,0.0
597728,0.0
597729,0.0
597730,0.0
597731,0.0
597732,0.0
597733,0.0
597734,0.0
597735,0.0
597736,0.0
597737,0.0
597738,0.0
597739,0.0
597740,0.0
597741,0.0
597742,0.0
597743,0.0
597744,0.0
597745,0.0
597746,0.0
597747,0.0
597748,0.0
597749,0.0
597750,0.0
597751,0.0
597752,0.0
597753,0.0
597754,0.0
597755,0.0
597756,0.0
597757,0.0
597758,0.0
597759,0.0
597760,0.0
597761,0.0
597762,0.0
597763,0.0
597764,1.0537704e-25
597765,0.0
597766,0.0
597767,0.0
597768,0.0
597769,0.0
597770,0.0
597771,0.0
597772,0.0
597773,0.0
597774,0.0
597775,0.0
597776,0.0
597777,0.0
597778,0.0
597779,0.023712387
597780,0.0
597781,0.0
597782,0.0
597783,0.0
597784,0.0
597785,0.0
597786,0.0
597787,0.0
597788,0.0
597789,0.0
597790,0.0
597791,0.0
597792,0.0
597793,0.0
597794,0.0
597795,0.0
597796,0.0
597797,0.0
597798,0.0
597799,0.0
597800,0.0
597801,0.0
597802,0.0
597803,0.0
597804,0.0
597805,0.0
597806,0.0
597807,0.0
597808,0.0
597809,0.0
597810,0.0
597811,0.0
597812,0.0
597813,0.0
597814,0.0
597815,0.0
597816,0.0
597817,0.0
597818,0.0
597819,0.0
597820,0.0
597821,0.0
597822,0.0
597823,0.0
597824,1.10399e-06
597825,0.0
597826,0.0
597827,0.0
597828,0.0
597829,0.0
597830,0.0
597831,0.0
597832,0.0
597833,0.0
597834,0.0
597835,0.0
597836,0.0
597837,0.0
597838,0.0
597839,0.0
597840,0.0
597841,0.0
597842,0.0
597843,0.0
597844,0.0
597845,0.0
597846,0.0
597847,0.0
597848,0.0
597849,0.0
597850,0.0
597851,0.0
597852,2.7117453e-31
597853,0.0
597854,0.0
597855,0.0
597856,0.0
597857,0.0
597858,0.0
597859,0.0
597860,0.0
597861,0.0
597862,0.0
597863,0.0
597864,0.0
597865,0.0
597866,0.0
597867,0.0
597868,0.0
597869,0.0
597870,0.0
597871,0.0
597872,0.0
597873,0.0
597874,0.0
597875,0.0
597876,0.0
597877,0.0
597878,0.0
597879,0.0
597880,0.0
597881,0.0
597882,0.0
597883,0.0
597884,0.0
597885,0.091719955
597886,0.0
597887,0.0
597888,0.0
597889,0.0
597890,0.0
597891,0.0
597892,0.0
597893,0.0
597894,0.0
597895,0.0
597896,0.0
597897,0.0
597898,0.0
597899,0.0
597900,0.0
597901,0.0
597902,0.0
597903,0.0
597904,0.0
597905,0.0
597906,0.0
597907,0.0
597908,0.0
597909,0.0
597910,0.0
597911,0.0
597912,0.0
597913,0.0
597914,0.0
597915,0.0
597916,0.0
597917,0.0
597918,0.0
597919,0.0
597920,0.0
597921,0.0
597922,0.0
597923,0.0
597924,0.0
597925,0.0
597926,0.0
597927,0.0
597928,0.0
597929,0.0
597930,0.0
597931,0.0
597932,0.0
597933,0.0
597934,0.0
597935,0.0
597936,0.0
597937,0.0
597938,0.0
597939,0.0
597940,0.0
597941,0.0
597942,0.0
597943,0.0
597944,0.0
597945,0.0
597946,0.0
597947,0.0
597948,0.0
597949,0.0
597950,0.0
597951,0.0
597952,0.0
597953,0.0
597954,0.0
597955,0.0
597956,0.0
597957,0.0
597958,0.0
597959,0.0
597960,0.0
597961,0.0
597962,0.0
597963,0.0
597964,0.0
597965,0.0
597966,0.0
597967,0.0
597968,0.0
597969,0.0
597970,0.0
597971,0.0
597972,0.0
597973,0.0
597974,0.0
597975,0.0
597976,0.0
597977,0.0
597978,0.0
597979,0.0
597980,0.0
597981,0.0
597982,0.0
597983,0.0
597984,0.0
597985,0.0
597986,0.0
597987,0.0
597988,0.0
597989,0.0
597990,0.0
597991,0.0
597992,0.0
597993,0.0
597994,0.0
597995,0.0
597996,0.0
597997,0.0
597998,0.0
597999,0.0
598000,0.0
598001,0.0
598002,0.0
598003,0.0
598004,0.0
598005,0.0
598006,0.0
598007,0.0
598008,0.0
598009,0.0
598010,0.0
598011,0.0
598012,0.0
598013,0.0
598014,0.0
598015,0.0
598016,0.0
598017,0.0
598018,0.0
598019,0.0
598020,0.0
598021,0.0
598022,0.0
598023,0.0
598024,0.0
598025,0.0
598026,0.0
598027,0.0
598028,0.0
598029,0.0
598030,0.0
598031,0.0
598032,0.0
598033,0.0
598034,0.0
598035,0.0
598036,0.0
598037,0.0
598038,0.0
598039,0.0
598040,0.0
598041,0.0
598042,0.0
598043,0.0
598044,0.0
598045,0.0
598046,0.0
598047,0.0
598048,0.0
598049,0.0
598050,0.0
598051,0.0
598052,0.0
598053,0.0
598054,0.0
598055,0.0
598056,0.0
598057,0.0
598058,0.0
598059,0.0
598060,0.0
598061,0.0
598062,0.0
598063,0.0
598064,0.0
598065,0.0
598066,0.0
598067,0.0
598068,0.0
598069,0.0
598070,0.0
598071,0.0
598072,0.0
598073,0.0
598074,0.0
598075,0.0
598076,0.0
598077,0.0
598078,0.0
598079,0.0
598080,0.0
598081,0.0
598082,0.0
598083,0.0
598084,0.0
598085,0.0
598086,0.0
598087,0.0
598088,0.0
598089,2.7362196e-21
598090,0.0
598091,0.0
598092,0.0
598093,0.0
598094,0.0
598095,0.0
598096,0.0
598097,0.0
598098,0.0
598099,0.0
598100,0.0
598101,0.0
598102,0.0
598103,0.0
598104,0.0
598105,0.0
598106,0.0
598107,0.0
598108,0.0
598109,0.0
598110,0.0
598111,0.0
598112,0.0
598113,0.0
598114,0.0
598115,0.0
598116,0.0
598117,0.0
598118,0.0
598119,0.0
598120,0.0
598121,0.0
598122,0.0
598123,0.0
598124,0.0
598125,0.0
598126,0.0
598127,0.0
598128,0.0
598129,0.0
598130,0.0
598131,0.0
598132,0.0
598133,0.0
598134,0.0
598135,0.0
598136,0.0
598137,0.0
598138,0.0
598139,0.0
598140,0.0
598141,0.0
598142,0.0
598143,0.0
598144,0.0
598145,0.0
598146,0.0
598147,0.0
598148,0.0
598149,0.0
598150,0.0
598151,0.0
598152,0.0
598153,0.0
598154,0.0
598155,0.0
598156,0.0
598157,1.5449173e-31
598158,0.0
598159,0.0
598160,0.0
598161,0.0
598162,0.0
598163,0.0
598164,0.0
598165,0.0
598166,0.0
598167,0.0
598168,0.0
598169,0.0
598170,0.0
598171,0.0
598172,0.0
598173,0.0
598174,0.0
598175,0.0
598176,0.0
598177,0.0
598178,0.0
598179,0.0
598180,0.0
598181,0.0
598182,0.0
598183,0.0
598184,0.0
598185,0.0
598186,2.4164206e-35
598187,0.0
598188,0.0
598189,2.3476083e-38
598190,0.0
598191,0.0
598192,0.0
598193,0.0
598194,0.0
598195,0.0
598196,0.0
598197,0.0
598198,0.0
598199,0.0
598200,0.0
598201,0.0
598202,0.0
598203,0.0
598204,0.0
598205,0.0
598206,0.0
598207,0.0
598208,0.0
598209,0.0
598210,0.0
598211,0.0
598212,0.0
598213,0.0
598214,0.0
598215,0.0
598216,0.0
598217,0.0
598218,0.0
598219,0.0
598220,0.0
598221,0.0
598222,0.0
598223,0.0
598224,0.0
598225,0.0
598226,0.0
598227,0.0
598228,0.0
598229,0.0
598230,0.0
598231,0.0
598232,0.0
598233,0.0
598234,0.0
598235,0.0
598236,0.0
598237,0.0
598238,0.0
598239,0.0
598240,0.0
598241,0.0
598242,0.0
598243,0.0
598244,0.0
598245,0.0
598246,0.0
598247,0.0
598248,0.0
598249,0.0
598250,0.0
598251,0.0
598252,0.0
598253,0.0
598254,0.0
598255,0.0
598256,0.0
598257,0.0
598258,0.0
598259,0.0
598260,0.0
598261,0.0
598262,0.0
598263,0.0
598264,0.0
598265,0.0
598266,0.0
598267,0.0
598268,0.0
598269,0.0
598270,0.0
598271,0.0
598272,0.0
598273,0.0
598274,0.0
598275,0.0
598276,0.0
598277,0.0
598278,0.0
598279,0.0
598280,0.0
598281,0.0
598282,0.0
598283,0.0
598284,0.0
598285,0.0
598286,0.0
598287,0.0
598288,0.0
598289,0.0
598290,0.0
598291,0.0
598292,0.0
598293,0.0
598294,0.0
598295,0.0
598296,0.0
598297,0.0
598298,0.0
598299,0.0
598300,0.0
598301,0.0
598302,0.0
598303,0.0
598304,0.0
598305,0.0
598306,0.0
598307,0.0
598308,0.0
598309,0.0
598310,0.0
598311,0.0
598312,0.0
598313,0.0
598314,0.0
598315,0.0
598316,0.0
598317,0.0
598318,0.35917613
598319,0.0
598320,0.0
598321,0.0
598322,0.0
598323,0.0
598324,0.0
598325,0.0
598326,0.0
598327,0.0
598328,0.0
598329,0.0
598330,0.0
598331,0.0
598332,0.0
598333,0.0
598334,0.0
598335,0.0
598336,0.0
598337,0.0
598338,0.0
598339,0.0
598340,0.0
598341,0.0
598342,0.0
598343,0.0
598344,0.0
598345,0.0
598346,0.0
598347,0.0
598348,0.0
598349,0.0
598350,0.0
598351,0.0
598352,0.0
598353,0.0
598354,0.0
598355,0.0
598356,0.0
598357,0.0
598358,0.0
598359,0.0
598360,0.0
598361,0.0
598362,0.0
598363,0.0
598364,0.0
598365,0.0
598366,0.0
598367,0.0
598368,0.0
598369,0.0
598370,0.0
598371,0.0
598372,0.0
598373,0.0
598374,0.0
598375,0.0
598376,0.0
598377,0.0
598378,0.0
598379,0.0
598380,0.0
598381,0.0
598382,0.0
598383,0.0
598384,0.0
598385,0.0
598386,0.0
598387,0.0
598388,0.0
598389,0.0
598390,0.0
598391,0.0
598392,0.0
598393,0.0
598394,0.0
598395,0.0
598396,0.0
598397,0.0
598398,0.0
598399,0.0
598400,0.0
598401,0.0
598402,4.9410225e-30
598403,0.0
598404,0.0
598405,0.0
598406,0.0
598407,0.0
598408,0.0
598409,0.0
598410,0.0
598411,0.0
598412,0.0
598413,0.0
598414,0.0
598415,0.0
598416,0.0
598417,0.0
598418,0.0
598419,0.0
598420,0.0
598421,0.0
598422,0.0
598423,0.0
598424,0.0
598425,0.0
598426,0.0
598427,0.0
598428,0.0
598429,0.0
598430,0.0
598431,0.0
598432,0.0
598433,0.0
598434,0.0
598435,0.0
598436,0.0
598437,0.0
598438,0.0
598439,0.0
598440,0.0
598441,0.0
598442,0.0
598443,0.0
598444,0.0
598445,0.0
598446,0.0
598447,0.0
598448,0.0
598449,0.0
598450,0.0
598451,0.0
598452,0.0
598453,0.0
598454,0.0
598455,0.0
598456,0.0
598457,0.0
598458,0.0
598459,0.0
598460,0.0
598461,0.0
598462,0.0
598463,0.0
598464,0.0
598465,0.0
598466,0.0
598467,0.0
598468,0.0
598469,0.0
598470,0.0
598471,0.0
598472,0.0
598473,0.0
598474,0.0
598475,0.0
598476,0.0
598477,0.0
598478,0.0
598479,0.0
598480,0.0
598481,0.0
598482,0.0
598483,0.0
598484,0.0
598485,0.0
598486,0.0
598487,0.0
598488,0.0
598489,0.0
598490,0.0
598491,0.0
598492,0.0
598493,0.0
598494,0.0
598495,0.0
598496,0.0
598497,0.0
598498,0.0
598499,0.0
598500,0.0
598501,0.0
598502,0.0
598503,0.0
598504,0.0
598505,0.0
598506,0.0
598507,0.0
598508,0.0
598509,0.0
598510,0.0
598511,0.0
598512,0.0
598513,0.0
598514,0.0
598515,0.0
598516,0.0
598517,0.0
598518,0.0
598519,0.0
598520,0.0
598521,0.0
598522,0.0
598523,0.0
598524,0.0
598525,0.0
598526,0.0
598527,0.0
598528,0.0
598529,0.0
598530,0.0
598531,0.0
598532,0.0
598533,0.0
598534,0.0
598535,0.0
598536,0.0
598537,0.0
598538,0.0
598539,0.0
598540,0.0
598541,0.0
598542,0.0
598543,0.0
598544,0.0
598545,0.0
598546,0.0
598547,0.0
598548,0.0
598549,0.0
598550,0.0
598551,0.0
598552,0.0
598553,0.0
598554,0.0
598555,0.0
598556,0.0
598557,0.0
598558,0.0
598559,0.0
598560,0.0
598561,0.0
598562,0.0
598563,0.0
598564,0.0
598565,0.0
598566,0.0
598567,0.0
598568,0.0
598569,0.0
598570,0.0
598571,0.0
598572,0.0
598573,0.0
598574,0.0
598575,0.0
598576,0.0
598577,0.0
598578,0.0
598579,0.0
598580,0.0
598581,0.0
598582,0.0
598583,0.0
598584,0.0
598585,0.0
598586,0.0
598587,0.0
598588,5.0469074e-20
598589,0.0
598590,0.0
598591,0.0
598592,0.0
598593,0.0
598594,0.0
598595,0.0
598596,0.0
598597,0.0
598598,0.0
598599,0.0
598600,0.0
598601,0.0
598602,0.0
598603,0.0
598604,0.0
598605,0.0
598606,0.0
598607,0.0
598608,0.0
598609,0.0
598610,0.0
598611,0.054208446
598612,0.0
598613,0.0
598614,0.0
598615,0.0
598616,0.0
598617,0.0
598618,0.0
598619,0.0
598620,0.0
598621,0.0
598622,0.0
598623,0.0
598624,0.0
598625,0.0
598626,0.0
598627,0.0
598628,0.0
598629,0.0
598630,0.0
598631,0.0
598632,0.0
598633,0.0
598634,0.0
598635,0.0
598636,0.0
598637,0.0
598638,0.0
598639,0.0
598640,0.0
598641,0.0
598642,0.0
598643,0.0
598644,3.8459494e-20
598645,0.0
598646,0.0
598647,0.0
598648,0.0
598649,0.0
598650,0.0
598651,0.0
598652,0.0
598653,0.0
598654,0.0
598655,0.0
598656,0.0
598657,0.0
598658,0.0
598659,0.0
598660,0.0
598661,0.0
598662,0.0
598663,0.0
598664,0.0
598665,0.0
598666,0.0
598667,0.0
598668,0.0
598669,0.0
598670,0.0
598671,0.0
598672,0.0
598673,0.0
598674,0.0
598675,0.0
598676,0.0
598677,0.0
598678,0.0
598679,0.0
598680,0.0
598681,0.0
598682,0.0
598683,0.0
598684,0.0
598685,0.0
598686,0.0
598687,0.0
598688,0.0
598689,0.0
598690,0.0
598691,0.0
598692,0.0
598693,0.0
598694,0.0
598695,0.0
598696,0.0
598697,0.0
598698,0.0
598699,0.0
598700,0.0
598701,0.0
598702,0.0
598703,0.0
598704,0.0
598705,0.0
598706,0.0
598707,0.0
598708,0.0
598709,0.0
598710,0.0
598711,0.0
598712,0.0
598713,0.0
598714,0.0
598715,0.0
598716,0.0
598717,0.0
598718,0.0
598719,0.0
598720,0.0
598721,0.0
598722,0.0
598723,0.0
598724,0.0
598725,0.0
598726,0.0
598727,0.0
598728,0.0
598729,0.0
598730,0.0
598731,0.0
598732,0.0
598733,0.0
598734,0.0
598735,0.0
598736,0.0
598737,0.0
598738,0.0
598739,0.0
598740,0.0
598741,0.0
598742,0.0
598743,0.0
598744,9.90097e-12
598745,0.0
598746,0.0
598747,0.0
598748,0.0
598749,0.0
598750,0.0
598751,0.0
598752,0.0
598753,0.0
598754,0.0
598755,0.0
598756,0.0
598757,0.0
598758,0.0
598759,0.0
598760,0.0
598761,0.0
598762,0.0
598763,0.0
598764,0.0
598765,0.0
598766,0.0
598767,0.0
598768,0.0
598769,0.0
598770,0.0
598771,0.0
598772,0.0
598773,0.0
598774,0.0
598775,0.0
598776,0.0
598777,0.0
598778,0.0
598779,0.0
598780,0.0
598781,0.0
598782,0.0
598783,0.0
598784,0.0
598785,0.0
598786,0.0
598787,0.0
598788,0.0
598789,0.0
598790,0.0
598791,0.0
598792,0.0
598793,0.0
598794,0.0
598795,0.0
598796,0.0
598797,0.0
598798,0.0
598799,0.0
598800,0.0
598801,0.0
598802,0.0
598803,0.0
598804,0.0
598805,0.0
598806,0.0
598807,0.0
598808,0.0
598809,0.0
598810,0.0
598811,0.0
598812,0.0
598813,0.0
598814,0.0
598815,0.0
598816,0.0
598817,0.0
598818,0.0
598819,0.0
598820,0.0
598821,0.0
598822,0.0
598823,0.0
598824,0.0
598825,0.0
598826,0.0
598827,0.0
598828,0.0
598829,0.0
598830,0.0
598831,0.0
598832,0.0
598833,0.0
598834,0.0
598835,0.0
598836,0.0
598837,0.0
598838,0.0
598839,0.0
598840,0.0
598841,0.0
598842,2.312615e-30
598843,0.0
598844,0.0
598845,0.0
598846,0.0
598847,0.0
598848,0.0
598849,0.0
598850,0.0
598851,0.0
598852,0.0
598853,0.0
598854,0.0
598855,0.0
598856,0.0
598857,0.0
598858,0.0
598859,0.0
598860,0.0
598861,0.0
598862,0.0
598863,0.0
598864,0.0
598865,0.0
598866,0.0
598867,0.0
598868,0.0038717978
598869,0.0
598870,0.0
598871,0.0
598872,0.0
598873,0.0
598874,0.0
598875,0.0101405345
598876,0.0
598877,0.0
598878,0.0
598879,0.0
598880,0.0
598881,0.0
598882,0.0
598883,0.0
598884,0.0
598885,0.0
598886,0.0
598887,0.0
598888,0.0
598889,0.0
598890,0.0
598891,0.0
598892,2.9449742e-32
598893,0.0
598894,0.0
598895,0.0
598896,0.0
598897,0.0
598898,0.0
598899,0.0
598900,0.0
598901,0.0
598902,0.0
598903,0.0
598904,0.0
598905,0.0
598906,0.0
598907,0.0
598908,0.0
598909,0.0
598910,0.0
598911,1.4202596e-26
598912,0.0
598913,0.0
598914,0.0
598915,0.0
598916,0.0
598917,0.0
598918,0.0
598919,0.0
598920,0.0
598921,0.0
598922,0.0
598923,0.0
598924,0.0
598925,0.0
598926,0.0
598927,0.0
598928,0.0
598929,0.0
598930,0.0
598931,0.0
598932,0.0
598933,0.0
598934,0.0
598935,0.0
598936,0.0
598937,0.0
598938,0.0
598939,0.0
598940,0.0
598941,0.0
598942,0.0
598943,0.0
598944,0.0
598945,0.0
598946,0.0
598947,0.0
598948,0.0
598949,0.0
598950,0.0
598951,0.0
598952,0.0
598953,0.0
598954,0.0
598955,0.0
598956,0.0
598957,0.0
598958,0.0
598959,0.0
598960,0.0
598961,0.0
598962,0.0
598963,0.0
598964,0.0
598965,0.0
598966,0.0
598967,0.0
598968,0.0
598969,0.0
598970,0.0
598971,0.0
598972,0.0
598973,0.0
598974,0.0
598975,0.0
598976,0.0
598977,0.0
598978,0.0
598979,0.0
598980,0.33338854
598981,0.0
598982,0.0
598983,0.0
598984,0.0
598985,0.0
598986,0.0
598987,0.0
598988,0.0
598989,0.0
598990,0.0
598991,0.0
598992,0.0
598993,0.0
598994,0.0
598995,0.0
598996,0.0
598997,0.0
598998,0.0
598999,0.0
599000,0.0
599001,0.0
599002,0.0
599003,0.0
599004,0.0
599005,0.0
599006,0.0
599007,9.8070183e-26
599008,0.0
599009,0.0
599010,0.0
599011,0.0
599012,0.0
599013,0.0
599014,0.0
599015,0.0
599016,0.0
599017,0.0
599018,0.0
599019,0.0
599020,0.0
599021,0.0
599022,0.0
599023,0.0
599024,0.0
599025,0.0
599026,0.0
599027,0.0
599028,0.0
599029,0.0
599030,0.0
599031,0.0
599032,0.0
599033,0.0
599034,0.0
599035,0.0
599036,0.0
599037,0.0
599038,0.0
599039,0.0
599040,0.0
599041,0.0
599042,0.0
599043,0.0
599044,0.0
599045,0.0
599046,0.0
599047,0.0
599048,0.0
599049,0.0
599050,0.0
599051,0.0
599052,0.0
599053,0.0
599054,0.0
599055,0.0
599056,0.0
599057,0.0
599058,0.0
599059,0.0
599060,0.0
599061,0.0
599062,0.0
599063,0.0
599064,0.0
599065,0.0
599066,0.0
599067,0.0
599068,0.0
599069,0.0
599070,0.0
599071,0.0
599072,0.0
599073,0.0
599074,0.0
599075,0.0
599076,0.0
599077,0.0
599078,0.0
599079,0.0
599080,0.0
599081,0.0
599082,0.0
599083,0.0
599084,0.0
599085,0.0
599086,0.0
599087,0.0
599088,0.0
599089,0.0
599090,0.0
599091,0.0
599092,0.0
599093,0.0
599094,0.0
599095,0.0
599096,0.0
599097,0.0
599098,0.0
599099,0.0
599100,0.0
599101,0.0
599102,0.0
599103,0.0
599104,0.0
599105,0.0
599106,0.0
599107,0.0
599108,0.0
599109,0.0
599110,0.0
599111,0.0
599112,0.0
599113,0.0
599114,0.0
599115,0.0
599116,0.0
599117,0.0
599118,0.0
599119,0.0
599120,0.0
599121,0.0
599122,0.0
599123,0.0
599124,0.0
599125,0.0
599126,0.0
599127,0.0
599128,0.0
599129,0.0
599130,0.0
599131,0.0
599132,0.0
599133,0.0
599134,0.0
599135,0.0
599136,0.0
599137,0.0
599138,0.0
599139,0.0
599140,0.0
599141,0.0
599142,0.0
599143,0.0
599144,0.0
599145,0.0
599146,0.0
599147,0.0
599148,0.0
599149,0.0
599150,0.0
599151,0.0
599152,0.0
599153,0.0
599154,0.0
599155,0.0
599156,0.0
599157,0.0
599158,0.0
599159,0.0
599160,0.0
599161,0.0
599162,0.0
599163,0.0
599164,0.0
599165,0.0
599166,0.0
599167,0.0
599168,0.0
599169,0.0
599170,0.0
599171,0.0
599172,0.0
599173,0.0
599174,0.0
599175,0.0
599176,9.059996e-38
599177,0.0
599178,0.0
599179,0.0
599180,0.0
599181,0.0
599182,0.0
599183,0.0
599184,0.0
599185,0.0
599186,0.0
599187,0.0
599188,0.0
599189,0.0
599190,0.0
599191,0.0
599192,0.0
599193,0.0
599194,0.0
599195,0.0
599196,0.0
599197,0.0
599198,0.0
599199,0.0
599200,0.0
599201,0.0
599202,0.0
599203,0.0
599204,0.0
599205,0.0
599206,0.0
599207,1.7594735e-21
599208,0.0
599209,0.0
599210,0.0
599211,0.0
599212,0.0
599213,0.0
599214,0.0
599215,0.0
599216,0.0
599217,0.0
599218,0.0
599219,0.0
599220,0.0
599221,0.0
599222,0.0
599223,0.0
599224,0.0
599225,0.0
599226,0.0
599227,0.0
599228,0.0
599229,0.0
599230,0.0
599231,0.0
599232,0.0
599233,0.0
599234,0.0
599235,0.0
599236,0.0
599237,0.0
599238,0.0
599239,0.0
599240,0.0
599241,0.0
599242,0.0
599243,0.0
599244,0.0
599245,0.0
599246,0.0
599247,0.0
599248,0.0
599249,0.0
599250,0.0
599251,0.0
599252,0.0
599253,0.0
599254,0.0
599255,0.0
599256,0.0
599257,0.0
599258,0.0
599259,0.0
599260,0.0
599261,0.0
599262,0.0
599263,0.0
599264,0.0
599265,0.0
599266,0.0
599267,0.0
599268,0.0
599269,0.0
599270,0.0
599271,0.0
599272,0.0
599273,0.0
599274,0.0
599275,0.0
599276,0.0
599277,0.0
599278,0.0
599279,0.0
599280,0.0
599281,0.0
599282,0.0
599283,0.0
599284,0.0
599285,2.71038e-16
599286,0.0
599287,0.0
599288,0.0
599289,0.0
599290,0.0
599291,0.0
599292,0.0
599293,0.0
599294,0.0
599295,0.0
599296,0.0
599297,0.0
599298,0.0
599299,0.0
599300,0.0
599301,0.0
599302,0.0
599303,0.0
599304,0.0
599305,0.0
599306,0.0
599307,0.0
599308,0.0
599309,0.0
599310,0.0
599311,0.0
599312,0.0
599313,0.0
599314,0.0
599315,0.0
599316,0.0
599317,0.0
599318,0.0
599319,0.0
599320,0.0
599321,0.0
599322,0.0
599323,0.0
599324,0.0
599325,7.593248e-08
599326,0.0
599327,0.0
599328,0.0
599329,0.0
599330,0.0
599331,0.0
599332,0.0
599333,0.0
599334,0.0
599335,0.0
599336,0.0
599337,0.0
599338,0.0
599339,0.0
599340,0.0
599341,0.0
599342,0.0
599343,0.0
599344,8.2445065e-29
599345,0.0
599346,0.0
599347,0.0
599348,0.0
599349,0.0
599350,0.0
599351,0.0
599352,0.0
599353,0.0
599354,0.0
599355,0.0
599356,0.0
599357,0.0
599358,0.0
599359,0.0
599360,0.0
599361,0.0
599362,0.0
599363,0.0
599364,0.0
599365,0.0
599366,0.0
599367,0.0
599368,0.0
599369,0.0
599370,0.0
599371,0.0
599372,0.0
599373,0.0
599374,0.0
599375,0.0
599376,0.0
599377,0.0
599378,0.0
599379,0.0
599380,0.0
599381,0.0
599382,0.0
599383,0.0
599384,0.0
599385,0.0
599386,0.0
599387,0.0
599388,0.0
599389,0.0
599390,0.0
599391,0.0
599392,0.0
599393,0.0
599394,0.0
599395,0.0
599396,0.0
599397,0.0
599398,0.0
599399,0.0
599400,0.0
599401,0.0
599402,0.0
599403,0.0
599404,0.0
599405,0.0
599406,0.0
599407,0.0
599408,0.0
599409,0.0
599410,0.0
599411,0.0
599412,0.0
599413,0.0
599414,0.0
599415,0.0
599416,0.0
599417,0.0
599418,0.0
599419,0.0
599420,0.0
599421,0.0
599422,0.0
599423,0.0
599424,0.0
599425,0.0
599426,0.0
599427,0.0
599428,0.0
599429,0.0
599430,0.0
599431,0.0
599432,0.0
599433,0.0
599434,0.0
599435,0.0
599436,0.0
599437,0.0
599438,0.0
599439,0.0
599440,0.0
599441,0.0
599442,0.0
599443,0.0
599444,0.0
599445,0.0
599446,0.0
599447,0.0
599448,0.0
599449,0.0
599450,0.0
599451,0.0
599452,0.0
599453,0.0
599454,0.0
599455,0.0
599456,0.0
599457,0.0
599458,0.0
599459,0.0
599460,0.0
599461,0.0
599462,0.0
599463,0.0
599464,0.0
599465,0.0
599466,0.0
599467,0.0
599468,0.0
599469,0.0
599470,0.0
599471,0.0
599472,0.0
599473,0.0
599474,0.0
599475,0.0
599476,0.0
599477,0.0
599478,0.0
599479,0.0
599480,0.0
599481,0.0
599482,0.0
599483,0.0
599484,0.0
599485,0.0
599486,0.0
599487,0.0
599488,0.0
599489,0.0
599490,0.0
599491,0.0
599492,0.0
599493,0.0
599494,0.0
599495,0.0
599496,0.0
599497,0.0
599498,0.0
599499,0.0
599500,0.0
599501,0.0
599502,0.0
599503,0.0
599504,0.0
599505,0.0
599506,0.06091012
599507,0.0
599508,0.0
599509,0.0
599510,0.0
599511,0.0
599512,0.0
599513,0.0
599514,0.0
599515,0.0
599516,0.0
599517,0.0
599518,0.0
599519,0.0
599520,0.0
599521,0.0
599522,0.0
599523,0.0
599524,0.0
599525,0.0
599526,0.0
599527,0.0
599528,0.0
599529,0.0
599530,0.0
599531,0.0
599532,0.0
599533,0.0
599534,0.0
599535,0.0
599536,0.0
599537,0.0
599538,0.0
599539,0.0
599540,0.0
599541,0.0
599542,0.0
599543,0.0
599544,0.0
599545,0.0
599546,0.0
599547,0.0
599548,0.0
599549,0.0
599550,0.0
599551,0.0
599552,0.0
599553,0.0
599554,0.0
599555,0.0
599556,0.0
599557,0.0
599558,0.0
599559,0.0
599560,0.0
599561,0.0
599562,0.0
599563,0.0
599564,0.0
599565,0.0
599566,0.0
599567,0.0
599568,0.0
599569,0.0
599570,0.0
599571,0.0
599572,1.0651655e-36
599573,0.0
599574,0.0
599575,0.0
599576,0.0
599577,0.0
599578,0.0
599579,0.0
599580,0.0
599581,0.0
599582,0.0
599583,0.0
599584,0.0
599585,0.0
599586,0.0
599587,0.0
599588,0.0
599589,0.0
599590,0.0
599591,0.0
599592,0.0
599593,0.0
599594,0.0
599595,0.0
599596,0.0
599597,0.0
599598,0.0
599599,0.0
599600,0.0
599601,0.0
599602,0.0
599603,0.0
599604,0.0
599605,0.0
599606,0.0
599607,0.0
599608,0.0
599609,0.0
599610,0.0
599611,0.0
599612,0.0
599613,0.0
599614,0.0
599615,0.0
599616,0.0
599617,0.0
599618,0.0
599619,0.0
599620,0.0
599621,0.0
599622,0.0
599623,0.0
599624,0.0
599625,0.0
599626,0.0
599627,0.0
599628,0.0
599629,0.0
599630,0.0
599631,0.0
599632,0.0
599633,0.0
599634,0.0
599635,0.0
599636,0.0
599637,0.0
599638,0.0
599639,0.0
599640,0.0
599641,0.0
599642,0.0
599643,0.0
599644,0.0
599645,0.0
599646,0.0
599647,0.0
599648,0.0
599649,0.0
599650,0.0
599651,0.0
599652,0.0
599653,0.0
599654,0.0
599655,0.0
599656,0.0
599657,0.0
599658,0.0
599659,0.0
599660,0.0
599661,0.0
599662,0.0
599663,0.0
599664,0.0
599665,0.0
599666,0.0
599667,0.0
599668,0.0
599669,0.0
599670,0.0
599671,0.0
599672,0.0
599673,0.0
599674,0.0
599675,0.0
599676,0.0
599677,0.0
599678,0.0
599679,0.0
599680,0.0
599681,0.0
599682,0.0
599683,0.0
599684,0.0
599685,0.0
599686,0.0
599687,0.0
599688,0.0
599689,0.0
599690,0.0
599691,0.0
599692,0.0
599693,0.0
599694,0.0
599695,0.0
599696,0.0
599697,0.0
599698,0.0
599699,0.0
599700,0.0
599701,0.0
599702,0.0
599703,0.0
599704,0.0
599705,0.0
599706,0.0
599707,0.0
599708,0.0
599709,0.0
599710,0.0
599711,0.0
599712,0.0
599713,0.0
599714,0.0
599715,0.0
599716,0.0
599717,0.0
599718,0.0
599719,0.0
599720,0.0
599721,0.0
599722,0.0
599723,0.0
599724,0.0
599725,0.0
599726,0.0
599727,0.0
599728,0.0
599729,0.0
599730,0.0
599731,0.0
599732,0.0
599733,0.0
599734,0.0
599735,0.0
599736,0.0
599737,0.0
599738,0.0
599739,0.0
599740,0.0
599741,0.0
599742,0.0
599743,0.0
599744,0.0
599745,0.0
599746,0.0
599747,0.0
599748,0.0
599749,0.0
599750,0.0
599751,0.0
599752,0.0
599753,0.0
599754,0.0
599755,0.0
599756,0.0
599757,1.381836e-24
599758,0.0
599759,0.0
599760,0.0
599761,0.0
599762,0.0
599763,0.0
599764,0.0
599765,0.0
599766,0.0
599767,0.0
599768,0.0
599769,0.0
599770,0.0
599771,0.0
599772,0.0
599773,0.0
599774,0.0
599775,0.0
599776,0.0
599777,0.0
599778,0.0
599779,0.0
599780,0.0
599781,0.0
599782,0.0
599783,0.0
599784,0.0
599785,0.0
599786,0.0
599787,0.0
599788,0.0
599789,0.0
599790,0.0
599791,0.0
599792,0.0
599793,0.0
599794,0.0
599795,0.0
599796,0.0
599797,0.0
599798,0.0
599799,0.0
599800,0.0
599801,0.0
599802,0.0
599803,0.0
599804,0.0
599805,0.0
599806,0.0
599807,0.0
599808,0.0
599809,0.0
599810,0.0
599811,0.0
599812,0.0
599813,0.0
599814,0.0
599815,0.0
599816,0.0
599817,3.238589e-09
599818,0.0
599819,0.0
599820,0.0
599821,0.0
599822,0.0
599823,0.0
599824,0.0
599825,0.0
599826,0.0
599827,0.0
599828,0.0
599829,0.0
599830,0.0
599831,0.0
599832,0.0
599833,0.0
599834,0.0
599835,0.0
599836,0.0
599837,0.0
599838,0.0
599839,0.0
599840,0.0
599841,0.0
599842,0.0
599843,0.0
599844,0.0
599845,0.0
599846,0.0
599847,0.0
599848,0.0
599849,0.0
599850,0.0
599851,0.0
599852,0.0
599853,0.0
599854,0.0
599855,0.0
599856,0.0
599857,0.0
599858,0.0
599859,0.0
599860,0.0
599861,0.0
599862,0.0
599863,0.0
599864,0.0
599865,0.0
599866,0.0
599867,0.0
599868,0.0
599869,0.0
599870,0.0
599871,0.0
599872,0.0
599873,0.0
599874,0.0
599875,0.0
599876,0.0
599877,0.0
599878,0.0
599879,0.0
599880,0.0
599881,0.0
599882,0.0
599883,0.0
599884,0.0
599885,0.0
599886,0.0
599887,0.0
599888,0.0
599889,0.0
599890,0.0
599891,0.0
599892,0.0
599893,0.0
599894,0.0
599895,0.0
599896,0.0
599897,0.0
599898,0.0
599899,0.0
599900,0.0
599901,0.0
599902,0.0
599903,0.0
599904,0.0
599905,0.0
599906,0.0
599907,0.0
599908,0.0
599909,0.0
599910,0.0
599911,0.0
599912,0.0
599913,0.0
599914,0.0
599915,0.0
599916,0.0
599917,0.0
599918,0.0
599919,0.0
599920,0.0
599921,0.0
599922,0.0
599923,0.0
599924,0.0
599925,0.0
599926,0.0
599927,0.0
599928,0.0
599929,0.0
599930,0.0
599931,0.0
599932,0.0
599933,0.0
599934,0.0
599935,0.0
599936,0.0
599937,0.0
599938,0.0
599939,0.0
599940,0.0
599941,0.0
599942,0.0
599943,0.0
599944,0.0
599945,0.0
599946,0.0
599947,0.0
599948,0.0
599949,0.0
599950,0.0
599951,0.0
599952,0.0
599953,0.0
599954,0.0
599955,0.0
599956,0.0
599957,0.0
599958,0.0
599959,0.0
599960,0.0
599961,0.0
599962,0.0
599963,0.0
599964,0.0
599965,0.0
599966,0.0
599967,0.0
599968,0.0
599969,0.0
599970,0.0
599971,0.0
599972,0.0
599973,0.0
599974,0.0
599975,0.0
599976,0.0
599977,0.0
599978,0.0
599979,0.0
599980,0.0
599981,0.0
599982,0.0
599983,0.0
599984,0.0
599985,0.0
599986,0.0
599987,0.0
599988,0.0
599989,0.0
599990,0.0
599991,0.0
599992,0.0
599993,0.0
599994,0.0
599995,0.0
599996,0.0
599997,0.0
599998,0.0
599999,0.0
600000,0.0
600001,0.0
600002,0.0
600003,0.0
600004,0.0
600005,0.0
600006,0.0
600007,0.0
600008,0.0
600009,0.0
600010,0.0
600011,0.0
600012,0.0
600013,0.0
600014,0.0
600015,0.0
600016,0.0
600017,0.0
600018,0.0
600019,0.0
600020,0.0
600021,0.0
600022,0.0
600023,0.0
600024,7.299976e-19
600025,0.0
600026,0.0
600027,0.0
600028,0.0
600029,0.0
600030,0.0
600031,0.0
600032,0.0
600033,0.0
600034,0.0
600035,0.0
600036,0.0
600037,0.0
600038,0.0
600039,0.0
600040,0.0
600041,0.0
600042,0.0
600043,0.0
600044,0.0
600045,0.0
600046,0.0
600047,0.0
600048,0.0
600049,0.0
600050,0.0
600051,0.0
600052,0.0
600053,0.0
600054,0.0
600055,0.0
600056,0.0
600057,0.0
600058,0.0
600059,0.0
600060,0.0
600061,0.0
600062,0.0
600063,0.0
600064,0.0
600065,0.0
600066,0.0
600067,0.0
600068,0.0
600069,0.0
600070,0.0
600071,0.0
600072,0.0
600073,0.0
600074,0.0
600075,0.0
600076,0.0
600077,0.0
600078,0.0
600079,0.0
600080,0.0
600081,0.0
600082,0.0
600083,0.0
600084,0.0
600085,0.0
600086,0.0
600087,0.0
600088,0.0
600089,0.0
600090,0.0
600091,0.0
600092,0.0
600093,0.0
600094,0.0
600095,0.0
600096,0.0
600097,0.0
600098,0.0
600099,0.0
600100,0.0
600101,0.0
600102,0.0
600103,0.0
600104,0.0
600105,0.0
600106,0.0
600107,0.0
600108,0.0
600109,0.0
600110,0.0
600111,0.0
600112,0.0
600113,0.0
600114,0.0
600115,0.0
600116,0.0
600117,0.0
600118,0.0
600119,0.0
600120,0.0
600121,0.0
600122,0.0
600123,0.0
600124,0.0
600125,0.0
600126,0.0
600127,0.0
600128,0.0
600129,0.0
600130,0.0
600131,0.0
600132,0.0
600133,0.0
600134,0.0
600135,0.0
600136,0.0
600137,0.0
600138,0.0
600139,0.0
600140,0.0
600141,0.0
600142,0.0
600143,0.0
600144,0.0
600145,0.0
600146,0.0
600147,0.0
600148,0.0
600149,0.0
600150,0.0
600151,0.0
600152,0.0
600153,0.0
600154,0.0
600155,0.0
600156,0.0
600157,0.0
600158,0.0
600159,0.0
600160,0.0
600161,0.0
600162,0.0
600163,0.0
600164,0.0
600165,0.0
600166,0.0
600167,0.0
600168,0.0
600169,0.0
600170,0.0
600171,0.0
600172,0.0
600173,0.0
600174,0.0
600175,0.0
600176,0.0
600177,0.0
600178,0.0
600179,0.0
600180,0.0
600181,0.0
600182,0.0
600183,0.0
600184,0.0
600185,0.0
600186,0.0
600187,0.0
600188,0.0
600189,0.0
600190,0.0
600191,3.0270835e-33
600192,0.0
600193,0.0
600194,0.0
600195,0.0
600196,0.0
600197,0.0
600198,0.0
600199,0.0
600200,0.0
600201,0.0
600202,0.0
600203,0.0
600204,0.0
600205,0.0
600206,0.0
600207,0.0
600208,0.0
600209,0.0
600210,0.0
600211,0.0
600212,0.0
600213,0.0
600214,0.0
600215,0.0
600216,0.0
600217,0.0
600218,0.0
600219,0.0
600220,0.0
600221,0.0
600222,0.0
600223,0.0
600224,0.0
600225,0.0
600226,0.0
600227,0.0
600228,0.0
600229,0.0
600230,0.0
600231,0.0
600232,0.0
600233,0.0
600234,0.0
600235,0.0
600236,0.0
600237,0.0
600238,0.0
600239,0.0
600240,0.0
600241,0.0
600242,0.0
600243,0.0
600244,0.0
600245,0.0
600246,0.0
600247,0.0
600248,0.0
600249,0.0
600250,0.0
600251,0.0
600252,0.0
600253,0.0
600254,0.0
600255,0.0
600256,0.0
600257,0.0
600258,0.0
600259,0.0
600260,0.0
600261,0.0
600262,0.0
600263,0.0
600264,0.0
600265,0.0
600266,0.0
600267,0.0
600268,0.0
600269,0.0
600270,0.0
600271,0.0
600272,0.0
600273,0.0
600274,0.0
600275,0.0
600276,0.0
600277,0.0
600278,0.0
600279,0.0
600280,0.0
600281,0.0
600282,0.0
600283,0.0
600284,0.0
600285,0.0
600286,0.0
600287,0.0
600288,0.0
600289,0.0
600290,0.0
600291,0.0
600292,0.0
600293,0.0
600294,0.0
600295,0.0
600296,0.0
600297,0.0
600298,0.0
600299,0.0
600300,0.0
600301,0.0
600302,0.0
600303,1.2206283e-26
600304,0.0
600305,0.0
600306,0.0
600307,0.0
600308,0.0
600309,0.0
600310,0.0
600311,0.0
600312,0.0
600313,0.0
600314,0.0
600315,9.94934e-19
600316,0.0
600317,0.0
600318,0.0
600319,0.0
600320,0.0
600321,0.0
600322,0.0
600323,0.0
600324,0.0
600325,0.0
600326,0.0
600327,0.0
600328,0.0
600329,0.0
600330,0.0
600331,0.0
600332,0.0
600333,0.0
600334,0.0
600335,0.0
600336,0.0
600337,0.0
600338,0.0
600339,0.0
600340,0.0
600341,0.0
600342,0.0
600343,0.0
600344,0.0
600345,0.0
600346,0.0
600347,0.0
600348,0.0
600349,0.0
600350,0.0
600351,0.0
600352,0.0
600353,0.0
600354,0.0
600355,0.0
600356,0.0
600357,0.0
600358,0.0
600359,0.0
600360,0.0
600361,0.0
600362,0.0
600363,0.0
600364,0.0
600365,0.0
600366,0.0
600367,0.0
600368,0.0
600369,0.0
600370,0.0
600371,0.0
600372,0.0
600373,0.0
600374,0.0
600375,0.0
600376,0.0
600377,0.0
600378,0.0
600379,0.0
600380,0.0
600381,0.0
600382,0.0
600383,0.0
600384,0.0
600385,0.0
600386,0.0
600387,0.0
600388,0.0
600389,0.0
600390,0.0
600391,0.0
600392,0.0
600393,0.0
600394,0.0
600395,0.0
600396,0.0
600397,0.0
600398,0.0
600399,0.0
600400,0.0
600401,0.0
600402,0.0
600403,0.0
600404,0.0
600405,0.0
600406,0.0
600407,0.0
600408,0.0
600409,0.0
600410,0.0
600411,0.0
600412,0.0
600413,0.0
600414,0.0
600415,0.0
600416,0.0
600417,0.0
600418,0.0
600419,0.0
600420,0.0
600421,0.0
600422,0.0
600423,0.0
600424,0.0
600425,0.0
600426,0.0
600427,0.0
600428,0.0
600429,0.0
600430,0.0
600431,0.0
600432,0.0
600433,0.0
600434,0.0
600435,0.0
600436,0.0
600437,0.0
600438,0.0
600439,0.0
600440,0.0
600441,0.0
600442,0.0
600443,0.0
600444,0.0
600445,0.0
600446,0.0
600447,0.0
600448,0.0
600449,0.0
600450,0.0
600451,0.0
600452,0.0
600453,0.0
600454,0.0
600455,0.0
600456,0.0
600457,0.0
600458,0.0
600459,0.0
600460,0.0
600461,0.0
600462,0.0
600463,0.0
600464,0.0
600465,0.0
600466,0.0
600467,0.0
600468,0.0
600469,0.0
600470,0.0
600471,0.0
600472,0.0
600473,0.0
600474,0.0
600475,0.0
600476,0.0
600477,0.0
600478,0.0
600479,0.0
600480,0.0
600481,0.0
600482,0.0
600483,0.0
600484,0.0
600485,0.0
600486,0.0
600487,0.0
600488,0.0
600489,0.0
600490,0.0
600491,0.0
600492,0.0
600493,0.0
600494,0.0
600495,0.0
600496,0.0
600497,0.0
600498,0.0
600499,0.0
600500,0.0
600501,0.0
600502,0.0
600503,0.0
600504,0.0
600505,0.0
600506,0.0
600507,0.0
600508,0.0
600509,0.0
600510,0.0
600511,0.0
600512,0.0
600513,0.0
600514,0.0
600515,0.0
600516,0.0
600517,0.0
600518,0.0
600519,0.0
600520,0.0
600521,0.0
600522,0.0
600523,0.0
600524,0.0
600525,0.0
600526,0.0
600527,0.0
600528,0.0
600529,0.0
600530,0.0
600531,0.0
600532,0.0
600533,0.0
600534,0.0
600535,0.0
600536,0.0
600537,0.0
600538,0.0
600539,0.0
600540,0.0
600541,0.0
600542,0.0
600543,0.0
600544,0.0
600545,0.0
600546,0.0
600547,0.0
600548,0.0
600549,0.0
600550,0.0
600551,0.0
600552,0.0
600553,0.0
600554,0.0
600555,0.0
600556,0.0
600557,0.0
600558,0.0
600559,0.0
600560,0.0
600561,0.0
600562,0.0
600563,0.0
600564,0.0
600565,0.0
600566,0.0
600567,0.0
600568,0.0
600569,0.0
600570,0.0
600571,0.0
600572,0.0
600573,0.0
600574,0.0
600575,0.0
600576,0.0
600577,0.0
600578,0.0
600579,0.0
600580,0.0
600581,0.0
600582,0.0
600583,0.0
600584,0.0
600585,0.0
600586,0.0
600587,0.0
600588,0.0
600589,0.0
600590,0.0
600591,0.0
600592,0.0
600593,0.0
600594,0.0
600595,0.0
600596,0.0
600597,0.0
600598,0.0
600599,0.0
600600,0.0
600601,0.0
600602,0.0
600603,0.0
600604,0.0
600605,0.0
600606,0.0
600607,0.0
600608,0.0
600609,0.0
600610,0.0
600611,0.0
600612,0.0
600613,0.0
600614,0.0
600615,0.0
600616,0.0
600617,0.0
600618,0.0
600619,0.0
600620,0.0
600621,0.0
600622,0.0
600623,0.0
600624,0.0
600625,0.0
600626,0.0
600627,0.0
600628,0.0
600629,0.0
600630,0.0
600631,0.0
600632,0.0
600633,0.0
600634,0.0
600635,0.0
600636,0.0
600637,0.0
600638,0.0
600639,0.0
600640,0.0
600641,0.0
600642,0.0
600643,0.0
600644,0.0
600645,0.0
600646,0.0
600647,0.0
600648,0.0
600649,0.0
600650,0.0
600651,0.0
600652,0.0
600653,0.0
600654,0.0
600655,0.0
600656,0.0
600657,0.0
600658,0.0
600659,0.0
600660,0.0
600661,0.0
600662,0.0
600663,0.0
600664,0.0
600665,0.0
600666,0.0
600667,0.0
600668,0.0
600669,0.0
600670,0.0
600671,0.0
600672,0.0
600673,0.0
600674,0.0
600675,0.0
600676,0.0
600677,0.0
600678,0.0
600679,0.0
600680,0.0
600681,0.0
600682,0.0
600683,0.0
600684,0.0
600685,0.0
600686,0.0
600687,0.0
600688,0.0
600689,0.0
600690,0.0
600691,0.0
600692,0.0
600693,0.0
600694,0.0
600695,0.0
600696,0.0
600697,0.0
600698,0.0
600699,0.0
600700,0.0
600701,0.0
600702,0.0
600703,0.0
600704,0.0
600705,0.0
600706,0.0
600707,0.0
600708,0.0
600709,0.0
600710,0.0
600711,0.0
600712,0.0
600713,0.0
600714,0.0
600715,0.0
600716,0.0
600717,0.0
600718,0.0
600719,0.0
600720,0.0
600721,0.0
600722,0.0
600723,0.0
600724,0.0
600725,0.0
600726,0.0
600727,0.0
600728,0.0
600729,0.0
600730,0.0
600731,0.0
600732,0.0
600733,0.0
600734,1.7277867e-29
600735,0.0
600736,0.0
600737,0.0
600738,0.0
600739,0.0
600740,0.0
600741,0.0
600742,0.0
600743,0.0
600744,0.0
600745,0.0
600746,0.0
600747,0.0
600748,0.0
600749,0.0
600750,0.0
600751,0.0
600752,0.0
600753,0.0
600754,0.0
600755,0.0
600756,0.0
600757,0.0
600758,0.0
600759,0.0
600760,0.0
600761,0.0
600762,0.0
600763,0.0
600764,0.0
600765,0.0
600766,0.0
600767,0.0
600768,0.0
600769,0.0
600770,0.0
600771,0.0
600772,0.0
600773,0.0
600774,0.0
600775,0.0
600776,0.0
600777,0.0
600778,0.0
600779,0.0
600780,0.0
600781,0.0
600782,0.0
600783,0.0
600784,0.0
600785,0.0
600786,0.0
600787,0.0
600788,0.0
600789,0.0
600790,0.0
600791,0.0
600792,0.0
600793,0.0
600794,0.0
600795,0.0
600796,0.0
600797,0.0
600798,0.0
600799,0.0
600800,0.0
600801,0.0
600802,0.0
600803,0.0
600804,0.0
600805,0.0
600806,0.0
600807,0.0
600808,0.0
600809,0.0
600810,0.0
600811,0.0
600812,0.0
600813,0.0
600814,0.0
600815,0.0
600816,0.0
600817,0.0
600818,0.0
600819,0.0
600820,0.0
600821,0.0
600822,0.0
600823,0.0
600824,0.0
600825,0.0
600826,0.0
600827,0.0
600828,0.0
600829,0.0
600830,0.0
600831,0.0
600832,0.0
600833,0.0
600834,0.0
600835,0.0
600836,0.0
600837,0.0
600838,0.0
600839,0.0
600840,0.0
600841,0.0
600842,0.0
600843,0.0
600844,0.0
600845,0.0
600846,0.0
600847,0.0
600848,0.0
600849,0.0
600850,0.0
600851,0.0
600852,0.0
600853,0.0
600854,0.0
600855,0.0
600856,0.0
600857,0.0
600858,0.0
600859,0.0
600860,0.0
600861,0.0
600862,0.0
600863,0.0
600864,0.0
600865,0.0
600866,0.0
600867,0.0
600868,0.0
600869,0.0
600870,0.0
600871,7.6945544e-21
600872,0.0
600873,0.0
600874,0.0
600875,0.0
600876,0.0
600877,0.0
600878,0.0
600879,0.0
600880,0.0
600881,0.0
600882,0.0
600883,0.0
600884,7.2310855e-31
600885,0.0
600886,0.0
600887,0.0
600888,0.0
600889,0.0
600890,0.0
600891,0.0
600892,0.0
600893,0.0
600894,0.0
600895,0.0
600896,0.0
600897,0.0
600898,0.0
600899,0.0
600900,0.0
600901,0.0
600902,0.0
600903,0.0
600904,0.0
600905,0.0
600906,0.0
600907,0.0
600908,0.0
600909,0.0
600910,0.0
600911,0.0
600912,0.0
600913,0.0
600914,0.0
600915,0.0
600916,0.0
600917,0.0
600918,0.0
600919,0.0
600920,0.0
600921,0.0
600922,0.0
600923,0.0
600924,0.0
600925,0.0
600926,0.0
600927,0.0
600928,0.0
600929,0.0
600930,0.0
600931,0.0
600932,0.0
600933,0.0
600934,0.0
600935,0.0
600936,0.0
600937,0.0
600938,0.0
600939,0.0
600940,0.0
600941,0.0
600942,0.0
600943,0.0
600944,0.0
600945,0.0
600946,0.0
600947,0.0
600948,0.0
600949,0.0
600950,0.0
600951,0.0
600952,0.0
600953,0.0
600954,0.0
600955,0.0
600956,0.0
600957,0.0
600958,0.0
600959,0.0
600960,0.0
600961,0.0
600962,0.0
600963,0.0
600964,0.0
600965,0.0
600966,0.0
600967,0.0
600968,0.0
600969,0.0
600970,0.0
600971,0.0
600972,0.0
600973,0.0
600974,0.0
600975,0.0
600976,0.0
600977,0.0
600978,0.0
600979,0.0
600980,0.0
600981,0.0
600982,0.0
600983,0.0
600984,0.0
600985,0.0
600986,0.0
600987,0.0
600988,0.0
600989,0.0
600990,0.0
600991,1.0488146e-23
600992,0.0
600993,0.0
600994,0.0
600995,0.0
600996,0.0
600997,0.0
600998,0.0
600999,0.0
601000,0.0
601001,0.0
601002,0.0
601003,0.0
601004,0.0
601005,0.0
601006,0.0
601007,0.0
601008,0.0
601009,0.0
601010,0.0
601011,0.0
601012,0.0
601013,0.0
601014,0.0
601015,0.0
601016,0.0
601017,0.0
601018,0.0
601019,0.0
601020,0.0
601021,0.0
601022,0.0
601023,0.0
601024,0.0
601025,0.0
601026,0.0
601027,0.0
601028,0.0
601029,0.0
601030,0.0
601031,0.0
601032,0.0
601033,0.0
601034,0.0
601035,0.0
601036,0.0
601037,0.0
601038,0.0
601039,0.0
601040,0.0
601041,0.0
601042,0.0
601043,0.0
601044,0.0
601045,0.0
601046,0.0
601047,0.0
601048,0.0
601049,0.0
601050,0.0
601051,0.0
601052,0.0
601053,0.0
601054,0.0
601055,0.0
601056,0.0
601057,0.0
601058,0.0
601059,0.0
601060,0.0
601061,0.0
601062,0.0
601063,0.0
601064,0.0
601065,0.0
601066,0.0
601067,0.0
601068,0.0
601069,0.0
601070,0.0
601071,0.0
601072,0.0
601073,0.01509624
601074,0.0
601075,0.0
601076,0.0
601077,0.0
601078,0.0
601079,0.0
601080,0.0
601081,0.0
601082,0.0
601083,0.0
601084,0.0
601085,0.0
601086,0.0
601087,0.0
601088,0.0
601089,0.0
601090,0.0
601091,0.0
601092,0.0
601093,0.0
601094,0.0
601095,0.0
601096,0.0
601097,0.0
601098,0.0
601099,0.0
601100,0.0
601101,0.0
601102,0.0
601103,0.0
601104,0.0
601105,0.0
601106,0.0
601107,0.0
601108,0.0
601109,0.0
601110,0.0
601111,0.0
601112,0.0
601113,0.0
601114,0.0
601115,0.0
601116,0.0
601117,0.0
601118,0.0
601119,0.0
601120,0.0
601121,0.0
601122,0.0
601123,0.0
601124,0.0
601125,0.0
601126,0.0
601127,0.0
601128,0.0
601129,0.0
601130,0.0
601131,0.0
601132,0.0
601133,0.0
601134,0.0
601135,0.0
601136,0.0
601137,0.0
601138,0.0
601139,0.0
601140,0.0
601141,0.0
601142,0.0
601143,0.0
601144,0.0
601145,0.0
601146,0.0
601147,0.0
601148,0.0
601149,0.0
601150,0.0
601151,0.0
601152,0.0
601153,0.0
601154,0.0
601155,0.0
601156,0.0
601157,0.0
601158,0.0
601159,0.0
601160,0.0
601161,0.0
601162,0.0
601163,0.0
601164,0.0
601165,0.0
601166,0.0
601167,0.0
601168,0.0
601169,0.0
601170,0.0
601171,0.0
601172,0.0
601173,0.0
601174,0.0
601175,0.0
601176,0.0
601177,0.0
601178,0.0
601179,0.0
601180,0.0
601181,0.0
601182,0.0
601183,0.0
601184,0.0
601185,0.0
601186,0.0
601187,0.0
601188,0.0
601189,0.0
601190,0.0
601191,0.0
601192,0.0
601193,0.0
601194,0.0
601195,0.0
601196,0.0
601197,0.0
601198,0.0
601199,0.0
601200,0.0
601201,0.0
601202,0.0
601203,0.0
601204,0.0
601205,0.0
601206,0.0
601207,0.0
601208,0.0
601209,0.0
601210,0.0
601211,0.0
601212,0.0
601213,0.0
601214,0.0
601215,0.0
601216,0.0
601217,0.0
601218,0.0
601219,0.0
601220,0.0
601221,0.0
601222,0.0
601223,0.0
601224,0.0
601225,0.0
601226,0.0
601227,0.0
601228,0.0
601229,0.0
601230,0.0
601231,0.0
601232,0.0
601233,0.0
601234,0.0
601235,0.0
601236,0.0
601237,0.0
601238,0.0
601239,0.0
601240,0.0
601241,0.0
601242,0.0
601243,0.0
601244,0.0
601245,0.0
601246,0.0
601247,0.0
601248,0.0
601249,0.0
601250,0.0
601251,0.0
601252,0.0
601253,0.0
601254,0.0
601255,0.0
601256,0.0
601257,0.0
601258,0.0
601259,0.0
601260,0.0
601261,0.0
601262,0.0
601263,0.0
601264,0.0
601265,0.0
601266,0.0
601267,0.0
601268,0.0
601269,0.0
601270,0.0
601271,0.0
601272,0.0
601273,0.0
601274,0.0
601275,0.0
601276,0.0
601277,0.0
601278,0.0
601279,0.0
601280,0.0
601281,0.0
601282,0.0
601283,0.0
601284,0.0
601285,0.0
601286,0.0
601287,0.0
601288,0.0
601289,0.0
601290,0.0
601291,0.0
601292,0.0
601293,0.0
601294,0.0
601295,0.0
601296,0.0
601297,0.0
601298,0.0
601299,0.0
601300,2.3713497e-25
601301,0.0
601302,0.0
601303,0.0
601304,0.0
601305,0.0
601306,0.0
601307,0.0
601308,0.0
601309,0.0
601310,0.0
601311,0.0
601312,0.0
601313,0.0
601314,0.0
601315,0.0
601316,0.0
601317,0.0
601318,0.0
601319,0.0
601320,0.0
601321,0.0
601322,0.0
601323,0.0
601324,0.0
601325,0.0
601326,0.0
601327,0.0
601328,0.0
601329,0.0
601330,0.0
601331,0.0
601332,0.0
601333,0.0
601334,0.0
601335,0.0
601336,0.0
601337,0.0
601338,0.0
601339,0.0
601340,0.0
601341,0.0
601342,0.0
601343,0.0
601344,0.0
601345,0.0
601346,0.0
601347,0.0
601348,0.0
601349,6.6789962e-15
601350,0.0
601351,0.0
601352,0.0
601353,0.0
601354,0.0
601355,0.0
601356,0.0
601357,0.0
601358,0.0
601359,0.0
601360,0.0
601361,0.0
601362,0.0
601363,0.0
601364,0.0
601365,0.0
601366,0.0
601367,0.0
601368,0.0
601369,0.0
601370,0.0
601371,0.0
601372,0.0
601373,0.0
601374,0.0
601375,0.0
601376,0.0
601377,0.0
601378,0.0
601379,0.0
601380,0.0
601381,0.0
601382,0.0
601383,0.0
601384,0.0
601385,0.0
601386,0.0
601387,0.0
601388,0.0
601389,0.0
601390,0.0
601391,0.0
601392,0.0
601393,0.0
601394,0.0
601395,0.0
601396,0.0
601397,0.0
601398,0.0
601399,0.021689383
601400,0.0
601401,0.0
601402,0.0
601403,0.0
601404,0.0
601405,0.0
601406,0.0
601407,0.0
601408,0.0
601409,0.0
601410,0.0
601411,0.0
601412,0.0
601413,0.0
601414,0.0
601415,0.0
601416,0.0
601417,0.0
601418,0.0
601419,0.0
601420,0.0
601421,0.0
601422,0.0
601423,0.0
601424,0.0
601425,0.0
601426,0.0
601427,0.0
601428,0.0
601429,0.0
601430,0.0
601431,0.0
601432,0.0
601433,0.0
601434,0.0
601435,0.0
601436,0.0
601437,0.0
601438,0.0
601439,0.104308024
601440,0.0
601441,0.0
601442,0.0
601443,0.0
601444,0.0
601445,0.0
601446,0.0
601447,0.0
601448,0.0
601449,0.0
601450,0.0
601451,0.0
601452,0.0
601453,0.0
601454,0.0
601455,0.0
601456,0.0
601457,0.0
601458,0.0
601459,0.0
601460,0.0
601461,0.0
601462,0.0
601463,0.0
601464,0.0
601465,0.0
601466,0.0
601467,0.0
601468,0.0
601469,0.0
601470,0.0
601471,0.0
601472,0.0
601473,0.0
601474,0.0
601475,0.0
601476,0.0
601477,0.0
601478,0.0
601479,0.0
601480,0.0
601481,0.0
601482,0.0
601483,0.0
601484,0.0
601485,0.0
601486,0.0
601487,0.0
601488,0.0
601489,0.0
601490,0.0
601491,0.0
601492,0.0
601493,0.0
601494,0.0
601495,0.0
601496,0.0
601497,0.0
601498,0.0
601499,0.0
601500,0.0
601501,0.0
601502,0.0
601503,0.0
601504,0.0
601505,0.0
601506,0.0
601507,0.0
601508,0.0
601509,0.0
601510,0.0
601511,0.0
601512,0.0
601513,0.0
601514,0.0
601515,0.0
601516,0.0
601517,0.0
601518,0.0
601519,0.0
601520,0.0
601521,0.0
601522,0.0
601523,0.0
601524,0.0
601525,0.0
601526,0.0
601527,0.0
601528,0.0
601529,0.0
601530,0.0
601531,0.0
601532,0.0
601533,0.0
601534,0.0
601535,0.0
601536,0.0
601537,0.0
601538,0.0
601539,0.0
601540,0.0
601541,0.0
601542,0.0
601543,7.606891e-19
601544,0.0
601545,0.0
601546,0.0
601547,0.0
601548,0.0
601549,0.0
601550,0.0
601551,0.0
601552,0.0
601553,0.0
601554,0.0
601555,1.7701113e-20
601556,0.0
601557,0.0
601558,0.0
601559,0.0
601560,0.0
601561,0.0
601562,2.2529576e-31
601563,0.0
601564,0.0
601565,0.0
601566,0.0
601567,0.0
601568,0.0
601569,0.0
601570,0.0
601571,0.0
601572,0.0
601573,0.0
601574,0.0
601575,0.0
601576,0.0
601577,0.0
601578,0.0
601579,0.0
601580,0.0
601581,0.0
601582,0.0
601583,0.0
601584,0.0
601585,0.0
601586,0.0
601587,0.0
601588,0.0
601589,0.0
601590,0.0
601591,0.0
601592,0.0
601593,0.0
601594,0.0
601595,0.0
601596,0.0
601597,0.0
601598,0.0
601599,0.0
601600,0.0
601601,0.0
601602,0.0
601603,0.0
601604,0.0
601605,0.0
601606,0.0
601607,0.0
601608,0.0
601609,0.0
601610,0.0
601611,0.0
601612,0.0
601613,0.0
601614,0.0
601615,0.0
601616,0.0
601617,0.0
601618,0.0
601619,0.0
601620,0.0
601621,0.0
601622,0.0
601623,0.0
601624,0.0
601625,0.0
601626,0.0
601627,0.0
601628,0.0
601629,0.0
601630,0.0
601631,0.0
601632,0.0
601633,0.0
601634,0.0
601635,0.0
601636,0.0
601637,0.0
601638,0.0
601639,0.0
601640,0.0
601641,0.0
601642,0.0
601643,0.0
601644,0.0
601645,0.0
601646,0.0
601647,0.0
601648,0.0
601649,0.0
601650,0.0
601651,4.6200307e-11
601652,0.0
601653,0.0
601654,0.0
601655,0.0
601656,0.0
601657,0.0
601658,0.0
601659,0.0
601660,0.0
601661,0.0
601662,0.0
601663,0.0
601664,0.0
601665,0.0
601666,0.0
601667,0.0
601668,0.0
601669,0.0
601670,0.0
601671,0.0
601672,0.0
601673,0.0
601674,0.0
601675,0.0
601676,0.0
601677,0.0
601678,0.0
601679,0.0
601680,0.0
601681,0.0
601682,0.0
601683,0.0
601684,0.0
601685,0.0
601686,0.0
601687,0.0
601688,0.0
601689,0.0
601690,0.0
601691,0.0
601692,0.0
601693,0.0
601694,0.0
601695,0.0
601696,0.0
601697,0.0
601698,0.0
601699,0.0
601700,0.0
601701,0.0
601702,0.0
601703,0.0
601704,0.0
601705,0.0
601706,0.0
601707,0.0
601708,0.0
601709,0.0
601710,0.0
601711,0.0
601712,0.0
601713,0.0
601714,0.0
601715,0.0
601716,0.0
601717,0.0
601718,0.0
601719,0.0
601720,0.0
601721,0.0
601722,0.0
601723,0.0
601724,0.0
601725,0.0
601726,0.0
601727,0.0
601728,0.0
601729,0.0
601730,0.0
601731,0.0
601732,0.0
601733,0.0
601734,0.0
601735,0.0
601736,0.0
601737,0.0
601738,0.0
601739,0.0
601740,0.0
601741,0.0
601742,0.0
601743,0.0
601744,0.0
601745,0.0
601746,0.0
601747,0.0
601748,0.0
601749,0.0
601750,0.0
601751,0.0
601752,0.0
601753,0.0
601754,0.0
601755,0.0
601756,0.0
601757,0.0
601758,0.0
601759,0.0
601760,0.0
601761,0.0
601762,0.0
601763,0.0
601764,0.0
601765,0.0
601766,0.0
601767,0.0
601768,0.0
601769,0.0
601770,0.0
601771,0.0
601772,0.0
601773,0.0
601774,0.0
601775,0.0
601776,0.0
601777,0.0
601778,0.0
601779,0.0
601780,0.0
601781,0.0
601782,0.0
601783,0.0
601784,0.0
601785,0.0
601786,0.0
601787,0.0
601788,0.0
601789,0.0
601790,0.0
601791,0.0
601792,0.0
601793,0.0
601794,0.0
601795,0.0
601796,0.0
601797,0.0
601798,0.0
601799,0.0
601800,0.0
601801,0.0
601802,0.0
601803,0.0
601804,0.0
601805,0.0
601806,0.0
601807,0.0
601808,0.0
601809,0.0
601810,0.0
601811,0.0
601812,0.0
601813,0.0
601814,0.0
601815,0.0
601816,0.0
601817,0.0
601818,0.0
601819,0.0
601820,0.0
601821,0.0
601822,0.0
601823,0.0
601824,0.0
601825,0.0
601826,0.0
601827,0.0
601828,0.0
601829,0.0
601830,0.0
601831,0.0
601832,0.0
601833,0.0
601834,0.0
601835,0.0
601836,0.0
601837,0.0
601838,0.0
601839,0.0
601840,0.0
601841,0.0
601842,0.0
601843,0.0
601844,0.020616647
601845,0.0
601846,0.0
601847,0.0
601848,0.0
601849,0.0
601850,0.0
601851,0.0
601852,0.0
601853,0.0
601854,0.0
601855,0.0
601856,0.0
601857,0.0
601858,0.0
601859,0.0
601860,0.0
601861,0.0
601862,0.0
601863,0.0
601864,0.0
601865,0.0
601866,0.0
601867,0.0
601868,0.0
601869,0.0
601870,0.0
601871,0.0
601872,0.0
601873,0.0
601874,0.0
601875,0.0
601876,0.0
601877,0.0
601878,0.0
601879,0.0
601880,0.0
601881,0.0
601882,0.0
601883,0.0
601884,0.0
601885,0.0
601886,0.0
601887,0.0
601888,0.0
601889,0.0
601890,0.0
601891,0.0
601892,0.0
601893,0.0
601894,0.0
601895,0.0
601896,0.0
601897,0.0
601898,0.0
601899,0.0
601900,0.0
601901,0.0
601902,0.0
601903,0.0
601904,0.0
601905,0.0
601906,0.0
601907,0.0
601908,0.0
601909,0.0
601910,0.0
601911,0.0
601912,0.0
601913,0.0
601914,0.0
601915,0.0
601916,0.0
601917,0.0
601918,0.0
601919,0.0
601920,0.0
601921,0.0
601922,0.0
601923,0.0
601924,0.0
601925,0.0
601926,0.0
601927,0.0
601928,0.0
601929,0.0
601930,0.0
601931,0.0
601932,0.0
601933,0.0
601934,0.0
601935,0.0
601936,0.0
601937,0.0
601938,0.0
601939,0.0
601940,0.0
601941,0.0
601942,0.0
601943,0.0
601944,0.0
601945,0.0
601946,0.0
601947,0.0
601948,0.0
601949,0.0
601950,0.0
601951,0.0
601952,0.0
601953,0.0
601954,0.0
601955,0.0
601956,0.0
601957,0.0
601958,0.0
601959,0.0
601960,0.0
601961,0.0
601962,0.0
601963,0.0
601964,0.0
601965,0.0
601966,0.0
601967,0.0
601968,0.0
601969,0.0
601970,0.0
601971,0.0
601972,0.0
601973,0.0
601974,0.0
601975,0.0
601976,0.0
601977,0.0
601978,0.0
601979,0.0
601980,0.0
601981,0.0
601982,0.0
601983,0.0
601984,0.0
601985,0.0
601986,0.0
601987,0.0
601988,0.0
601989,0.0
601990,0.0
601991,0.0
601992,0.0
601993,0.0
601994,0.0
601995,0.0
601996,0.0
601997,0.0
601998,0.0
601999,0.0
602000,0.0
602001,0.0
602002,0.0
602003,0.0
602004,0.0
602005,0.0
602006,0.0
602007,0.0
602008,0.0
602009,0.0
602010,0.0
602011,0.0
602012,0.0
602013,0.0
602014,0.0
602015,0.0
602016,0.0
602017,0.019384453
602018,0.0
602019,0.0
602020,0.0
602021,0.0
602022,0.0
602023,0.0
602024,0.0
602025,0.0
602026,0.0
602027,0.0
602028,0.0
602029,0.0
602030,0.0
602031,0.0
602032,0.0
602033,0.0
602034,0.0
602035,0.0
602036,0.0
602037,0.0
602038,0.0
602039,0.0
602040,0.0
602041,0.0
602042,0.0
602043,0.0
602044,0.0
602045,0.0
602046,0.0
602047,0.0
602048,0.0
602049,0.0
602050,0.0
602051,0.0
602052,0.0
602053,0.0
602054,0.0
602055,0.0
602056,0.0
602057,0.0
602058,0.0
602059,0.0
602060,0.0
602061,0.0
602062,0.0
602063,0.0
602064,0.0
602065,0.0
602066,0.0
602067,0.0
602068,0.0
602069,0.0
602070,0.0
602071,0.0
602072,0.0
602073,0.0
602074,0.0
602075,0.0
602076,0.0
602077,0.0
602078,0.0
602079,0.0
602080,0.0
602081,0.0
602082,0.0
602083,0.0
602084,0.0
602085,0.0
602086,0.0
602087,0.0
602088,8.267105e-10
602089,0.0
602090,0.0
602091,0.0
602092,0.0
602093,0.0
602094,0.0
602095,0.0
602096,0.0
602097,0.0
602098,0.0
602099,0.0
602100,0.0
602101,0.0
602102,0.0
602103,0.0
602104,0.0
602105,0.0
602106,0.0
602107,0.0
602108,0.0
602109,0.0
602110,0.0
602111,0.0
602112,0.0
602113,0.0
602114,0.0
602115,0.0
602116,0.0
602117,0.0
602118,0.0
602119,0.0
602120,0.0
602121,0.0
602122,0.0
602123,0.0
602124,0.0
602125,0.0
602126,0.0
602127,0.0
602128,0.0
602129,0.0
602130,0.0
602131,0.0
602132,0.0
602133,0.0
602134,0.0
602135,0.0
602136,0.0
602137,0.0
602138,0.0
602139,0.0
602140,0.0
602141,0.0
602142,0.0
602143,0.0
602144,0.0
602145,0.0
602146,0.0
602147,0.0
602148,0.0
602149,0.0
602150,0.0
602151,0.0
602152,0.0
602153,0.0
602154,0.0
602155,2.886914e-06
602156,0.0
602157,0.0
602158,0.0
602159,0.0
602160,0.0
602161,0.0
602162,0.0
602163,0.0
602164,0.0
602165,0.0
602166,0.0
602167,0.0
602168,0.0
602169,0.0
602170,0.0
602171,0.0
602172,0.0
602173,0.0
602174,0.0
602175,0.0
602176,0.0
602177,0.0
602178,0.0
602179,0.0
602180,0.0
602181,0.0
602182,0.0
602183,0.0
602184,0.0
602185,0.0
602186,0.0
602187,0.0
602188,0.0
602189,0.0
602190,0.0
602191,0.0
602192,0.0
602193,0.0
602194,0.0
602195,0.0
602196,0.0
602197,0.0
602198,0.0
602199,0.0
602200,0.0
602201,0.0
602202,0.0
602203,0.0
602204,0.0
602205,0.0
602206,0.0
602207,0.0
602208,0.0
602209,0.0
602210,0.0
602211,0.0
602212,0.0
602213,0.0
602214,0.0
602215,0.0
602216,0.0
602217,0.0
602218,0.0
602219,0.0
602220,0.0
602221,0.0
602222,0.0
602223,0.0
602224,0.0
602225,0.0
602226,0.0
602227,0.0
602228,0.0
602229,0.0
602230,0.0
602231,0.0
602232,0.0
602233,0.0
602234,0.0
602235,0.0
602236,0.0
602237,0.0
602238,0.0
602239,0.0
602240,0.0
602241,0.0
602242,0.0
602243,0.0
602244,0.0
602245,0.0
602246,0.0
602247,0.0
602248,0.0
602249,0.0
602250,0.0
602251,0.0
602252,0.0
602253,0.0
602254,0.0
602255,0.0
602256,0.0
602257,0.0
602258,0.0
602259,0.0
602260,0.0
602261,0.0
602262,0.0
602263,0.0
602264,0.0
602265,0.0
602266,0.0
602267,0.0
602268,0.0
602269,0.0
602270,0.0
602271,0.0
602272,0.0
602273,0.0
602274,0.0
602275,0.0
602276,0.0
602277,0.0
602278,0.0
602279,0.0
602280,0.0
602281,0.0
602282,0.0
602283,0.0
602284,0.0
602285,0.0
602286,0.0
602287,0.0
602288,0.0
602289,0.0
602290,0.0
602291,0.0
602292,0.0
602293,0.0
602294,0.0
602295,0.0
602296,0.0
602297,0.0
602298,0.0
602299,0.0
602300,0.0
602301,0.0
602302,0.0
602303,0.0
602304,0.0
602305,0.0
602306,0.0
602307,0.0
602308,0.0
602309,0.0
602310,0.0
602311,0.0
602312,0.0
602313,0.0
602314,0.0
602315,0.0
602316,0.0
602317,0.0
602318,0.0
602319,0.0
602320,0.0
602321,0.0
602322,0.0
602323,0.0
602324,0.0
602325,0.0
602326,0.0
602327,0.0
602328,0.0
602329,0.0
602330,0.0
602331,0.0
602332,0.0
602333,0.0
602334,0.0
602335,0.0
602336,0.0
602337,0.0
602338,0.0
602339,0.0
602340,0.0
602341,0.0
602342,0.0
602343,0.0
602344,0.0
602345,0.0
602346,0.0
602347,0.0
602348,0.0
602349,0.0
602350,0.0
602351,0.0
602352,0.0
602353,0.0
602354,0.0
602355,0.0
602356,0.0
602357,0.0
602358,0.0
602359,0.0
602360,0.0
602361,0.0
602362,0.0
602363,0.0
602364,0.0
602365,0.0
602366,0.0
602367,0.0
602368,0.0
602369,0.0
602370,0.0
602371,0.0
602372,0.0
602373,0.0
602374,0.0
602375,0.0
602376,0.0
602377,0.0
602378,0.0
602379,0.0
602380,0.0
602381,0.0
602382,0.0
602383,1.6841382e-18
602384,0.0
602385,0.0
602386,0.0
602387,0.0
602388,0.0
602389,0.0
602390,0.0
602391,0.0
602392,0.0
602393,0.0
602394,0.0
602395,0.0
602396,0.0
602397,0.0
602398,0.0
602399,0.0
602400,0.0
602401,0.0
602402,0.0
602403,0.0
602404,0.0
602405,0.0
602406,0.0
602407,0.0
602408,0.0
602409,3.0475373e-08
602410,0.0
602411,0.0
602412,0.0
602413,0.0
602414,0.0
602415,0.0
602416,0.0
602417,0.0
602418,0.0
602419,0.0
602420,0.0
602421,0.0
602422,0.0
602423,0.0
602424,0.0
602425,0.0
602426,0.0
602427,0.0
602428,0.0
602429,0.0
602430,0.0
602431,0.0
602432,0.0
602433,0.0
602434,0.0
602435,0.0
602436,0.0
602437,0.0
602438,0.0
602439,0.0
602440,0.0
602441,0.0
602442,0.0
602443,0.0
602444,0.0
602445,0.0
602446,0.0
602447,0.0
602448,0.0
602449,0.0
602450,0.0
602451,0.0
602452,0.0
602453,0.0
602454,0.0
602455,0.0
602456,0.0
602457,0.0
602458,0.0
602459,0.0
602460,0.0
602461,0.0
602462,0.0
602463,0.0
602464,0.0
602465,0.0
602466,0.0
602467,0.0
602468,0.0
602469,0.0
602470,0.0
602471,0.0
602472,0.0
602473,0.0
602474,0.0
602475,0.0
602476,0.0
602477,0.0
602478,0.0
602479,0.0
602480,0.0
602481,0.0
602482,0.0
602483,0.0
602484,0.0
602485,0.0
602486,0.0
602487,0.0
602488,0.0
602489,0.0
602490,0.0
602491,0.0
602492,0.0
602493,0.0
602494,0.0
602495,0.0
602496,0.0
602497,0.0
602498,0.0
602499,0.0
602500,0.0
602501,0.0
602502,0.0
602503,0.0
602504,0.0
602505,0.0
602506,0.0
602507,6.8023576e-14
602508,0.0
602509,0.0
602510,0.0
602511,0.0
602512,0.0
602513,0.0
602514,0.0
602515,2.5067052e-28
602516,0.0
602517,0.0
602518,0.0
602519,0.0
602520,0.0
602521,0.0
602522,0.0
602523,0.0
602524,0.0
602525,0.0
602526,0.0
602527,0.0
602528,0.0
602529,0.0
602530,0.0
602531,0.0
602532,0.0
602533,0.0
602534,0.0
602535,0.0
602536,8.549799e-16
602537,0.0
602538,0.0
602539,0.0
602540,0.0
602541,0.0
602542,0.0
602543,0.0
602544,0.0
602545,0.0
602546,0.0
602547,0.0
602548,0.0
602549,0.0
602550,0.0
602551,0.0
602552,0.0
602553,0.0
602554,0.0
602555,0.0
602556,0.0
602557,0.0
602558,2.8602714e-34
602559,0.0
602560,0.0
602561,0.0
602562,0.0
602563,0.0
602564,0.0
602565,0.0
602566,0.0
602567,0.0
602568,0.0
602569,0.0
602570,0.0
602571,0.0
602572,0.0
602573,0.0
602574,0.0
602575,0.0
602576,0.0
602577,0.0
602578,0.0
602579,0.0
602580,0.0
602581,0.0
602582,0.0
602583,0.0
602584,0.0
602585,0.0
602586,1.293542e-32
602587,0.0
602588,0.0
602589,0.0
602590,0.0
602591,0.0
602592,0.0
602593,0.0
602594,0.0
602595,0.0
602596,0.0
602597,0.0
602598,0.0
602599,0.0
602600,0.0
602601,0.0
602602,0.0
602603,0.0
602604,0.0
602605,0.0
602606,0.0
602607,0.0
602608,0.0
602609,0.0
602610,0.0
602611,0.0
602612,0.0
602613,0.0
602614,0.0
602615,0.0
602616,0.0
602617,0.0
602618,0.0
602619,0.0
602620,0.0
602621,0.0
602622,0.0
602623,0.0
602624,0.0
602625,0.0
602626,0.0
602627,0.0
602628,0.0
602629,0.0
602630,0.0
602631,0.0
602632,0.0
602633,0.0
602634,0.0
602635,0.0
602636,0.0
602637,0.0
602638,0.0
602639,0.0
602640,0.0
602641,0.0
602642,0.0
602643,0.0
602644,0.0
602645,0.0
602646,0.0
602647,0.0
602648,0.0
602649,0.00011777311
602650,0.0
602651,0.0
602652,0.0
602653,0.0
602654,0.0
602655,0.0
602656,0.0
602657,0.0
602658,0.0
602659,0.0
602660,0.0
602661,0.0
602662,0.0
602663,0.0
602664,0.0
602665,0.0
602666,0.0
602667,0.0
602668,0.0
602669,0.0
602670,0.0
602671,0.0
602672,0.0
602673,0.0
602674,0.0
602675,0.0
602676,0.0
602677,0.0
602678,0.0
602679,0.0
602680,0.0
602681,0.0
602682,0.0
602683,0.0
602684,0.0
602685,0.0
602686,0.0
602687,0.0
602688,0.0
602689,0.0
602690,0.0
602691,0.0
602692,0.0
602693,0.0
602694,0.0
602695,0.0
602696,0.0
602697,0.0
602698,0.0
602699,0.0
602700,0.0
602701,0.0
602702,0.0
602703,0.0
602704,0.0
602705,0.0
602706,0.0
602707,0.0
602708,0.0
602709,0.0
602710,0.0
602711,0.0
602712,0.0
602713,0.0
602714,0.0
602715,0.0
602716,0.0
602717,0.0
602718,0.0
602719,0.0
602720,0.0
602721,0.0
602722,0.0
602723,0.0
602724,0.0
602725,0.0
602726,0.0
602727,0.0
602728,0.0
602729,0.0
602730,0.0
602731,0.0
602732,0.0
602733,0.0
602734,0.0
602735,0.0
602736,0.0
602737,0.0
602738,0.0
602739,0.0
602740,0.0
602741,0.0
602742,0.0
602743,0.0
602744,0.0
602745,0.0
602746,0.0
602747,0.0
602748,0.0
602749,0.0
602750,0.0
602751,0.0
602752,0.0
602753,0.0
602754,0.0
602755,0.0
602756,0.0
602757,0.0
602758,0.0
602759,0.0
602760,0.0
602761,0.0
602762,0.0
602763,0.0
602764,0.0
602765,0.0
602766,0.0
602767,0.0
602768,0.0
602769,0.0
602770,0.0
602771,0.0
602772,0.0
602773,0.0
602774,0.0
602775,0.0
602776,0.0
602777,0.0
602778,0.0
602779,0.0
602780,0.0
602781,0.0
602782,0.0
602783,0.0
602784,0.0
602785,0.0
602786,0.0
602787,0.0
602788,0.0
602789,0.0
602790,0.0
602791,0.0
602792,0.0
602793,0.0
602794,0.0
602795,0.0
602796,0.0
602797,0.0
602798,0.0
602799,0.0
602800,0.0
602801,0.0
602802,0.0
602803,0.0
602804,0.0
602805,0.0
602806,0.0
602807,0.0
602808,0.0
602809,0.0
602810,0.0
602811,0.0
602812,0.0
602813,0.0
602814,0.0
602815,0.0
602816,0.0
602817,0.0
602818,0.0
602819,0.0
602820,0.0
602821,0.0
602822,0.0
602823,0.0
602824,0.0
602825,0.0
602826,0.0
602827,0.0
602828,0.0
602829,0.0
602830,0.0
602831,0.0
602832,0.0
602833,0.0
602834,0.0
602835,0.0
602836,0.0
602837,0.0
602838,0.0
602839,0.0
602840,0.0
602841,0.0
602842,0.0
602843,0.0
602844,0.0
602845,0.0
602846,0.0
602847,0.0
602848,0.0
602849,0.0
602850,0.0
602851,0.0
602852,0.0
602853,0.0
602854,0.0
602855,0.0
602856,0.0
602857,0.0
602858,0.0
602859,0.0
602860,0.0
602861,0.0
602862,0.0
602863,0.0
602864,0.0
602865,0.0
602866,0.0
602867,0.0
602868,0.0
602869,0.0
602870,0.0
602871,0.0
602872,0.0
602873,0.0
602874,0.0
602875,0.0
602876,0.0
602877,0.0
602878,0.0
602879,0.0
602880,0.0
602881,0.0
602882,0.0
602883,0.0
602884,0.0
602885,0.0
602886,0.0
602887,0.0
602888,0.0
602889,0.0
602890,0.0
602891,0.0
602892,0.0
602893,0.0
602894,0.0
602895,0.0
602896,0.0
602897,0.0
602898,0.0
602899,0.0
602900,0.0
602901,0.0
602902,0.0
602903,0.0
602904,0.0
602905,0.0
602906,0.0
602907,0.0
602908,0.0
602909,0.0
602910,0.0
602911,0.0
602912,0.0
602913,0.0
602914,0.0
602915,0.0
602916,0.0
602917,0.0
602918,0.0
602919,0.0
602920,0.0
602921,0.0
602922,0.0
602923,0.0
602924,0.0
602925,0.0
602926,0.0
602927,0.0
602928,0.0
602929,0.0
602930,0.0
602931,0.0
602932,0.0
602933,0.0
602934,0.0
602935,0.0
602936,0.0
602937,0.0
602938,0.0
602939,0.0
602940,0.0
602941,0.0
602942,0.0
602943,0.0
602944,0.0
602945,0.0
602946,0.0
602947,0.0
602948,0.0
602949,0.0
602950,0.0
602951,0.0
602952,0.0
602953,0.0
602954,0.0
602955,0.0
602956,0.0
602957,0.0
602958,0.0
602959,0.0
602960,0.0
602961,0.0
602962,0.0
602963,0.0
602964,0.0
602965,0.0
602966,0.0
602967,0.0
602968,0.0
602969,0.0
602970,0.0
602971,0.0
602972,0.0
602973,0.0
602974,0.0
602975,0.0
602976,0.0
602977,0.0
602978,0.0
602979,0.0
602980,0.0
602981,0.0
602982,0.0
602983,0.0
602984,0.0
602985,0.0
602986,0.0
602987,0.0
602988,0.0
602989,0.0
602990,0.0
602991,0.0
602992,0.0
602993,0.0
602994,0.0
602995,0.0
602996,0.0
602997,0.0
602998,0.0
602999,0.0
603000,0.0
603001,0.0
603002,0.0
603003,0.0
603004,0.0
603005,0.0
603006,0.0
603007,0.0
603008,0.0
603009,0.0
603010,0.0
603011,0.0
603012,0.0
603013,0.0
603014,0.0
603015,0.0
603016,0.0
603017,0.0
603018,0.0
603019,0.0
603020,0.0
603021,0.0
603022,0.0
603023,0.0
603024,0.0
603025,0.0
603026,0.0
603027,0.0
603028,0.0
603029,0.0
603030,0.0
603031,0.0
603032,0.0
603033,0.0
603034,0.0
603035,0.0
603036,0.0
603037,0.0
603038,0.0
603039,0.0
603040,0.0
603041,0.0
603042,0.0
603043,0.0
603044,0.0
603045,0.0
603046,0.0
603047,0.0
603048,0.0
603049,0.0
603050,0.0
603051,0.0
603052,0.0
603053,0.0
603054,0.0
603055,0.0
603056,0.0
603057,0.0
603058,0.0
603059,0.0
603060,0.0
603061,0.0
603062,0.0
603063,0.36242384
603064,0.0
603065,0.0
603066,0.0
603067,0.0
603068,0.0
603069,0.0
603070,0.0
603071,0.0
603072,0.0
603073,0.0
603074,0.0
603075,0.0
603076,0.0
603077,0.0
603078,0.0
603079,0.0
603080,0.0
603081,0.0
603082,0.0
603083,0.0
603084,0.0
603085,0.0
603086,0.0
603087,0.0
603088,0.0
603089,0.0
603090,0.0
603091,0.0
603092,0.0
603093,0.0
603094,0.0
603095,0.0
603096,0.0
603097,0.0
603098,0.0
603099,0.0
603100,0.0
603101,0.0
603102,0.0
603103,0.0
603104,0.0
603105,0.0
603106,0.0
603107,0.0
603108,0.0
603109,0.0
603110,0.0
603111,0.0
603112,0.0
603113,0.0
603114,0.0
603115,0.0
603116,0.0
603117,0.0
603118,0.0
603119,0.0
603120,0.0
603121,0.0
603122,0.0
603123,0.0
603124,0.0
603125,0.0
603126,0.0
603127,0.0
603128,0.0
603129,0.0
603130,0.0
603131,0.0
603132,0.0
603133,0.0
603134,0.0
603135,0.0
603136,0.0
603137,0.0
603138,0.0
603139,0.0
603140,0.0
603141,0.0
603142,0.0
603143,0.0
603144,0.0
603145,0.0
603146,0.0
603147,0.0
603148,0.0
603149,0.0
603150,0.0
603151,0.0
603152,0.0
603153,0.0
603154,0.0
603155,0.0
603156,0.0
603157,0.0
603158,0.0
603159,0.0
603160,0.0
603161,0.0
603162,0.0
603163,0.0
603164,0.0
603165,0.0
603166,0.0
603167,0.0
603168,0.0
603169,0.0
603170,3.5988204e-36
603171,0.0
603172,0.0
603173,0.0
603174,0.0
603175,0.0
603176,0.0
603177,0.0
603178,0.0
603179,0.0
603180,0.0
603181,0.0
603182,0.0
603183,0.0
603184,0.0
603185,0.0
603186,0.0
603187,0.0
603188,0.0
603189,0.0
603190,0.0
603191,0.0
603192,0.0
603193,0.0
603194,0.0
603195,0.0
603196,0.0
603197,0.0
603198,0.0
603199,0.0
603200,0.0
603201,0.0
603202,0.0
603203,0.0
603204,0.0
603205,0.0
603206,0.0
603207,0.0
603208,0.0
603209,0.0
603210,0.0
603211,0.0
603212,0.0
603213,0.0
603214,0.0
603215,0.0014420769
603216,0.0
603217,0.0
603218,0.0
603219,0.0
603220,0.0
603221,0.0
603222,0.0
603223,0.0
603224,0.0
603225,0.0
603226,0.0
603227,0.0
603228,0.0
603229,0.0
603230,0.0
603231,0.0
603232,0.0
603233,0.0
603234,0.0
603235,0.0
603236,0.0
603237,0.0
603238,0.0
603239,0.0
603240,0.0
603241,0.0
603242,0.0
603243,0.0
603244,0.0
603245,0.0
603246,0.0
603247,0.0
603248,0.0
603249,0.0
603250,0.0
603251,0.0
603252,0.0
603253,0.0
603254,0.0
603255,0.0
603256,0.0
603257,0.0
603258,0.0
603259,0.0
603260,0.0
603261,0.0
603262,0.0
603263,0.0
603264,0.0
603265,0.0
603266,0.0
603267,0.0
603268,0.0
603269,0.0
603270,0.0
603271,0.0
603272,0.0
603273,0.0
603274,0.0
603275,0.0
603276,0.0
603277,0.0
603278,0.0
603279,0.0
603280,0.0
603281,0.0
603282,0.0
603283,0.0
603284,0.0
603285,0.0
603286,0.0
603287,0.0
603288,0.0
603289,0.0
603290,0.0
603291,0.0
603292,0.0
603293,0.0
603294,0.0
603295,0.0
603296,0.0
603297,0.0
603298,0.0
603299,0.0
603300,0.0
603301,0.0
603302,0.0
603303,0.0
603304,0.0
603305,0.0
603306,0.0
603307,0.0
603308,0.0
603309,0.0
603310,0.0
603311,0.0
603312,0.0
603313,0.0
603314,0.0
603315,0.0
603316,0.0
603317,0.0
603318,0.0
603319,0.0
603320,0.0
603321,0.0
603322,0.0
603323,0.0
603324,0.0
603325,0.0
603326,0.0
603327,0.0
603328,0.0
603329,0.0
603330,0.0
603331,0.0
603332,0.0
603333,0.0
603334,0.0
603335,0.0
603336,0.0
603337,0.0
603338,0.0
603339,0.0
603340,0.0
603341,0.0
603342,0.0
603343,0.0
603344,0.0
603345,0.0
603346,0.0
603347,0.0
603348,0.0
603349,0.0
603350,0.0
603351,0.0
603352,0.0
603353,0.0
603354,0.0
603355,0.0
603356,0.0
603357,0.0
603358,0.0
603359,0.0
603360,0.0
603361,0.0
603362,0.0
603363,0.0
603364,0.0
603365,0.0
603366,0.0
603367,0.0
603368,0.0
603369,0.0
603370,0.0
603371,0.0
603372,0.0
603373,0.0
603374,0.0
603375,0.0
603376,0.0
603377,0.0
603378,0.0
603379,0.0
603380,0.0
603381,0.0
603382,0.0
603383,0.0
603384,0.0
603385,0.0
603386,0.0
603387,0.0
603388,0.0
603389,0.0
603390,0.0
603391,0.0
603392,0.0
603393,0.0
603394,0.0
603395,0.0
603396,0.0
603397,0.0
603398,0.0
603399,0.0
603400,0.0
603401,0.0
603402,0.0
603403,0.0
603404,0.0
603405,0.0
603406,0.0
603407,0.0
603408,0.0
603409,0.0
603410,0.0
603411,0.0
603412,0.0
603413,0.0
603414,0.0
603415,0.0
603416,0.0
603417,0.0
603418,0.0
603419,0.0
603420,0.0
603421,0.0
603422,0.0
603423,0.0
603424,0.0
603425,0.0
603426,0.0
603427,0.0
603428,0.0
603429,0.0
603430,0.0
603431,0.0
603432,0.0
603433,0.0
603434,0.0
603435,0.0
603436,0.0
603437,0.0
603438,0.0
603439,0.0
603440,0.0
603441,0.0
603442,0.0
603443,0.0
603444,3.93934e-12
603445,0.0
603446,0.0
603447,0.0
603448,0.0
603449,0.0
603450,0.0
603451,0.0
603452,0.0
603453,0.0
603454,0.0
603455,0.0
603456,0.0
603457,0.0
603458,0.0
603459,0.0
603460,0.0
603461,0.0
603462,0.0
603463,0.0
603464,0.0052401465
603465,0.0
603466,0.0
603467,0.0
603468,1.0106919e-23
603469,0.0
603470,0.0
603471,0.0
603472,0.0
603473,0.0
603474,0.0
603475,0.0
603476,0.0
603477,0.0
603478,0.0
603479,0.0
603480,0.11271278
603481,0.0
603482,0.0
603483,0.0
603484,0.0
603485,0.0
603486,0.0
603487,0.0
603488,0.0
603489,0.0
603490,0.0
603491,0.0
603492,0.0
603493,0.0
603494,0.0
603495,0.0
603496,0.0
603497,0.0
603498,0.0
603499,0.0
603500,0.5317684
603501,0.0
603502,0.0
603503,0.0
603504,0.0
603505,0.0
603506,0.0
603507,0.0
603508,0.0
603509,0.0
603510,0.0
603511,0.0
603512,0.0
603513,0.0
603514,0.0
603515,0.0
603516,0.0
603517,0.0
603518,0.0
603519,0.0
603520,0.0
603521,0.0
603522,0.0
603523,0.0
603524,0.0
603525,0.0
603526,0.0
603527,0.0
603528,0.0
603529,0.0
603530,0.0
603531,0.0
603532,0.0
603533,0.0
603534,0.0
603535,0.0
603536,0.0
603537,0.0
603538,0.0
603539,0.0
603540,0.0
603541,0.0
603542,0.0
603543,0.0
603544,0.0
603545,0.0
603546,0.0
603547,2.4629325e-21
603548,0.0
603549,0.0
603550,0.0
603551,0.0
603552,1.9482414e-38
603553,0.0
603554,0.0
603555,0.0
603556,0.0
603557,0.0
603558,0.0
603559,0.0
603560,0.0
603561,0.0
603562,0.0
603563,0.0
603564,0.0
603565,0.0
603566,0.0
603567,0.0
603568,0.0
603569,0.0
603570,0.0
603571,0.0
603572,0.0
603573,0.0
603574,0.0
603575,0.0
603576,0.0
603577,0.0
603578,0.0
603579,0.0
603580,0.0
603581,0.0
603582,0.0
603583,0.0
603584,0.0
603585,0.0
603586,0.0
603587,0.0
603588,0.0
603589,0.0
603590,0.0
603591,0.0
603592,0.0
603593,0.0
603594,0.0
603595,0.0
603596,0.0
603597,0.0
603598,0.0
603599,0.0
603600,0.0
603601,0.0
603602,0.0
603603,0.0
603604,0.0
603605,0.0
603606,0.0
603607,0.0
603608,0.0
603609,0.0
603610,0.0
603611,0.0
603612,0.0
603613,0.0
603614,0.0
603615,0.0
603616,0.0
603617,0.0
603618,0.0
603619,0.0
603620,0.0
603621,0.0
603622,0.0
603623,0.0
603624,0.0
603625,0.0
603626,0.0
603627,0.0
603628,0.0
603629,0.0
603630,0.0
603631,0.0
603632,0.0
603633,0.0
603634,0.0
603635,0.0
603636,0.0
603637,0.0
603638,0.0
603639,0.0
603640,0.0
603641,0.0
603642,0.0
603643,0.0
603644,0.0
603645,0.0
603646,0.0
603647,0.0
603648,0.0
603649,0.0
603650,0.0
603651,0.0
603652,0.0
603653,6.703245e-15
603654,0.0
603655,0.0
603656,0.0
603657,0.0
603658,0.0
603659,0.0
603660,0.0
603661,0.0
603662,0.0
603663,0.0
603664,0.0
603665,0.0
603666,0.0
603667,0.0
603668,0.0
603669,0.0
603670,0.0
603671,0.0
603672,0.0
603673,0.0
603674,0.0
603675,0.0
603676,0.0
603677,0.0
603678,0.0
603679,0.0
603680,0.0
603681,0.0
603682,0.0
603683,0.0
603684,0.0
603685,0.0
603686,0.0
603687,0.0
603688,0.0
603689,0.0
603690,0.0
603691,0.0
603692,0.0
603693,0.0
603694,0.0
603695,0.0
603696,0.0
603697,0.0
603698,0.0
603699,0.0
603700,0.0
603701,0.0
603702,0.0
603703,0.0
603704,0.0
603705,0.0
603706,0.0
603707,0.0
603708,0.0
603709,0.0
603710,0.0
603711,0.0
603712,0.0
603713,0.0
603714,0.0
603715,0.0
603716,0.0
603717,0.0
603718,0.0
603719,0.0
603720,0.0
603721,0.0
603722,0.0
603723,0.0
603724,0.0
603725,0.0
603726,0.0
603727,0.0
603728,0.0
603729,0.0
603730,0.0
603731,0.0
603732,0.0
603733,0.0
603734,0.0
603735,0.0
603736,0.0
603737,0.0
603738,0.0
603739,0.0
603740,0.0
603741,0.0
603742,0.0
603743,0.0
603744,0.0
603745,0.0
603746,0.0
603747,0.0
603748,0.0
603749,0.0
603750,0.0
603751,0.0
603752,0.0
603753,0.0
603754,0.0
603755,0.0
603756,0.0
603757,0.0
603758,0.0
603759,0.0
603760,0.0
603761,0.0
603762,0.0
603763,0.0022998694
603764,0.0
603765,0.0
603766,0.0
603767,0.0
603768,0.0
603769,0.0
603770,0.0
603771,0.0
603772,0.0
603773,0.0
603774,0.0
603775,0.0
603776,0.0
603777,0.0
603778,0.0
603779,0.0
603780,0.0
603781,0.0
603782,0.0
603783,0.0
603784,0.0
603785,0.0
603786,0.0
603787,0.0
603788,0.0
603789,0.0
603790,0.0
603791,0.0
603792,0.0
603793,0.0
603794,0.0
603795,0.0
603796,0.0
603797,0.0
603798,0.0
603799,0.0
603800,0.0
603801,0.0
603802,0.0
603803,0.0
603804,0.0
603805,0.0
603806,0.0
603807,0.0
603808,0.0
603809,0.0
603810,0.0
603811,0.0
603812,0.0
603813,0.0
603814,0.0
603815,0.0
603816,0.0
603817,0.0
603818,0.0
603819,0.0
603820,0.0
603821,0.0
603822,0.0
603823,0.0
603824,0.0
603825,0.0
603826,0.0
603827,0.0
603828,0.0
603829,0.0
603830,0.0
603831,0.0
603832,1.15382904e-14
603833,0.0
603834,0.0
603835,0.0
603836,0.0
603837,0.0
603838,0.0
603839,0.0
603840,0.0
603841,0.0
603842,0.0
603843,0.0
603844,0.0
603845,0.0
603846,0.0
603847,0.0
603848,0.0
603849,0.0
603850,0.0
603851,0.0
603852,0.0
603853,0.0
603854,0.0
603855,0.0
603856,0.0
603857,0.0
603858,0.0
603859,0.0
603860,0.0
603861,0.0
603862,0.0
603863,0.0
603864,0.0
603865,0.0
603866,0.0
603867,0.0
603868,0.0
603869,0.0
603870,0.0
603871,0.0
603872,0.0
603873,0.0
603874,5.718186e-39
603875,0.0
603876,0.0
603877,0.0
603878,0.0
603879,0.0
603880,0.0
603881,0.0
603882,0.0
603883,0.0
603884,0.0
603885,0.0
603886,0.36242384
603887,0.0
603888,0.0
603889,0.0
603890,0.0
603891,0.0
603892,0.0
603893,0.0
603894,0.0
603895,0.0
603896,0.0
603897,0.0
603898,0.0
603899,0.0
603900,0.0
603901,0.0
603902,0.0
603903,0.0
603904,0.0
603905,0.0
603906,0.0
603907,0.0
603908,0.0
603909,0.0
603910,0.0
603911,0.0
603912,0.0
603913,0.0
603914,0.0
603915,0.0
603916,0.0
603917,0.0
603918,0.0
603919,0.0
603920,0.0
603921,0.0
603922,0.0
603923,0.0
603924,0.0
603925,0.0
603926,0.0
603927,0.0
603928,0.0
603929,0.0
603930,0.0
603931,0.0
603932,0.0
603933,0.0
603934,0.0
603935,0.0
603936,0.0
603937,0.0
603938,0.0
603939,0.0
603940,0.0
603941,0.0
603942,0.0
603943,0.0
603944,0.0
603945,0.0
603946,0.0
603947,0.0
603948,0.0
603949,0.0
603950,0.0
603951,0.0
603952,0.0
603953,0.0
603954,0.0
603955,0.0
603956,0.0
603957,0.0
603958,0.0
603959,0.0
603960,0.0
603961,0.0
603962,0.0
603963,0.0
603964,0.0
603965,0.0
603966,0.0
603967,0.0
603968,0.0
603969,0.0
603970,0.0
603971,0.0
603972,0.0
603973,0.0
603974,0.0
603975,0.0
603976,0.0
603977,0.0
603978,0.0
603979,0.0
603980,0.0
603981,0.0
603982,0.0
603983,0.0
603984,0.0
603985,0.0
603986,0.0
603987,0.0
603988,0.0
603989,0.0
603990,0.0
603991,0.0
603992,0.0
603993,0.0
603994,0.0
603995,0.0
603996,0.0
603997,0.0
603998,0.0
603999,0.0
604000,0.0
604001,0.0
604002,0.0
604003,0.0
604004,0.0
604005,0.0
604006,0.0
604007,0.0
604008,0.0
604009,0.0
604010,0.0
604011,0.0
604012,0.0
604013,0.0
604014,0.0
604015,0.0
604016,0.0
604017,0.0
604018,0.0
604019,0.0
604020,0.0
604021,0.0
604022,0.0
604023,0.0
604024,0.0
604025,0.0
604026,0.0
604027,0.0
604028,0.0
604029,0.0
604030,0.0
604031,0.0
604032,0.0
604033,0.0
604034,0.0
604035,0.0
604036,0.0
604037,0.012966114
604038,0.0
604039,0.0
604040,0.0
604041,0.0
604042,0.0
604043,0.0
604044,0.0
604045,0.0
604046,0.0
604047,0.0
604048,0.0
604049,1.8335634e-13
604050,0.0
604051,0.0
604052,0.0
604053,0.0
604054,0.0
604055,0.0
604056,0.0
604057,0.0
604058,0.0
604059,0.0
604060,0.0
604061,0.0
604062,0.0
604063,0.0
604064,0.0
604065,0.0
604066,0.0
604067,0.0
604068,0.0
604069,0.0
604070,0.0
604071,0.0
604072,0.0
604073,0.0
604074,0.0
604075,0.0
604076,0.0
604077,0.0
604078,0.0
604079,0.0
604080,0.0
604081,0.0
604082,0.0
604083,0.0
604084,0.0
604085,0.0
604086,0.0
604087,0.0
604088,0.0
604089,0.0
604090,0.0
604091,0.15407814
604092,0.0
604093,0.0
604094,0.0
604095,0.0
604096,0.0
604097,0.0
604098,0.0
604099,0.0
604100,0.0
604101,0.0
604102,0.0
604103,0.0
604104,0.0
604105,0.0
604106,0.0
604107,0.0
604108,0.0
604109,0.0
604110,0.0
604111,0.0
604112,0.0
604113,0.0
604114,0.0
604115,0.0
604116,0.0
604117,0.0
604118,0.0
604119,0.0
604120,0.0
604121,0.0
604122,0.0
604123,0.0
604124,0.0
604125,0.0
604126,0.0
604127,0.0
604128,0.0
604129,0.0
604130,0.0
604131,0.0
604132,0.0
604133,0.0
604134,0.0
604135,0.0
604136,0.0
604137,0.0
604138,0.0
604139,0.0
604140,0.0
604141,0.0
604142,0.0
604143,0.0
604144,0.0
604145,5.0633033e-05
604146,0.0
604147,0.0
604148,0.0
604149,0.0
604150,0.0
604151,0.0
604152,0.0
604153,0.0
604154,0.0
604155,0.0
604156,0.0
604157,0.0
604158,0.0
604159,0.0
604160,0.0
604161,0.0
604162,0.0
604163,0.0
604164,0.0
604165,0.0
604166,0.0
604167,0.0
604168,0.0
604169,0.0
604170,0.0
604171,0.0
604172,0.0
604173,0.0
604174,0.0
604175,0.0
604176,0.0
604177,0.0
604178,0.0
604179,0.0
604180,0.0
604181,0.0
604182,0.0
604183,0.0
604184,0.0
604185,0.0
604186,0.0
604187,0.0
604188,0.0
604189,7.878129e-23
604190,0.0
604191,0.0
604192,0.0
604193,0.0
604194,0.0
604195,0.0
604196,0.0
604197,0.0
604198,0.0
604199,0.0
604200,0.0
604201,0.0
604202,0.0
604203,0.0
604204,0.0
604205,0.0
604206,0.0
604207,0.0
604208,0.0
604209,0.0
604210,0.0
604211,0.0
604212,0.0
604213,0.0
604214,0.0
604215,0.0
604216,0.0
604217,0.0
604218,0.0
604219,0.0
604220,0.0
604221,0.0
604222,0.0
604223,0.0
604224,0.0
604225,0.0
604226,0.0
604227,0.0
604228,0.0
604229,0.0
604230,0.0
604231,0.0
604232,0.0
604233,0.0
604234,0.0
604235,0.0
604236,0.0
604237,0.0
604238,0.0
604239,0.0
604240,0.0
604241,0.0
604242,0.0
604243,0.0
604244,0.0
604245,0.0
604246,0.0
604247,0.0
604248,0.0
604249,0.0
604250,0.0
604251,0.0
604252,0.0
604253,0.0
604254,0.0
604255,0.0
604256,0.0
604257,0.0
604258,0.0
604259,0.0
604260,0.0
604261,0.0
604262,0.0
604263,8.472708e-19
604264,0.0
604265,0.0
604266,0.0
604267,0.0
604268,0.0
604269,0.0
604270,0.0
604271,0.0
604272,0.0
604273,0.0
604274,0.0
604275,0.0
604276,0.0
604277,0.0
604278,0.0
604279,0.0
604280,0.0
604281,0.0
604282,0.0
604283,0.0
604284,0.0
604285,0.0
604286,0.0
604287,0.0
604288,0.0
604289,0.0
604290,0.0
604291,0.0
604292,0.0
604293,0.0
604294,0.0
604295,0.0
604296,0.0
604297,0.0
604298,0.0
604299,0.0
604300,0.0
604301,0.0
604302,0.0
604303,0.0
604304,0.0
604305,0.0
604306,0.0
604307,0.0
604308,0.0
604309,0.0
604310,0.0
604311,0.0
604312,0.0
604313,0.0
604314,0.0
604315,0.0
604316,0.0
604317,0.0
604318,0.0
604319,0.0
604320,0.0
604321,0.0
604322,0.0
604323,0.0
604324,0.0
604325,0.0
604326,0.0
604327,0.0
604328,0.0
604329,0.0
604330,0.0
604331,0.0
604332,0.0
604333,0.0
604334,0.0
604335,0.0
604336,0.0
604337,0.0
604338,0.0
604339,0.0
604340,0.0
604341,0.0
604342,0.0
604343,0.0
604344,0.0
604345,0.0
604346,0.0
604347,0.0
604348,0.0
604349,0.0
604350,0.0
604351,0.0
604352,0.0
604353,0.0
604354,0.0
604355,0.0
604356,0.0
604357,0.0
604358,0.0
604359,0.0
604360,0.0
604361,0.0011036405
604362,0.0
604363,0.0
604364,0.0
604365,0.0
604366,0.0
604367,0.0
604368,0.0
604369,0.0
604370,0.0
604371,0.0
604372,0.0
604373,0.0
604374,0.0
604375,0.0
604376,0.0
604377,0.0
604378,0.0
604379,0.0
604380,0.0
604381,0.0
604382,0.0
604383,0.0
604384,0.0
604385,0.0
604386,0.0
604387,0.0
604388,0.0
604389,0.0
604390,0.0
604391,0.0
604392,0.0
604393,0.0
604394,0.0
604395,0.0
604396,0.0
604397,0.0
604398,0.0
604399,0.0
604400,0.0
604401,0.0
604402,0.0
604403,0.0
604404,0.0
604405,0.0
604406,0.0
604407,0.0
604408,0.0
604409,0.0
604410,0.0
604411,0.0
604412,0.0
604413,0.0
604414,0.0
604415,0.0
604416,0.0
604417,0.0
604418,0.0
604419,0.0
604420,0.0
604421,0.0
604422,0.0
604423,0.0
604424,0.0
604425,0.0
604426,0.0
604427,0.0
604428,0.0
604429,0.0
604430,0.0
604431,0.0
604432,0.0
604433,0.0
604434,0.0
604435,0.0
604436,0.0
604437,0.0
604438,0.0
604439,0.0
604440,0.0
604441,0.0
604442,0.0
604443,0.0
604444,0.0
604445,0.0
604446,0.0
604447,0.0
604448,0.0
604449,0.0
604450,0.0
604451,0.0
604452,0.0
604453,0.0
604454,0.0
604455,0.0
604456,0.0
604457,0.0
604458,0.0
604459,0.0
604460,0.0
604461,0.0
604462,0.0
604463,0.0
604464,0.0
604465,0.0
604466,0.0
604467,0.0
604468,0.0
604469,0.0
604470,0.0
604471,0.0
604472,0.0
604473,0.0
604474,0.0
604475,0.0
604476,0.0
604477,0.0
604478,0.0
604479,0.0
604480,0.0
604481,0.0
604482,0.0
604483,0.0
604484,0.0
604485,0.0
604486,0.0
604487,0.0
604488,0.0
604489,0.0
604490,0.0
604491,0.0
604492,0.0
604493,0.0
604494,0.0
604495,0.0
604496,0.0
604497,0.0
604498,0.0
604499,0.0
604500,0.0
604501,0.0
604502,0.0
604503,0.0
604504,0.0
604505,0.0
604506,0.0
604507,0.0
604508,0.0
604509,0.0
604510,0.0
604511,0.0
604512,0.0
604513,0.0
604514,0.0
604515,0.0
604516,0.0
604517,0.0
604518,0.0
604519,0.0
604520,0.0
604521,0.0
604522,0.0
604523,0.0
604524,0.0
604525,0.0
604526,0.0
604527,0.0
604528,0.0
604529,0.0
604530,0.0
604531,0.0
604532,0.0
604533,0.0
604534,0.0
604535,0.0
604536,0.0
604537,0.0
604538,0.0
604539,0.0
604540,0.0
604541,0.0
604542,0.0
604543,0.0
604544,0.0
604545,0.0
604546,0.0
604547,0.0
604548,0.0
604549,0.0
604550,0.0
604551,0.0
604552,0.0
604553,0.0
604554,0.0
604555,0.0
604556,0.0
604557,0.0
604558,0.0
604559,0.0
604560,0.0
604561,0.0
604562,0.0
604563,0.0
604564,0.0
604565,0.0
604566,0.0
604567,0.0
604568,0.0
604569,0.0
604570,0.0
604571,0.0
604572,0.0
604573,0.0
604574,0.0
604575,0.0
604576,0.0
604577,0.0
604578,0.0
604579,0.0
604580,0.0
604581,0.0
604582,0.0
604583,0.0
604584,0.0
604585,0.0
604586,4.949669e-35
604587,0.0
604588,0.0
604589,0.0
604590,0.0
604591,0.0
604592,0.0
604593,0.0
604594,0.0
604595,0.0
604596,0.0
604597,0.0
604598,0.0
604599,0.0
604600,0.0
604601,0.0
604602,0.0
604603,0.0
604604,0.0
604605,6.40389e-10
604606,0.0
604607,0.0
604608,0.0
604609,0.0
604610,0.0
604611,0.0
604612,0.0
604613,0.0
604614,0.0
604615,0.0
604616,0.0
604617,0.0
604618,0.0
604619,0.0
604620,0.0
604621,0.0
604622,0.0
604623,0.0
604624,0.0
604625,0.0
604626,0.0
604627,0.0
604628,0.0
604629,0.0
604630,0.0
604631,0.0
604632,0.0
604633,0.0
604634,0.0
604635,0.0
604636,0.0
604637,0.0
604638,0.0
604639,0.0
604640,0.0
604641,0.0
604642,0.0
604643,0.0
604644,0.0
604645,0.0
604646,0.0
604647,0.0
604648,0.0
604649,0.0
604650,2.3501757e-34
604651,0.0
604652,0.0
604653,0.0
604654,0.0
604655,0.0
604656,0.0
604657,0.0
604658,0.0
604659,0.0
604660,0.0
604661,0.0
604662,0.0
604663,0.0
604664,0.0
604665,0.0
604666,0.0
604667,0.0
604668,0.0
604669,0.0
604670,0.0
604671,0.0
604672,0.0
604673,0.0
604674,0.0
604675,0.0
604676,0.0
604677,0.0
604678,0.0
604679,0.0
604680,0.0
604681,0.0
604682,0.0
604683,0.0
604684,0.0
604685,0.0
604686,0.0
604687,0.0
604688,0.0
604689,0.0
604690,0.0
604691,0.0
604692,0.0
604693,0.0
604694,0.0
604695,0.0
604696,0.0
604697,0.0
604698,0.0
604699,0.0
604700,0.0
604701,0.0
604702,0.0
604703,0.0
604704,0.0
604705,0.0
604706,0.0
604707,0.0
604708,0.0
604709,5.2834734e-14
604710,0.0
604711,0.0
604712,0.0
604713,0.0
604714,0.0
604715,0.0
604716,0.0
604717,0.0
604718,0.0
604719,3.4292595e-25
604720,0.0
604721,0.0
604722,0.0
604723,0.0
604724,0.0
604725,0.0
604726,0.0
604727,0.0
604728,0.0
604729,0.0
604730,0.0
604731,0.0
604732,0.0
604733,0.0
604734,0.0
604735,0.0
604736,0.0
604737,0.0
604738,0.0
604739,0.0
604740,0.0
604741,0.0
604742,0.0
604743,0.0
604744,0.0
604745,0.0
604746,0.0
604747,0.0
604748,0.0
604749,0.0
604750,0.0
604751,0.0
604752,0.0
604753,0.0
604754,0.0
604755,0.0
604756,0.0
604757,0.0
604758,0.0
604759,0.0
604760,0.0
604761,0.0
604762,0.0
604763,0.0
604764,0.0
604765,0.0
604766,0.0
604767,0.0
604768,0.0
604769,0.0
604770,0.0
604771,0.0
604772,0.0
604773,0.0
604774,0.0
604775,0.0
604776,0.0
604777,0.0
604778,0.0
604779,0.0
604780,0.0
604781,0.0
604782,0.0
604783,0.0
604784,0.0
604785,0.0
604786,0.0
604787,0.0
604788,0.0
604789,0.0
604790,0.0
604791,0.0
604792,0.0
604793,0.0
604794,0.0
604795,0.0
604796,0.0
604797,0.0
604798,0.0
604799,0.0
604800,0.0
604801,0.0
604802,0.0
604803,0.0
604804,0.0
604805,0.0
604806,0.0
604807,0.0
604808,0.0
604809,0.0
604810,0.0
604811,0.0
604812,0.0
604813,0.0
604814,0.0
604815,0.0
604816,0.0
604817,0.0
604818,0.0
604819,0.0
604820,0.0
604821,0.0
604822,0.0
604823,0.0
604824,0.0
604825,0.0
604826,0.0
604827,0.0
604828,0.0
604829,0.0
604830,0.0
604831,0.0
604832,0.0
604833,0.0
604834,0.0
604835,0.0
604836,0.0
604837,0.0
604838,0.0
604839,0.0
604840,0.0
604841,0.0
604842,0.0
604843,0.0
604844,0.0
604845,0.0
604846,0.0
604847,0.0
604848,0.0
604849,0.0
604850,0.0
604851,0.0
604852,0.0
604853,0.0
604854,0.0
604855,0.0
604856,0.0
604857,0.0
604858,0.0
604859,0.0
604860,0.0
604861,0.0
604862,0.0
604863,0.0
604864,0.0
604865,0.0
604866,0.0
604867,0.0
604868,0.0
604869,0.0
604870,0.0
604871,0.0
604872,0.0
604873,0.0
604874,0.0
604875,0.0
604876,0.0
604877,0.0
604878,0.0
604879,0.0
604880,0.0
604881,0.0
604882,0.0
604883,0.0
604884,0.0
604885,0.0
604886,0.0
604887,0.0
604888,0.0
604889,0.0
604890,0.0
604891,0.0
604892,0.0
604893,0.0
604894,0.0
604895,0.0
604896,0.0
604897,0.0
604898,0.0
604899,0.0
604900,0.0
604901,0.0
604902,0.0
604903,0.0
604904,0.0
604905,0.0
604906,0.0
604907,0.0
604908,0.0
604909,0.0
604910,0.0
604911,0.0
604912,0.0
604913,0.0
604914,0.0
604915,0.0
604916,0.0
604917,0.0
604918,0.0
604919,0.0
604920,0.0
604921,0.0
604922,0.0
604923,0.0
604924,0.0
604925,0.0
604926,0.0
604927,0.0
604928,0.0
604929,0.0
604930,0.0
604931,0.0
604932,0.0
604933,0.0
604934,0.0
604935,0.0
604936,0.0
604937,0.0
604938,0.0
604939,0.0
604940,0.0
604941,0.0
604942,0.0
604943,0.0
604944,0.0
604945,0.0
604946,0.0
604947,0.0
604948,0.0
604949,0.0
604950,0.0
604951,5.460519e-07
604952,0.0
604953,0.0
604954,0.0
604955,0.0
604956,9.332861e-11
604957,0.0
604958,0.0
604959,0.0
604960,0.0
604961,0.0
604962,0.0
604963,0.0
604964,0.0
604965,0.0
604966,0.0
604967,0.0
604968,0.0
604969,0.0
604970,0.0
604971,0.0
604972,0.0
604973,0.0
604974,0.0
604975,0.0
604976,0.0
604977,0.0
604978,0.0
604979,0.0
604980,0.0
604981,0.0
604982,0.0
604983,0.0
604984,0.0
604985,0.0
604986,0.0
604987,0.0
604988,0.0
604989,0.0
604990,0.0
604991,0.0
604992,0.0
604993,0.0
604994,0.0
604995,0.0
604996,0.0
604997,0.0
604998,0.0
604999,0.0
605000,0.0
605001,0.0
605002,0.0
605003,0.0
605004,0.0
605005,0.0
605006,0.0
605007,0.0
605008,0.0
605009,0.0
605010,0.0
605011,0.0
605012,2.9256542e-35
605013,0.0
605014,0.0
605015,0.0
605016,0.0
605017,0.0
605018,0.0
605019,0.0
605020,0.0
605021,0.0
605022,0.0
605023,0.0
605024,0.0
605025,0.0
605026,0.0
605027,0.0
605028,0.0
605029,0.0
605030,0.0
605031,0.0
605032,0.0
605033,0.0
605034,0.0
605035,0.0
605036,0.0
605037,0.0
605038,0.0
605039,0.0
605040,0.0
605041,0.0
605042,0.0
605043,0.0
605044,0.0
605045,0.0
605046,0.0
605047,0.0
605048,0.0
605049,0.0
605050,0.0
605051,0.0
605052,0.0
605053,0.0
605054,0.0
605055,0.0
605056,0.0
605057,0.0
605058,0.0
605059,0.0
605060,0.0
605061,0.0
605062,0.0
605063,0.0
605064,0.0
605065,0.0
605066,0.0
605067,0.0
605068,0.0
605069,0.0
605070,0.0
605071,0.0
605072,0.0
605073,0.0
605074,0.0
605075,0.0
605076,0.0
605077,0.0
605078,0.0
605079,0.0
605080,0.0
605081,0.0
605082,0.0
605083,0.0
605084,0.0
605085,0.0
605086,0.0
605087,0.0
605088,0.0
605089,0.0
605090,0.0
605091,0.0
605092,0.0
605093,0.0
605094,0.0
605095,0.0
605096,0.0
605097,0.0
605098,0.0
605099,0.0
605100,0.0
605101,0.0
605102,0.0
605103,0.0
605104,0.0
605105,0.0
605106,0.0
605107,0.0
605108,0.0
605109,0.0
605110,0.0
605111,0.0
605112,0.0
605113,0.0
605114,0.0
605115,0.0
605116,0.0
605117,0.0
605118,0.0
605119,0.0
605120,0.0
605121,0.0
605122,0.0
605123,0.0
605124,0.0
605125,0.0
605126,0.0
605127,0.0
605128,0.0
605129,0.0
605130,0.0
605131,0.0
605132,0.0
605133,0.0
605134,0.0
605135,0.0
605136,0.0
605137,0.0
605138,0.0
605139,0.0
605140,0.0
605141,0.0
605142,0.0
605143,0.0
605144,0.0
605145,0.0
605146,0.0
605147,0.0
605148,0.0
605149,0.0
605150,0.0
605151,0.0
605152,0.0
605153,0.0
605154,0.0
605155,0.0
605156,0.0
605157,0.0
605158,0.0
605159,0.0
605160,0.0
605161,0.0
605162,6.644273e-33
605163,0.0
605164,0.0
605165,0.0
605166,0.0
605167,0.0
605168,0.0
605169,0.0
605170,0.0
605171,0.0
605172,0.0
605173,0.0
605174,0.0
605175,0.0
605176,0.0
605177,0.0
605178,0.0
605179,0.0
605180,0.0
605181,0.0
605182,0.0
605183,0.0
605184,0.0
605185,0.0
605186,0.0
605187,0.0
605188,0.0
605189,0.0
605190,0.0
605191,0.0
605192,0.0
605193,0.0
605194,0.0
605195,0.0
605196,0.0
605197,0.0
605198,0.0
605199,0.0
605200,0.0
605201,0.0
605202,0.0
605203,0.0
605204,0.0
605205,0.0
605206,0.0
605207,0.0
605208,0.0
605209,0.0
605210,0.0
605211,0.0
605212,0.0
605213,0.0
605214,0.0
605215,0.0
605216,0.0
605217,0.0
605218,0.0
605219,0.0
605220,0.0
605221,0.0
605222,0.0
605223,0.0
605224,0.0
605225,0.0
605226,0.0
605227,0.0
605228,0.0
605229,0.0
605230,0.0
605231,0.0
605232,3.1821754e-17
605233,0.0
605234,0.0
605235,0.0
605236,0.0
605237,0.0
605238,0.0
605239,0.0
605240,0.0
605241,0.0
605242,0.0
605243,0.0
605244,0.0
605245,0.0
605246,0.0
605247,0.0
605248,0.0
605249,0.0
605250,0.0
605251,0.0
605252,0.0
605253,0.0
605254,0.0
605255,0.0
605256,0.0
605257,0.0
605258,0.0
605259,0.0
605260,0.0
605261,0.0
605262,0.0
605263,0.0
605264,0.0
605265,0.0
605266,0.0
605267,0.0
605268,0.0
605269,0.0
605270,0.0
605271,0.0
605272,0.0
605273,0.0
605274,0.0
605275,0.0
605276,0.0
605277,0.0
605278,7.6195975e-15
605279,0.0
605280,0.0
605281,0.0
605282,0.0
605283,0.0
605284,0.0
605285,0.0
605286,0.0
605287,0.0
605288,0.0
605289,0.0
605290,0.0
605291,0.0
605292,0.0
605293,0.0
605294,0.0
605295,0.0
605296,0.0
605297,0.0
605298,0.0
605299,0.0
605300,0.0
605301,0.0
605302,0.0
605303,0.0
605304,0.0
605305,0.0
605306,0.0
605307,0.0
605308,0.0
605309,0.0
605310,0.0
605311,0.0
605312,0.0
605313,0.0
605314,0.0
605315,0.0
605316,0.0
605317,0.0
605318,0.0
605319,0.0
605320,0.0
605321,0.0
605322,0.0
605323,0.0
605324,0.0
605325,0.0
605326,0.0
605327,0.0
605328,0.0
605329,0.0
605330,0.0
605331,0.0
605332,0.0
605333,0.0
605334,0.0
605335,0.0
605336,0.0
605337,0.0
605338,0.0
605339,0.0
605340,0.0
605341,0.0
605342,0.0
605343,0.0
605344,9.439034e-38
605345,0.0
605346,0.0
605347,0.0
605348,0.0
605349,0.0
605350,0.0
605351,0.0
605352,0.0
605353,0.0
605354,0.0
605355,0.0
605356,0.0
605357,0.0
605358,0.0
605359,0.0
605360,0.0
605361,0.0
605362,0.0
605363,0.0
605364,0.0
605365,0.0
605366,0.0
605367,0.0
605368,0.0
605369,0.0
605370,0.0
605371,0.0
605372,0.0
605373,0.0
605374,0.0
605375,0.0
605376,0.0
605377,0.0
605378,0.0
605379,0.0
605380,0.0
605381,0.0
605382,0.0
605383,0.0
605384,0.0
605385,0.0
605386,0.0
605387,0.0
605388,0.0
605389,0.0
605390,0.0
605391,0.0
605392,0.0
605393,0.0
605394,0.0
605395,0.0
605396,0.0
605397,0.0
605398,0.0
605399,0.0
605400,0.0
605401,0.0
605402,0.0
605403,0.0
605404,0.0
605405,0.0
605406,0.0
605407,0.0
605408,0.0
605409,0.0
605410,0.0
605411,0.0
605412,0.0
605413,0.0
605414,0.0
605415,0.0
605416,0.0
605417,0.0
605418,0.0
605419,0.0
605420,0.0
605421,0.0
605422,0.0
605423,0.0
605424,0.0
605425,0.0
605426,0.0
605427,0.0
605428,0.0
605429,0.0
605430,0.0
605431,0.0
605432,0.0
605433,0.0
605434,0.0
605435,0.0
605436,0.0
605437,0.0
605438,0.0
605439,0.0
605440,0.0
605441,0.0
605442,9.5553066e-35
605443,0.0
605444,0.0
605445,0.0
605446,0.0
605447,0.0
605448,0.0
605449,0.0
605450,0.0
605451,0.0
605452,0.0
605453,0.0
605454,0.0
605455,0.0
605456,0.0
605457,0.0
605458,0.0
605459,0.0
605460,0.0
605461,0.0
605462,0.0
605463,0.0
605464,0.0
605465,0.0
605466,0.0
605467,0.0
605468,0.0
605469,0.0
605470,0.0
605471,0.0
605472,0.0
605473,0.0
605474,0.0
605475,0.0
605476,0.0
605477,0.0
605478,0.0
605479,0.0
605480,0.0
605481,0.0
605482,0.0
605483,0.0
605484,0.0
605485,0.0
605486,0.0
605487,0.0
605488,0.0
605489,0.0
605490,0.0
605491,0.0
605492,0.0
605493,0.0
605494,0.0
605495,0.0
605496,0.0
605497,0.0
605498,0.0
605499,0.0
605500,0.0
605501,0.0
605502,0.0
605503,0.0
605504,0.0
605505,0.0
605506,0.0
605507,0.0
605508,0.0
605509,0.0
605510,0.0
605511,0.0
605512,0.0
605513,0.0
605514,0.0
605515,0.0
605516,0.0
605517,0.0
605518,0.0
605519,0.0
605520,0.0
605521,0.0
605522,0.0
605523,0.0
605524,0.0
605525,0.0
605526,0.0
605527,0.0
605528,0.0
605529,0.0
605530,0.0
605531,0.0
605532,0.0
605533,0.0
605534,0.0
605535,0.0
605536,2.4410626e-37
605537,0.013754333
605538,0.0
605539,0.0
605540,0.0
605541,0.0
605542,0.0
605543,0.0
605544,0.0
605545,0.0
605546,0.0
605547,0.0
605548,0.0
605549,0.0
605550,0.0
605551,0.0
605552,0.0
605553,0.0
605554,0.0
605555,0.0
605556,0.0
605557,0.0
605558,0.0
605559,0.0
605560,0.0
605561,0.0
605562,0.0
605563,0.0
605564,0.0
605565,0.0
605566,0.0
605567,0.0
605568,0.0
605569,0.0
605570,0.0
605571,0.0
605572,0.0
605573,0.0
605574,0.0
605575,0.0
605576,0.0
605577,0.0
605578,0.0
605579,0.0
605580,0.0
605581,0.0
605582,0.0
605583,0.0
605584,0.0
605585,0.0
605586,0.0
605587,0.0
605588,0.0
605589,0.0
605590,0.0
605591,0.0
605592,0.0
605593,0.0
605594,0.0
605595,0.0
605596,0.0
605597,1.5936197e-21
605598,0.0
605599,0.0
605600,0.0
605601,0.0
605602,0.0
605603,0.0
605604,0.0
605605,0.0
605606,0.0
605607,0.0
605608,0.0
605609,0.0
605610,0.0
605611,0.0
605612,0.0
605613,0.0
605614,0.0
605615,0.0
605616,0.0
605617,0.0
605618,0.0
605619,0.0
605620,0.0
605621,0.0
605622,0.0
605623,0.0
605624,0.0
605625,0.0
605626,0.0
605627,0.0
605628,0.0
605629,0.0
605630,0.0
605631,0.0
605632,0.0
605633,0.0
605634,0.0
605635,0.0
605636,0.0
605637,0.0
605638,0.0
605639,0.0
605640,0.0
605641,0.0
605642,0.0
605643,0.0
605644,0.0
605645,0.0
605646,0.0
605647,0.0
605648,0.0
605649,0.0
605650,0.0
605651,0.0
605652,0.0
605653,0.0
605654,0.0
605655,0.0
605656,0.0
605657,0.0
605658,0.0
605659,0.0
605660,0.0
605661,0.0
605662,0.0
605663,0.0
605664,0.0
605665,0.0
605666,0.0
605667,0.0
605668,0.0
605669,0.0
605670,0.0
605671,0.0
605672,0.0
605673,0.0
605674,0.0
605675,0.0
605676,0.0
605677,0.0
605678,0.0
605679,0.0
605680,0.0
605681,0.0
605682,0.0
605683,0.0
605684,0.0
605685,0.0
605686,0.0
605687,0.0
605688,0.0
605689,0.0
605690,0.0
605691,0.0
605692,0.0
605693,0.0
605694,0.0
605695,0.0
605696,0.0
605697,0.0
605698,0.0
605699,0.0
605700,0.0
605701,0.0
605702,0.0
605703,0.0
605704,0.0
605705,0.0
605706,0.0
605707,0.0
605708,0.0
605709,0.0
605710,0.0
605711,0.0
605712,0.0
605713,0.0
605714,0.0
605715,0.0
605716,0.0
605717,0.0
605718,0.0
605719,0.0
605720,0.0
605721,0.0
605722,0.0
605723,0.0
605724,0.0
605725,0.0
605726,0.0
605727,0.0
605728,0.0
605729,0.0
605730,0.0
605731,0.0
605732,0.0
605733,0.0
605734,3.6772274e-36
605735,0.0
605736,0.0
605737,0.0
605738,0.0
605739,0.0
605740,0.0
605741,0.0
605742,0.0
605743,0.0
605744,0.0
605745,0.0
605746,0.0
605747,0.0
605748,0.0
605749,0.0
605750,0.0
605751,0.0
605752,0.0
605753,0.0
605754,0.0
605755,0.0
605756,0.0
605757,0.0
605758,0.0
605759,0.0
605760,0.0
605761,7.550844e-16
605762,0.0
605763,0.0
605764,0.0
605765,0.0
605766,0.0
605767,0.0
605768,0.0
605769,0.0
605770,0.0
605771,0.0
605772,0.0
605773,0.0
605774,0.0
605775,0.0
605776,0.0
605777,0.0
605778,0.0
605779,0.0
605780,0.0
605781,0.0
605782,0.0
605783,0.0
605784,0.0
605785,0.0
605786,0.0
605787,0.0
605788,0.0
605789,0.0
605790,0.0
605791,0.0
605792,0.0
605793,0.0
605794,0.0
605795,0.0
605796,0.0
605797,0.0
605798,0.0
605799,0.0
605800,0.0
605801,0.0
605802,0.0
605803,0.0
605804,0.0
605805,0.0
605806,0.0
605807,0.0
605808,0.0
605809,0.0
605810,0.0
605811,0.0
605812,0.0
605813,0.0
605814,0.0
605815,0.0
605816,0.0
605817,0.0
605818,0.0
605819,0.0
605820,1.1232732e-08
605821,0.0
605822,0.0
605823,0.0
605824,0.0
605825,0.0
605826,0.0
605827,0.0
605828,0.0
605829,0.0
605830,0.0
605831,0.0
605832,0.0
605833,0.0
605834,0.0
605835,0.0
605836,0.0
605837,0.0
605838,0.0
605839,0.0
605840,0.0
605841,0.0
605842,0.0
605843,0.0
605844,0.0
605845,0.0
605846,0.0
605847,0.0
605848,0.0
605849,0.0
605850,0.0
605851,0.0
605852,0.0
605853,0.0
605854,0.0
605855,0.0
605856,0.0
605857,0.0
605858,0.0
605859,0.0
605860,0.0
605861,0.0
605862,0.0
605863,0.0
605864,0.0
605865,0.0
605866,0.0
605867,0.0
605868,0.0
605869,0.0
605870,0.0
605871,0.0
605872,0.0
605873,0.0
605874,0.0
605875,0.0
605876,0.0
605877,0.0
605878,0.0
605879,0.0
605880,0.0
605881,0.0
605882,0.0
605883,0.0
605884,0.0
605885,0.0
605886,0.0
605887,0.0
605888,0.0
605889,0.0
605890,0.0
605891,0.0
605892,0.0
605893,0.0
605894,0.0
605895,0.0
605896,0.0
605897,0.0
605898,0.0
605899,0.0
605900,0.0
605901,0.0
605902,0.0
605903,0.0
605904,0.0
605905,0.0
605906,0.0
605907,0.0
605908,0.0
605909,0.0
605910,0.0
605911,0.0
605912,0.0
605913,0.0
605914,0.0
605915,0.0
605916,0.0
605917,0.0
605918,0.0
605919,0.0
605920,0.0
605921,0.0
605922,0.0
605923,0.0
605924,0.0
605925,0.0
605926,0.0
605927,0.0
605928,0.0
605929,0.0
605930,0.0
605931,0.0
605932,0.0
605933,0.0
605934,0.0
605935,0.0
605936,0.0
605937,0.0
605938,0.0
605939,0.0
605940,0.0
605941,0.0
605942,4.6680074e-32
605943,0.0
605944,1.2748952e-20
605945,0.0
605946,0.0
605947,0.0
605948,0.0
605949,0.0
605950,0.0
605951,0.0
605952,0.0
605953,0.0
605954,0.0
605955,0.0
605956,0.0
605957,0.0
605958,0.0
605959,0.0
605960,0.0
605961,0.0
605962,0.0
605963,0.0
605964,0.0
605965,0.0
605966,0.0
605967,0.0
605968,0.0
605969,0.0
605970,0.0
605971,0.0
605972,0.0
605973,0.0
605974,0.0
605975,0.0
605976,0.0
605977,0.0
605978,0.0
605979,0.0
605980,0.0
605981,0.0
605982,0.0
605983,0.0
605984,0.0
605985,0.0
605986,0.0
605987,0.0
605988,0.0
605989,0.0
605990,0.0
605991,0.0
605992,0.0
605993,0.0
605994,0.0
605995,0.0
605996,0.0
605997,0.0
605998,0.0
605999,0.0
606000,0.0
606001,0.0
606002,0.0
606003,0.0
606004,0.0
606005,0.0
606006,0.0
606007,0.0
606008,0.0
606009,0.0
606010,0.0
606011,0.0
606012,0.0
606013,0.0
606014,0.0
606015,0.0
606016,0.0
606017,0.0
606018,0.0
606019,0.0
606020,0.0
606021,0.0
606022,0.0
606023,0.0
606024,0.0
606025,0.0
606026,0.0
606027,0.0
606028,0.0
606029,0.0
606030,0.0
606031,0.0
606032,0.0
606033,0.0
606034,0.0
606035,0.0
606036,0.0
606037,0.0
606038,0.0
606039,0.0
606040,0.0
606041,0.0
606042,0.0
606043,0.0
606044,0.0
606045,0.0
606046,0.0
606047,0.0
606048,0.0
606049,0.0
606050,0.0
606051,0.0
606052,0.0
606053,0.0
606054,0.0
606055,0.0
606056,0.0
606057,0.0
606058,0.0
606059,0.0
606060,0.0
606061,0.0
606062,0.0
606063,0.0
606064,0.0
606065,0.0
606066,0.0
606067,0.0
606068,0.0
606069,0.0
606070,0.0
606071,0.0
606072,0.0
606073,0.0
606074,0.0
606075,0.0
606076,0.0
606077,0.0
606078,0.0
606079,0.0
606080,0.0
606081,0.0
606082,0.0
606083,0.0
606084,0.0
606085,0.0
606086,0.0
606087,0.0
606088,0.0
606089,0.0
606090,0.0
606091,0.0
606092,0.0
606093,0.0
606094,0.0
606095,0.0
606096,0.0
606097,0.0
606098,0.0
606099,0.0
606100,0.0
606101,0.0
606102,0.0
606103,0.0
606104,0.0
606105,0.0
606106,0.0
606107,0.0
606108,0.0
606109,0.0
606110,0.0
606111,0.0
606112,0.0
606113,0.0
606114,0.0
606115,0.0
606116,0.0
606117,0.0
606118,0.0
606119,0.0
606120,0.0
606121,0.0
606122,0.0
606123,2.5525564e-23
606124,0.0
606125,0.0
606126,0.0
606127,0.0
606128,0.0
606129,0.0
606130,0.0
606131,0.0
606132,0.0
606133,0.0
606134,0.0
606135,0.0
606136,0.0
606137,0.0
606138,0.0
606139,0.0
606140,0.0
606141,0.0
606142,0.0
606143,0.0
606144,0.0
606145,0.0
606146,0.0
606147,0.0
606148,0.0
606149,0.0
606150,0.0
606151,0.0
606152,0.0
606153,0.0
606154,0.0
606155,0.0
606156,0.0
606157,0.0
606158,0.0
606159,0.0
606160,0.0
606161,0.0
606162,0.0
606163,0.0
606164,0.0
606165,0.0
606166,0.0
606167,0.0
606168,0.0
606169,0.0
606170,0.0
606171,0.0
606172,0.0
606173,0.0
606174,0.0
606175,0.0
606176,0.0
606177,0.0
606178,0.0
606179,0.0
606180,0.0
606181,0.0
606182,0.0
606183,0.0
606184,0.0
606185,0.0
606186,0.0
606187,0.0
606188,0.0
606189,0.0
606190,0.0
606191,0.0
606192,0.0
606193,0.0
606194,0.0
606195,0.0
606196,0.0
606197,0.0
606198,0.0
606199,0.0
606200,0.0
606201,0.0
606202,0.0
606203,0.0
606204,0.0
606205,0.0
606206,0.0
606207,0.0
606208,0.0
606209,0.0
606210,0.0
606211,0.0
606212,0.0
606213,0.0
606214,0.0
606215,0.0
606216,0.0
606217,0.0
606218,0.0
606219,0.0
606220,0.0
606221,0.0
606222,0.0
606223,5.751637e-31
606224,0.0
606225,0.0
606226,0.0
606227,0.0
606228,0.0
606229,0.0
606230,0.0
606231,0.0
606232,0.0
606233,0.0
606234,0.0
606235,0.0
606236,0.0
606237,0.0
606238,0.0
606239,0.0
606240,0.0
606241,0.0
606242,0.0
606243,0.0
606244,0.0
606245,0.0
606246,0.0
606247,0.0
606248,0.0
606249,0.0
606250,0.0
606251,0.0
606252,0.0
606253,0.0
606254,0.0
606255,0.0
606256,0.0
606257,0.0
606258,0.0
606259,0.0
606260,0.0
606261,0.0
606262,0.0
606263,0.0
606264,0.0
606265,0.0
606266,0.0
606267,0.0
606268,0.0
606269,0.0
606270,0.0
606271,0.0
606272,0.0
606273,0.0
606274,0.0
606275,0.0
606276,0.0
606277,0.0
606278,0.0
606279,0.0
606280,0.0
606281,0.0
606282,0.0
606283,0.0
606284,0.0
606285,0.0
606286,0.0
606287,0.0
606288,0.0
606289,0.0
606290,0.0
606291,0.0
606292,0.0
606293,0.0
606294,0.0
606295,0.0
606296,0.0
606297,0.0
606298,0.0
606299,0.0
606300,0.0
606301,0.0
606302,0.0
606303,0.0
606304,0.0
606305,0.0
606306,0.0
606307,0.0
606308,0.0
606309,0.0
606310,0.0
606311,0.0
606312,0.0
606313,0.0
606314,0.0
606315,0.0
606316,0.0
606317,0.0
606318,0.0
606319,0.0
606320,0.0
606321,0.0
606322,0.0
606323,0.0
606324,0.0
606325,0.0
606326,0.0
606327,0.0
606328,0.0
606329,0.0
606330,0.0
606331,0.0
606332,0.0
606333,0.0
606334,0.0
606335,0.0
606336,0.0
606337,0.0
606338,0.0
606339,0.0
606340,0.0
606341,0.0
606342,0.0
606343,0.0
606344,0.0
606345,0.0
606346,0.0
606347,0.0
606348,0.0
606349,0.0
606350,0.0
606351,0.0
606352,0.0
606353,0.0
606354,0.0
606355,0.0
606356,0.0
606357,0.0
606358,0.0
606359,0.0
606360,0.0
606361,0.0
606362,0.0
606363,0.0
606364,0.0
606365,0.0
606366,0.0
606367,0.0
606368,0.0
606369,0.0
606370,0.0
606371,0.0
606372,0.0
606373,0.0
606374,0.0
606375,0.0
606376,0.0
606377,0.0
606378,0.0
606379,0.0
606380,0.0
606381,0.0
606382,0.0
606383,0.0
606384,0.0
606385,0.0
606386,0.0
606387,0.0
606388,0.0
606389,0.0
606390,0.0
606391,0.0
606392,0.0
606393,0.0
606394,0.0
606395,0.0
606396,0.0
606397,0.0
606398,0.0
606399,0.0
606400,0.0
606401,0.0
606402,0.0
606403,0.0
606404,0.0
606405,0.0
606406,0.0
606407,0.0
606408,0.0
606409,0.0
606410,0.0
606411,0.0
606412,0.0
606413,0.0
606414,0.0
606415,0.0
606416,0.0
606417,0.0
606418,0.0
606419,0.0
606420,0.0
606421,0.0
606422,0.0
606423,0.0
606424,0.0
606425,0.0
606426,0.0
606427,0.0
606428,0.0
606429,0.0
606430,0.0
606431,0.0
606432,0.0
606433,0.0
606434,0.0
606435,0.0
606436,0.0
606437,0.0
606438,0.0
606439,0.0
606440,0.021663029
606441,0.0
606442,0.0
606443,0.0
606444,0.0
606445,0.0
606446,0.0
606447,0.0
606448,0.0
606449,0.0
606450,0.0
606451,0.0
606452,0.0
606453,0.0
606454,0.0
606455,0.0
606456,0.0
606457,0.0
606458,0.0
606459,0.0
606460,0.0
606461,0.0
606462,0.0
606463,0.0
606464,0.0
606465,0.0
606466,0.0
606467,0.0
606468,0.0
606469,0.0
606470,0.0
606471,0.0
606472,0.0
606473,0.0
606474,0.0
606475,0.0
606476,0.0
606477,0.0
606478,0.0
606479,0.0
606480,0.0
606481,0.0
606482,0.0
606483,0.0
606484,0.0
606485,0.0
606486,0.0
606487,0.0
606488,0.0
606489,0.0
606490,0.0
606491,0.0
606492,0.0
606493,0.0
606494,0.0
606495,0.0
606496,0.0
606497,0.0
606498,0.0
606499,0.0
606500,0.0
606501,0.0
606502,0.0
606503,0.0
606504,0.0
606505,0.0
606506,0.0
606507,0.0
606508,0.0
606509,0.0
606510,0.0
606511,0.0
606512,0.0
606513,0.0
606514,0.0
606515,0.0
606516,0.0
606517,0.0
606518,0.0
606519,0.0
606520,0.0
606521,0.0
606522,0.0
606523,0.0
606524,0.0
606525,0.0
606526,0.0
606527,0.0
606528,0.0
606529,0.0
606530,0.0
606531,0.0
606532,0.0
606533,0.0
606534,0.0
606535,0.0
606536,0.0
606537,0.0
606538,0.0
606539,0.0
606540,0.0
606541,0.0
606542,0.0
606543,0.0
606544,0.0
606545,0.0
606546,0.0
606547,0.0
606548,0.0
606549,0.0
606550,0.0
606551,0.0
606552,0.0
606553,0.0
606554,0.0
606555,0.0
606556,0.0
606557,0.0
606558,0.0
606559,0.0
606560,0.0
606561,0.0
606562,0.0
606563,0.0
606564,0.0
606565,0.0
606566,0.0
606567,0.0
606568,0.0
606569,0.0
606570,0.0
606571,0.0
606572,1.6859353e-10
606573,0.0
606574,0.0
606575,0.0
606576,0.0
606577,0.0
606578,0.0
606579,0.0
606580,0.0
606581,0.0
606582,0.0
606583,0.0
606584,0.0
606585,0.0
606586,0.0
606587,0.0
606588,0.0
606589,0.0
606590,0.0
606591,0.0
606592,0.0
606593,0.0
606594,0.0
606595,0.0
606596,0.0
606597,0.0
606598,0.0
606599,0.0
606600,0.0
606601,0.0
606602,0.0
606603,0.0
606604,0.0
606605,0.0
606606,0.0
606607,0.0
606608,0.0
606609,0.0
606610,0.0
606611,0.0
606612,0.0
606613,0.0
606614,0.0
606615,0.0
606616,0.0
606617,0.0
606618,0.0
606619,0.0
606620,0.0
606621,0.0
606622,0.0
606623,0.0
606624,0.0
606625,0.0
606626,0.0
606627,0.0
606628,0.0
606629,0.0
606630,0.0
606631,0.0
606632,0.0
606633,0.0
606634,0.0
606635,0.0
606636,0.0
606637,0.0
606638,0.0
606639,0.0
606640,0.0
606641,0.0
606642,0.0
606643,0.0
606644,0.0
606645,0.0
606646,0.0
606647,0.0
606648,0.0
606649,0.0
606650,0.0
606651,0.0
606652,0.0
606653,0.0
606654,0.0
606655,0.0
606656,0.0
606657,0.0
606658,0.0
606659,0.0
606660,0.0
606661,0.0
606662,0.0
606663,0.0
606664,0.0
606665,0.0
606666,0.0
606667,0.0
606668,0.0
606669,0.0
606670,0.0
606671,0.0
606672,0.0
606673,0.0
606674,0.0
606675,0.0
606676,0.0
606677,0.0
606678,0.0
606679,0.0
606680,0.0
606681,0.0
606682,0.0
606683,0.0
606684,0.0
606685,0.0
606686,0.0
606687,0.0
606688,0.0
606689,0.0
606690,0.0
606691,0.0
606692,0.0
606693,0.0
606694,0.0
606695,0.0
606696,0.0
606697,6.997887e-11
606698,0.0
606699,0.0
606700,0.0
606701,0.0
606702,0.0
606703,0.0
606704,0.0
606705,0.0
606706,0.0
606707,0.0
606708,0.0
606709,0.0
606710,0.0
606711,0.0
606712,0.0
606713,0.0
606714,0.0
606715,0.03739626
606716,0.0
606717,0.0
606718,0.0
606719,0.0
606720,0.0
606721,0.0
606722,0.0
606723,0.0
606724,0.0
606725,0.0
606726,0.0
606727,0.0
606728,0.0
606729,0.0
606730,0.0
606731,0.0
606732,0.0
606733,0.0
606734,0.0
606735,0.0
606736,0.0
606737,0.0
606738,0.0
606739,0.0
606740,0.0
606741,0.0
606742,0.0
606743,0.0
606744,0.0
606745,0.0
606746,0.0
606747,0.0
606748,0.0
606749,0.0
606750,0.0
606751,0.0
606752,0.0
606753,0.0
606754,0.0
606755,0.0
606756,0.0
606757,0.0
606758,0.0
606759,0.0
606760,0.0
606761,0.0
606762,0.0
606763,0.0
606764,2.0615463e-32
606765,0.0
606766,0.0
606767,0.0
606768,0.0
606769,0.0
606770,0.0
606771,0.0
606772,0.0
606773,0.0
606774,0.0
606775,0.0
606776,0.0
606777,0.0
606778,0.0
606779,0.0
606780,0.0
606781,0.0
606782,0.0
606783,0.0
606784,0.0
606785,0.0
606786,0.0
606787,0.0
606788,0.0
606789,0.0
606790,0.0
606791,0.0
606792,0.0
606793,0.0
606794,0.0
606795,0.0
606796,0.0
606797,0.0
606798,0.0
606799,0.0
606800,0.0
606801,0.0
606802,0.0
606803,0.0
606804,0.0
606805,0.0
606806,0.0
606807,0.0
606808,0.0
606809,0.0
606810,0.0
606811,0.0
606812,0.0
606813,0.0
606814,0.0
606815,0.0
606816,0.0
606817,0.0
606818,0.0
606819,0.0
606820,0.0
606821,0.0
606822,0.0
606823,0.0
606824,0.0
606825,0.0
606826,0.0
606827,0.0
606828,0.0
606829,0.0
606830,0.0
606831,0.0
606832,0.0
606833,0.0
606834,0.0
606835,0.0
606836,0.0
606837,0.0
606838,0.0
606839,0.0
606840,0.0
606841,0.0
606842,0.0
606843,0.0
606844,0.0
606845,0.0
606846,0.0
606847,0.0
606848,0.0
606849,0.0
606850,0.0
606851,0.0
606852,0.0
606853,0.0
606854,0.0
606855,0.0
606856,0.0
606857,0.0
606858,0.0
606859,0.0
606860,0.0
606861,0.0
606862,0.0
606863,0.0
606864,0.0
606865,0.0
606866,0.0
606867,0.0
606868,0.0
606869,0.0
606870,0.0
606871,0.0
606872,0.0
606873,0.0
606874,0.0
606875,0.0
606876,0.0
606877,0.0
606878,0.0
606879,0.0
606880,0.0
606881,0.0
606882,0.0
606883,0.0
606884,0.0
606885,0.0
606886,0.0
606887,0.0
606888,0.0
606889,0.0
606890,0.0
606891,0.0
606892,0.0
606893,0.0
606894,0.0
606895,0.0
606896,0.0
606897,5.793028e-33
606898,0.0
606899,0.0
606900,0.0
606901,0.0
606902,0.0
606903,0.0
606904,0.0
606905,0.0
606906,0.0
606907,0.0
606908,0.0
606909,0.0
606910,0.0
606911,0.0
606912,0.0
606913,0.0
606914,0.0
606915,0.0
606916,0.0
606917,0.0
606918,0.0
606919,0.0
606920,0.0
606921,0.0
606922,0.0
606923,0.0
606924,0.0
606925,0.0
606926,0.0
606927,0.0
606928,0.0
606929,0.0
606930,0.0
606931,0.0
606932,0.0
606933,0.0
606934,0.0
606935,0.0
606936,0.0
606937,0.0
606938,0.0
606939,0.0
606940,0.0
606941,0.0
606942,0.0
606943,1.1040233e-37
606944,0.0
606945,0.0
606946,0.0
606947,0.0
606948,0.0
606949,0.0
606950,0.0
606951,0.0
606952,0.0
606953,0.0
606954,0.0
606955,0.0
606956,0.0
606957,0.0
606958,0.0
606959,0.0
606960,0.0
606961,0.0
606962,0.0
606963,0.0
606964,0.0
606965,0.0
606966,0.0
606967,0.0
606968,0.0
606969,0.0
606970,0.0
606971,0.0
606972,0.0
606973,0.0
606974,0.0
606975,0.0
606976,4.2941923e-31
606977,0.0
606978,0.0
606979,0.0
606980,0.0
606981,0.0
606982,0.0
606983,0.0
606984,3.5110659e-09
606985,0.0
606986,0.0
606987,0.0
606988,0.0
606989,0.0
606990,0.0
606991,0.0
606992,0.0
606993,0.0
606994,0.0
606995,0.0
606996,0.0
606997,0.0
606998,0.0
606999,0.0
607000,0.0
607001,0.0
607002,0.0
607003,0.0
607004,0.0
607005,0.0
607006,0.0
607007,0.0
607008,0.0
607009,0.0
607010,0.0
607011,0.0
607012,0.0
607013,0.0
607014,0.0
607015,0.0
607016,0.0
607017,0.0
607018,0.0
607019,0.0
607020,0.0
607021,0.0
607022,0.0
607023,0.0
607024,0.0
607025,0.0
607026,0.0
607027,0.0
607028,0.0
607029,0.0
607030,0.0
607031,0.0
607032,0.0
607033,0.0
607034,0.0
607035,0.0
607036,0.0
607037,0.0
607038,0.0
607039,0.0
607040,0.0
607041,0.0
607042,0.0
607043,7.387237e-34
607044,0.0
607045,0.0
607046,0.0
607047,0.0
607048,0.0
607049,0.0
607050,0.0
607051,0.0
607052,0.0
607053,0.0
607054,0.0
607055,0.0
607056,0.0
607057,0.0
607058,0.0
607059,0.0
607060,0.0
607061,0.0
607062,0.0
607063,0.0
607064,0.0
607065,0.0
607066,0.0
607067,0.0
607068,0.0
607069,0.0
607070,0.0
607071,0.0
607072,0.0
607073,0.0
607074,0.0
607075,0.0
607076,0.0
607077,0.0
607078,0.0
607079,0.0
607080,0.0
607081,0.0
607082,0.0
607083,0.0
607084,0.0
607085,0.0
607086,0.0
607087,0.0
607088,0.0
607089,0.0
607090,0.0
607091,0.0
607092,0.0
607093,0.0
607094,0.0
607095,0.0
607096,0.0
607097,0.0
607098,0.0
607099,0.0
607100,0.0
607101,0.0
607102,0.0
607103,0.0
607104,0.0
607105,0.0
607106,0.0
607107,0.0
607108,0.0
607109,0.0
607110,0.0
607111,0.0
607112,0.0
607113,0.0
607114,0.0
607115,0.0
607116,0.0
607117,0.0
607118,0.0
607119,0.0
607120,0.0
607121,0.0
607122,0.0
607123,0.0
607124,0.0
607125,0.0
607126,0.0
607127,0.0
607128,0.0
607129,0.0
607130,0.0
607131,0.0
607132,0.0
607133,0.0
607134,0.0
607135,0.0
607136,0.0
607137,0.0
607138,0.0
607139,0.0
607140,0.0
607141,0.0
607142,0.0
607143,0.0
607144,0.0
607145,0.0
607146,0.0
607147,0.0
607148,0.0
607149,0.0
607150,0.0
607151,0.0
607152,0.0
607153,0.0
607154,0.0
607155,0.0
607156,0.0
607157,0.0
607158,0.0005525703
607159,0.0
607160,0.0
607161,0.0
607162,0.0
607163,0.0
607164,0.0
607165,0.0
607166,0.0
607167,0.0
607168,0.0
607169,0.0
607170,0.0
607171,0.0
607172,0.0
607173,0.0
607174,0.0
607175,0.0
607176,0.0
607177,0.0
607178,0.0
607179,0.0
607180,0.0
607181,0.0
607182,0.0
607183,0.0
607184,0.0
607185,0.0
607186,0.0
607187,0.0
607188,0.0
607189,0.0
607190,0.0
607191,0.0
607192,0.0
607193,0.0
607194,0.0
607195,0.0
607196,0.0
607197,0.0
607198,0.0
607199,0.0
607200,0.0
607201,0.0
607202,0.0
607203,0.0
607204,0.0
607205,0.0
607206,0.0
607207,0.0
607208,0.0
607209,0.0
607210,0.0
607211,0.0
607212,0.0
607213,0.0
607214,0.0
607215,0.0
607216,0.0
607217,0.0
607218,0.0
607219,0.0
607220,0.0
607221,2.6255944e-26
607222,0.0
607223,0.0
607224,0.0
607225,0.0
607226,0.0
607227,0.0
607228,0.0
607229,0.0
607230,0.0
607231,0.0
607232,0.0
607233,0.0
607234,0.0
607235,0.0
607236,0.0
607237,0.0
607238,0.0
607239,0.0
607240,0.0
607241,0.0
607242,0.0
607243,0.0
607244,0.0
607245,0.0
607246,0.0
607247,0.0
607248,0.0
607249,0.0
607250,0.0
607251,0.0
607252,0.0
607253,0.0
607254,0.0
607255,0.0
607256,0.0
607257,0.0
607258,0.0
607259,0.0
607260,0.0
607261,0.0
607262,0.0
607263,0.0
607264,0.0
607265,0.0
607266,0.0
607267,0.0
607268,0.0
607269,0.0
607270,0.0
607271,0.0
607272,0.0
607273,0.0
607274,0.0
607275,0.0
607276,2.6982894e-16
607277,0.0
607278,0.0
607279,0.0
607280,0.0
607281,0.0
607282,0.0
607283,0.0
607284,5.288089e-26
607285,0.0
607286,0.0
607287,0.0
607288,0.0
607289,0.0
607290,0.0
607291,0.0
607292,0.0
607293,0.0
607294,0.0
607295,0.0
607296,0.0
607297,0.0
607298,0.0
607299,0.0
607300,0.0
607301,0.0
607302,0.0
607303,0.0
607304,0.0
607305,0.0
607306,0.0
607307,0.0
607308,0.0
607309,0.0
607310,0.0
607311,0.0
607312,0.0
607313,0.0
607314,0.0
607315,0.0
607316,0.0
607317,0.0
607318,0.0
607319,0.0
607320,0.0
607321,0.0
607322,0.0
607323,0.0
607324,0.0
607325,0.0
607326,0.0
607327,0.0
607328,0.0
607329,0.0
607330,0.0
607331,0.0
607332,0.0
607333,0.0
607334,0.0
607335,0.0
607336,0.0
607337,0.0
607338,0.0
607339,0.0
607340,0.0
607341,0.0
607342,0.0
607343,0.0
607344,0.0
607345,0.0
607346,0.0
607347,0.0
607348,0.0
607349,0.0
607350,0.0
607351,0.0
607352,0.0
607353,0.0
607354,0.0
607355,0.0
607356,0.0
607357,0.0
607358,5.9115646e-08
607359,0.0
607360,0.0
607361,0.0
607362,0.0
607363,0.0
607364,0.0
607365,0.0
607366,0.0
607367,0.0
607368,0.0
607369,0.0
607370,0.0
607371,0.0
607372,0.0
607373,0.0
607374,0.0
607375,0.0
607376,0.0
607377,0.0
607378,0.0
607379,0.0
607380,0.0
607381,0.0
607382,0.0
607383,0.0
607384,0.0
607385,0.0
607386,2.0290801e-26
607387,0.0
607388,0.0
607389,0.0
607390,0.0
607391,0.0
607392,0.0
607393,0.0
607394,0.0
607395,0.0
607396,0.0
607397,0.0
607398,0.0
607399,0.0
607400,0.0
607401,0.0
607402,0.0
607403,0.0033924696
607404,4.6835314e-37
607405,0.0
607406,0.0
607407,0.0
607408,0.0
607409,0.0
607410,0.0
607411,0.0
607412,0.0
607413,0.0
607414,0.0
607415,0.0
607416,0.0
607417,0.0
607418,0.0
607419,0.0
607420,0.0
607421,0.0
607422,0.0
607423,0.0
607424,0.0
607425,0.0
607426,0.0
607427,0.0
607428,0.0
607429,0.0
607430,0.0
607431,0.0
607432,0.0
607433,0.0
607434,0.0
607435,0.0
607436,0.0
607437,0.0
607438,0.0
607439,0.0
607440,0.0
607441,0.0
607442,0.0
607443,0.0
607444,0.0
607445,0.0
607446,0.0
607447,0.0
607448,0.0
607449,0.0
607450,0.0
607451,0.0
607452,0.0
607453,0.0
607454,0.0
607455,0.0
607456,0.0
607457,0.0
607458,0.0
607459,0.0
607460,0.0
607461,0.0
607462,0.0
607463,0.0
607464,0.0
607465,0.0
607466,0.0
607467,0.0
607468,0.0
607469,0.0
607470,0.0
607471,0.0
607472,0.0
607473,0.0
607474,0.0
607475,0.0
607476,0.0
607477,0.0
607478,0.0
607479,0.0
607480,0.0
607481,0.0
607482,0.0
607483,0.0
607484,0.0
607485,0.0
607486,0.0
607487,0.0
607488,0.0
607489,0.0
607490,0.0
607491,0.0
607492,0.0
607493,0.0
607494,0.0
607495,0.0
607496,0.0
607497,0.0
607498,0.0
607499,0.0
607500,0.0
607501,0.0
607502,0.0
607503,0.0
607504,0.0
607505,0.0
607506,0.0
607507,0.0
607508,0.0
607509,0.0
607510,0.0
607511,0.0
607512,0.0
607513,0.0
607514,0.0
607515,0.0
607516,0.0
607517,0.0
607518,0.0
607519,0.0
607520,0.0
607521,0.0
607522,0.0
607523,0.0
607524,0.0
607525,0.0
607526,0.0
607527,0.0
607528,0.0
607529,0.0
607530,0.0
607531,0.0
607532,0.0
607533,0.0
607534,0.0
607535,0.0
607536,0.0
607537,0.0
607538,0.0
607539,0.0
607540,0.0
607541,0.0
607542,0.0
607543,0.0
607544,0.0
607545,0.0
607546,0.0
607547,0.0
607548,0.0
607549,0.0
607550,0.0
607551,0.0
607552,0.0
607553,0.0
607554,0.0
607555,0.0
607556,0.0
607557,0.0
607558,0.0
607559,0.0
607560,0.0
607561,0.0
607562,0.0
607563,0.0
607564,0.0
607565,0.0
607566,0.0
607567,0.0
607568,0.0
607569,0.0
607570,0.0
607571,0.0
607572,0.0
607573,0.0
607574,0.0
607575,0.0
607576,0.0
607577,0.0
607578,0.0
607579,0.0
607580,0.0
607581,0.0
607582,0.0
607583,0.0
607584,0.0
607585,0.0
607586,0.0
607587,0.0
607588,0.0
607589,0.0
607590,0.0
607591,0.0
607592,0.0
607593,0.0
607594,0.0
607595,0.0
607596,0.0
607597,0.0
607598,0.0
607599,0.0
607600,0.0
607601,0.0
607602,0.0
607603,0.0
607604,0.0
607605,0.0
607606,0.0
607607,0.0
607608,0.0
607609,0.0
607610,0.0
607611,0.0
607612,0.0
607613,0.0
607614,0.0
607615,0.0
607616,0.0
607617,0.0
607618,0.0
607619,0.0
607620,0.0
607621,0.0
607622,0.0
607623,0.0
607624,0.0
607625,0.0
607626,0.0
607627,0.0
607628,0.0
607629,0.0
607630,0.0
607631,0.0
607632,0.0
607633,0.0
607634,0.0
607635,0.0
607636,0.0
607637,0.0
607638,0.0
607639,0.0
607640,0.0
607641,0.0
607642,0.0
607643,0.0
607644,0.0
607645,0.0
607646,0.0
607647,0.0
607648,0.0
607649,0.0
607650,0.0
607651,0.0
607652,0.0
607653,0.0
607654,0.0
607655,0.0
607656,0.0
607657,0.0
607658,0.0
607659,0.0
607660,0.0
607661,0.0
607662,0.0
607663,0.0
607664,0.0
607665,0.0
607666,0.0
607667,0.0
607668,0.0
607669,0.0
607670,0.0
607671,0.0
607672,0.0
607673,0.0
607674,0.0
607675,0.0
607676,0.0
607677,0.0
607678,0.0
607679,0.0
607680,0.0
607681,0.0
607682,0.0
607683,0.0
607684,0.0
607685,0.0
607686,0.0
607687,0.0
607688,0.0
607689,0.0
607690,0.0
607691,0.0
607692,0.0
607693,0.0
607694,0.0
607695,0.0
607696,0.0
607697,0.0
607698,0.0
607699,0.0
607700,0.0
607701,0.0
607702,0.0
607703,0.0
607704,0.0
607705,0.0
607706,0.0
607707,0.0
607708,0.0
607709,0.0
607710,0.0
607711,0.0
607712,0.0
607713,0.0
607714,0.0
607715,0.0
607716,0.0
607717,0.0
607718,0.0
607719,0.0
607720,0.0
607721,0.0
607722,0.0
607723,0.0
607724,0.0
607725,0.0
607726,0.0
607727,0.0
607728,0.0
607729,0.0
607730,0.0
607731,0.0
607732,0.0
607733,0.0
607734,0.0
607735,0.0
607736,0.0
607737,0.0
607738,0.0
607739,0.0
607740,0.0
607741,0.0
607742,0.0
607743,0.0
607744,0.0
607745,0.0
607746,0.0
607747,0.0
607748,0.0
607749,0.0
607750,0.0
607751,0.0
607752,0.0
607753,0.0
607754,0.0
607755,0.0
607756,0.0
607757,0.0
607758,0.0
607759,0.0
607760,0.0
607761,0.0
607762,0.0
607763,0.0
607764,8.2292805e-26
607765,0.0
607766,0.0
607767,0.0
607768,0.0
607769,0.0
607770,0.0
607771,0.0
607772,0.0
607773,0.0
607774,0.0
607775,0.0
607776,0.0
607777,0.0
607778,0.0
607779,0.0
607780,0.0
607781,0.0
607782,0.0
607783,0.0
607784,0.0
607785,0.0
607786,0.0
607787,0.0
607788,0.0
607789,0.0
607790,0.0
607791,0.0
607792,0.0
607793,0.0
607794,0.0
607795,0.0
607796,0.0
607797,0.0
607798,0.0
607799,0.0
607800,0.0
607801,0.0
607802,0.0
607803,0.36242384
607804,0.0
607805,0.0
607806,0.0
607807,0.0
607808,0.0
607809,0.0
607810,0.0
607811,0.0
607812,0.0
607813,0.0
607814,0.0
607815,0.0
607816,0.0
607817,0.0
607818,0.0
607819,0.0
607820,0.0
607821,0.0
607822,0.0
607823,0.0
607824,0.0
607825,0.0
607826,0.0
607827,0.0
607828,0.0
607829,0.0
607830,0.0
607831,0.0
607832,0.0
607833,0.0
607834,0.0
607835,0.0
607836,0.0
607837,0.0
607838,0.0
607839,0.0
607840,0.0
607841,0.0
607842,0.0
607843,0.0
607844,0.0
607845,0.0
607846,0.0
607847,0.0
607848,0.0
607849,0.0
607850,0.0
607851,0.0
607852,0.0
607853,0.0
607854,0.0
607855,0.0
607856,0.0
607857,0.0
607858,0.0
607859,0.0
607860,0.0
607861,0.0
607862,0.0
607863,0.0
607864,0.0
607865,0.0
607866,0.0
607867,0.0
607868,0.0
607869,0.0
607870,0.0
607871,0.0
607872,0.0
607873,0.0
607874,0.0
607875,0.0
607876,0.0
607877,0.0
607878,0.0
607879,0.0
607880,0.0
607881,0.0
607882,0.0
607883,0.0
607884,0.0
607885,0.0
607886,0.0
607887,0.0
607888,0.0
607889,0.0
607890,0.0
607891,0.0
607892,0.0
607893,0.0
607894,0.0
607895,0.0
607896,0.0
607897,0.0
607898,0.0
607899,0.0
607900,0.0
607901,0.0
607902,0.0
607903,0.0
607904,0.0
607905,0.0
607906,0.0
607907,0.0
607908,0.0
607909,0.0
607910,0.0
607911,0.0
607912,0.0
607913,0.0
607914,0.0
607915,0.0
607916,0.0
607917,0.0
607918,0.0
607919,0.0
607920,0.0
607921,0.0
607922,0.0
607923,0.0
607924,0.0
607925,0.0
607926,0.0
607927,0.0
607928,0.0
607929,0.0
607930,0.0
607931,0.0
607932,0.0
607933,0.0
607934,0.0
607935,0.0
607936,0.0
607937,0.0
607938,0.0
607939,0.0
607940,0.0
607941,0.0
607942,0.0
607943,0.0
607944,0.0
607945,0.0
607946,0.0
607947,0.0
607948,0.0
607949,0.0
607950,0.0
607951,0.0
607952,0.0
607953,0.0
607954,0.0
607955,0.0
607956,0.0
607957,0.0
607958,0.0
607959,0.0
607960,0.0
607961,0.0
607962,0.0
607963,0.0
607964,0.0
607965,0.0
607966,0.0
607967,0.0
607968,0.0
607969,0.0
607970,0.0
607971,0.0
607972,0.0
607973,0.0
607974,0.0
607975,0.0
607976,0.0
607977,2.8579164e-26
607978,0.0
607979,0.0
607980,0.0
607981,0.0
607982,0.0
607983,0.0
607984,0.0
607985,0.0
607986,0.0
607987,0.0
607988,0.0
607989,0.0
607990,0.0
607991,0.0
607992,0.0
607993,0.0
607994,0.0
607995,0.0
607996,0.0
607997,0.0
607998,0.0
607999,0.0
608000,0.0
608001,0.0
608002,1.7771522e-15
608003,0.0
608004,0.0
608005,0.0
608006,5.7118938e-36
608007,0.0
608008,0.0
608009,0.0
608010,0.0
608011,0.0
608012,0.0
608013,0.0
608014,0.0
608015,0.0
608016,0.0
608017,0.0
608018,0.0
608019,0.0
608020,0.0
608021,0.0
608022,0.0
608023,0.0
608024,0.0
608025,0.0
608026,0.0
608027,0.0
608028,0.0
608029,0.0
608030,0.0
608031,0.0
608032,0.0
608033,0.0
608034,0.0
608035,0.0
608036,0.0
608037,0.0
608038,0.0
608039,0.0
608040,0.0
608041,0.0
608042,0.0
608043,0.0
608044,0.0
608045,0.0
608046,0.0
608047,0.0
608048,0.0
608049,0.0
608050,0.0
608051,0.0
608052,0.0
608053,0.0
608054,0.0
608055,0.0
608056,0.0
608057,0.0
608058,0.0
608059,0.0
608060,0.0
608061,0.0
608062,0.0
608063,0.0
608064,0.0
608065,0.0
608066,0.0
608067,0.0
608068,0.0
608069,0.0
608070,0.0
608071,0.0
608072,4.4757595e-23
608073,0.0
608074,0.0
608075,0.0
608076,0.0
608077,0.0
608078,0.0
608079,0.0
608080,0.0
608081,0.0
608082,0.0
608083,0.0
608084,0.0
608085,0.0
608086,0.0
608087,0.0
608088,0.0
608089,0.0
608090,0.0
608091,0.0
608092,0.0
608093,0.0
608094,0.0
608095,0.0
608096,0.0
608097,0.0
608098,0.0
608099,0.0
608100,0.0
608101,0.0
608102,0.0
608103,0.0
608104,0.0
608105,0.0
608106,0.0
608107,0.0
608108,0.0
608109,0.0
608110,0.0
608111,0.0
608112,3.7287292e-36
608113,0.0
608114,0.0
608115,0.0
608116,0.0
608117,0.0
608118,0.0
608119,0.0
608120,0.0
608121,0.0
608122,0.0
608123,0.0
608124,0.0
608125,0.0
608126,0.0
608127,0.0
608128,0.0
608129,0.0
608130,0.0
608131,0.0
608132,0.0
608133,0.0
608134,0.0
608135,0.0
608136,0.0
608137,0.0
608138,0.0
608139,0.0
608140,0.0
608141,0.0
608142,0.0
608143,0.0
608144,0.0
608145,0.0
608146,0.0
608147,0.0
608148,0.0
608149,0.0
608150,0.0
608151,0.0
608152,0.0
608153,0.0
608154,0.0
608155,0.0
608156,0.0
608157,0.0
608158,0.0
608159,0.0
608160,0.0
608161,0.0
608162,0.0
608163,0.0
608164,0.0
608165,0.0
608166,0.0
608167,0.0
608168,0.0
608169,0.0
608170,0.0
608171,0.0
608172,0.0
608173,0.0
608174,0.0
608175,0.0
608176,0.0
608177,0.0
608178,0.0
608179,0.0
608180,0.0
608181,0.0
608182,0.0
608183,0.0
608184,0.0
608185,0.0
608186,0.0
608187,0.0
608188,0.0
608189,0.0
608190,0.0
608191,0.0
608192,0.0
608193,0.0
608194,0.0
608195,0.0
608196,0.0
608197,0.0
608198,0.0
608199,0.0
608200,0.0
608201,0.0
608202,0.0
608203,0.0
608204,0.0
608205,0.0
608206,0.0
608207,0.0
608208,0.0
608209,0.0
608210,0.0
608211,0.0
608212,0.0
608213,0.0
608214,2.0660201e-30
608215,0.0
608216,0.0
608217,0.0
608218,0.0
608219,0.0
608220,0.0
608221,0.0
608222,0.0
608223,0.0
608224,0.0
608225,0.0
608226,0.0
608227,0.0
608228,0.0
608229,0.0
608230,0.0
608231,0.0
608232,0.0
608233,0.0
608234,0.0
608235,0.0
608236,0.0
608237,0.0
608238,0.0
608239,0.0
608240,0.0
608241,0.0
608242,0.0
608243,0.0
608244,0.0
608245,0.0
608246,0.0
608247,9.115207e-18
608248,0.0
608249,0.0
608250,0.0
608251,0.0
608252,0.0
608253,0.0
608254,0.0
608255,0.0
608256,0.0
608257,0.0
608258,0.0
608259,0.0
608260,0.0
608261,0.0
608262,0.0
608263,0.0
608264,0.0
608265,0.0
608266,0.0
608267,0.0
608268,0.0
608269,0.0
608270,0.0
608271,0.0
608272,0.0
608273,0.0
608274,0.0
608275,0.0
608276,0.0
608277,0.0
608278,0.0
608279,0.0
608280,0.0
608281,0.0
608282,0.0
608283,0.0
608284,0.0
608285,0.0
608286,2.2734279e-23
608287,0.0
608288,0.0
608289,0.0
608290,0.0
608291,0.0
608292,0.0
608293,0.0
608294,0.0
608295,0.0
608296,0.0
608297,0.0
608298,0.0
608299,0.0
608300,0.0
608301,0.0
608302,0.0
608303,0.0
608304,0.0
608305,0.0
608306,0.0
608307,0.0
608308,0.0
608309,0.0
608310,0.0
608311,0.0
608312,0.0
608313,0.0
608314,0.0
608315,0.0
608316,5.229859e-38
608317,0.0
608318,0.0
608319,0.0
608320,0.0
608321,0.0
608322,0.0
608323,0.0
608324,0.0
608325,0.0
608326,0.0
608327,3.7694948e-14
608328,0.0
608329,0.0
608330,0.0
608331,0.0
608332,0.0
608333,0.0
608334,0.0
608335,0.0
608336,0.0
608337,0.0
608338,0.0
608339,0.0
608340,0.0
608341,0.0
608342,0.0
608343,0.0
608344,0.0
608345,0.0
608346,0.0
608347,0.0
608348,0.0
608349,0.0
608350,0.0
608351,0.0
608352,0.0
608353,0.0
608354,0.0
608355,0.0
608356,0.0
608357,0.0
608358,0.0
608359,0.0
608360,0.0
608361,0.0
608362,0.0
608363,0.0
608364,0.0
608365,0.0
608366,0.0
608367,0.0
608368,0.0
608369,0.0
608370,0.0
608371,0.0
608372,0.0
608373,0.0
608374,0.0
608375,0.0
608376,0.0
608377,0.0
608378,0.0
608379,0.0
608380,0.0
608381,0.0
608382,0.0
608383,0.0
608384,0.0
608385,0.0
608386,0.0
608387,0.0
608388,0.0
608389,0.0
608390,0.0
608391,0.0
608392,0.0
608393,0.0
608394,0.0
608395,0.0
608396,0.0
608397,0.0
608398,0.0
608399,0.0
608400,0.0
608401,0.0
608402,0.0
608403,0.0
608404,0.0
608405,0.0
608406,0.0
608407,0.0
608408,0.0
608409,0.0
608410,0.0
608411,0.0
608412,0.0
608413,0.0
608414,0.0
608415,0.0
608416,0.0
608417,0.0
608418,0.0
608419,0.0
608420,0.0
608421,0.0
608422,0.0
608423,0.0
608424,0.0
608425,0.0
608426,0.0
608427,0.0
608428,0.0
608429,0.0
608430,0.0
608431,0.0
608432,0.0
608433,0.0
608434,0.0
608435,0.0
608436,0.0
608437,0.0
608438,0.0
608439,0.0
608440,0.0
608441,0.0
608442,0.0
608443,0.0
608444,0.0
608445,0.0
608446,0.0
608447,0.0
608448,0.0
608449,0.0
608450,0.0
608451,0.0
608452,0.0
608453,0.0
608454,0.0
608455,0.0
608456,0.0
608457,0.0
608458,0.0
608459,0.0
608460,0.0
608461,0.0
608462,0.0
608463,0.0
608464,0.0
608465,0.0
608466,0.0
608467,0.0
608468,0.0
608469,0.0
608470,0.0
608471,0.0
608472,0.0
608473,0.0
608474,0.0
608475,0.0
608476,0.0
608477,0.0
608478,0.0
608479,0.0
608480,0.0
608481,0.0
608482,0.0
608483,0.0
608484,0.0
608485,0.0
608486,0.0
608487,0.0
608488,0.0
608489,0.0
608490,0.0
608491,0.0
608492,0.0
608493,0.0
608494,0.0
608495,0.0
608496,0.0
608497,0.0
608498,0.0
608499,0.0
608500,0.0
608501,0.0
608502,0.0
608503,0.0
608504,0.0
608505,0.0
608506,0.0
608507,0.0
608508,0.0
608509,0.0
608510,0.0
608511,0.0
608512,0.0
608513,0.0
608514,0.0
608515,0.0
608516,0.0
608517,0.0
608518,0.0
608519,0.0
608520,0.0
608521,0.0
608522,0.0
608523,0.0
608524,0.0
608525,0.0
608526,0.0
608527,0.0
608528,0.0
608529,0.0
608530,0.0
608531,0.0
608532,0.0
608533,0.0
608534,0.0
608535,0.0
608536,0.0
608537,0.0
608538,0.0
608539,0.0
608540,0.0
608541,0.0
608542,0.0
608543,0.0
608544,0.0
608545,0.0
608546,0.0
608547,0.0
608548,0.0
608549,0.0
608550,0.0
608551,0.0
608552,0.0
608553,0.0
608554,0.0
608555,0.0
608556,0.0
608557,0.0
608558,0.0
608559,0.0
608560,0.0
608561,0.0
608562,0.0
608563,0.0
608564,0.0
608565,0.0
608566,0.0
608567,0.0
608568,0.0
608569,0.0
608570,0.0
608571,0.0
608572,0.0
608573,0.0
608574,0.0
608575,0.0
608576,0.0
608577,0.0
608578,0.0
608579,0.0
608580,0.0
608581,0.0
608582,0.0
608583,0.0
608584,0.0
608585,0.0
608586,0.0
608587,0.0
608588,0.0
608589,0.0
608590,0.0
608591,0.0
608592,0.0
608593,0.0
608594,0.0
608595,0.0
608596,0.0
608597,0.0
608598,0.0
608599,0.0
608600,0.0
608601,0.0
608602,0.0
608603,0.0
608604,0.0
608605,0.0
608606,0.0
608607,5.2137707e-28
608608,0.0
608609,0.0
608610,0.0
608611,0.0
608612,0.0
608613,0.0
608614,0.0
608615,0.0
608616,0.0
608617,0.0
608618,0.0
608619,0.0
608620,0.0
608621,0.0
608622,0.0
608623,0.0
608624,0.0
608625,0.0
608626,0.0
608627,0.0
608628,0.0
608629,0.0
608630,0.0
608631,0.0
608632,0.0
608633,0.0
608634,0.0
608635,0.0
608636,0.0
608637,0.0
608638,0.0
608639,0.0
608640,0.0
608641,0.0
608642,0.0
608643,0.0
608644,0.0
608645,0.0
608646,0.0
608647,0.0
608648,0.0
608649,0.0
608650,0.0
608651,0.0
608652,0.0
608653,0.0
608654,0.0
608655,0.0
608656,0.0
608657,0.0
608658,0.36242384
608659,0.0
608660,0.0
608661,0.0
608662,0.0
608663,0.0
608664,0.0
608665,0.0
608666,0.0
608667,0.0
608668,0.0
608669,0.0
608670,0.0
608671,0.0
608672,0.0
608673,0.0
608674,0.0
608675,0.0
608676,0.0
608677,0.0
608678,0.0
608679,2.974276e-29
608680,0.0
608681,0.0
608682,0.0
608683,0.0
608684,0.0
608685,0.0
608686,0.0
608687,0.0
608688,0.0
608689,0.0
608690,0.0
608691,0.0
608692,0.0
608693,0.0
608694,0.0
608695,0.0
608696,0.0
608697,0.0
608698,0.0
608699,0.0
608700,0.0
608701,0.0
608702,0.0
608703,0.0
608704,0.0
608705,0.0
608706,0.0
608707,0.0
608708,0.0
608709,0.0
608710,0.0
608711,0.0
608712,0.0
608713,0.0
608714,0.050390907
608715,0.0
608716,0.0
608717,0.0
608718,0.0
608719,0.0
608720,0.0
608721,0.0
608722,0.0
608723,0.0
608724,0.0
608725,0.0
608726,0.0
608727,0.0
608728,0.0
608729,0.0
608730,0.0
608731,0.0
608732,0.0
608733,0.0
608734,0.0
608735,0.0
608736,0.0
608737,0.0
608738,0.0
608739,0.0
608740,0.0
608741,0.0
608742,0.0
608743,0.0
608744,0.0
608745,0.0
608746,0.0
608747,0.0
608748,0.0
608749,0.0
608750,0.0
608751,0.0
608752,0.0
608753,0.0
608754,0.0
608755,0.0
608756,0.0
608757,0.0
608758,0.0
608759,0.0
608760,0.0
608761,0.0
608762,0.0
608763,0.0
608764,0.0
608765,0.0
608766,0.0
608767,0.0
608768,0.0
608769,0.0
608770,0.0
608771,0.0
608772,0.0
608773,0.0
608774,0.0
608775,0.0
608776,0.0
608777,0.0
608778,0.0
608779,0.0
608780,0.0
608781,0.0
608782,0.0
608783,0.0
608784,0.0
608785,0.0
608786,0.0
608787,0.0
608788,0.0
608789,0.0
608790,0.0
608791,0.0
608792,0.0
608793,0.0
608794,0.0
608795,0.0
608796,0.0
608797,0.0
608798,0.0
608799,0.0
608800,0.0
608801,0.0
608802,0.0
608803,0.0
608804,0.0
608805,0.0
608806,0.0
608807,0.0
608808,0.0
608809,0.0
608810,0.0
608811,0.0
608812,0.0
608813,0.0
608814,0.0
608815,0.0
608816,0.0
608817,0.0
608818,0.0
608819,0.0
608820,0.0
608821,0.0
608822,0.0
608823,0.0
608824,0.0
608825,0.0
608826,0.0
608827,0.0
608828,0.0
608829,4.4586253e-34
608830,0.0
608831,0.0
608832,0.0
608833,0.0
608834,0.0
608835,0.0
608836,0.0
608837,0.0
608838,0.0
608839,0.0
608840,0.0
608841,0.0
608842,0.0
608843,0.0
608844,5.9750334e-12
608845,0.0
608846,0.0
608847,0.0
608848,0.0
608849,0.0
608850,0.0
608851,0.0
608852,0.0
608853,0.0
608854,0.0
608855,0.0
608856,0.0
608857,0.0
608858,0.0
608859,0.0
608860,0.0
608861,0.0
608862,0.0
608863,0.0
608864,0.0
608865,0.0
608866,0.0
608867,0.0
608868,0.0
608869,0.0
608870,0.0
608871,0.0
608872,0.0
608873,0.0
608874,0.0
608875,0.0
608876,0.0
608877,0.0
608878,0.0
608879,0.0
608880,0.0
608881,0.0
608882,0.0
608883,0.0
608884,0.0
608885,0.0
608886,0.0
608887,0.0
608888,0.0
608889,0.0
608890,0.0
608891,0.0
608892,0.0
608893,0.0
608894,0.0
608895,0.0
608896,0.0
608897,0.0
608898,0.0
608899,0.0
608900,0.0
608901,2.5997833e-32
608902,0.0
608903,0.0
608904,0.0
608905,0.0
608906,0.0
608907,0.0
608908,0.0
608909,0.0
608910,0.0
608911,0.0
608912,0.0
608913,0.0
608914,8.8106367e-13
608915,0.0
608916,0.0
608917,0.0
608918,0.0
608919,0.0
608920,0.0
608921,0.0
608922,0.0
608923,0.0
608924,0.0
608925,0.0
608926,1.8707395e-25
608927,0.0
608928,0.0
608929,0.0
608930,0.0
608931,0.0
608932,0.0
608933,0.0
608934,0.0
608935,0.0
608936,0.0
608937,0.0
608938,0.0
608939,0.0
608940,0.0
608941,0.0
608942,0.0
608943,0.0
608944,0.0
608945,0.0
608946,0.0
608947,0.0
608948,0.0
608949,0.0
608950,0.0
608951,0.0
608952,0.0
608953,0.0
608954,0.0
608955,0.0
608956,0.0
608957,0.0
608958,0.0
608959,0.0
608960,0.0
608961,0.0
608962,0.0
608963,0.0
608964,0.0
608965,0.0
608966,0.0
608967,0.0
608968,0.0
608969,0.0
608970,0.0
608971,0.0
608972,0.0
608973,0.0
608974,0.0
608975,0.0
608976,0.0
608977,0.0
608978,0.0
608979,0.0
608980,0.0
608981,0.0
608982,0.0
608983,0.0
608984,0.36242384
608985,0.0
608986,0.0
608987,0.0
608988,0.0
608989,0.0
608990,0.0
608991,0.0
608992,0.0
608993,0.0
608994,0.0
608995,0.0
608996,0.0
608997,0.0
608998,0.0
608999,0.0
609000,0.0
609001,0.0
609002,0.0
609003,0.0
609004,0.0
609005,0.0
609006,0.0
609007,0.0
609008,0.0
609009,0.0
609010,0.0
609011,0.0
609012,0.0
609013,0.0
609014,0.0
609015,0.0
609016,0.0
609017,0.0
609018,0.0
609019,0.0
609020,0.0
609021,0.0
609022,0.0
609023,0.0
609024,0.0
609025,0.0
609026,0.0
609027,0.0
609028,0.0
609029,0.0
609030,0.0
609031,0.0
609032,0.0
609033,0.0
609034,0.0
609035,0.0
609036,0.0
609037,0.0
609038,0.0
609039,0.0
609040,0.0
609041,0.0
609042,0.0
609043,0.0
609044,0.0
609045,0.0
609046,0.0
609047,0.0
609048,0.0
609049,0.0
609050,0.0
609051,0.0
609052,0.0
609053,0.0
609054,0.0
609055,0.0
609056,0.0
609057,0.0
609058,0.0
609059,0.0
609060,0.0
609061,0.0
609062,0.0
609063,0.0
609064,0.0
609065,0.0
609066,0.0
609067,0.0
609068,0.0
609069,0.0
609070,0.0
609071,0.0
609072,0.0
609073,0.0
609074,0.0
609075,0.0
609076,0.0
609077,0.0
609078,0.0
609079,0.0
609080,0.0
609081,0.0
609082,0.0
609083,0.0
609084,0.0
609085,0.0
609086,0.0
609087,0.0
609088,0.0
609089,0.0
609090,0.0
609091,0.0
609092,0.0
609093,0.0
609094,0.0
609095,0.0
609096,0.0
609097,0.0
609098,0.0
609099,0.0
609100,0.0
609101,0.0
609102,0.0
609103,0.0
609104,0.0
609105,0.0
609106,0.0
609107,0.0
609108,0.0
609109,0.0
609110,0.0
609111,0.0
609112,0.0
609113,0.0
609114,0.0
609115,0.0
609116,0.0
609117,0.0
609118,0.0
609119,0.0
609120,0.0
609121,0.0
609122,0.0
609123,0.0
609124,0.0
609125,0.0
609126,0.0
609127,0.0
609128,0.0
609129,0.0
609130,0.0
609131,0.0
609132,0.0
609133,0.0
609134,0.0
609135,0.0
609136,0.0
609137,0.0
609138,0.0
609139,0.0
609140,0.0
609141,0.0
609142,0.0
609143,0.0
609144,0.0
609145,0.0
609146,0.0
609147,0.0
609148,0.0
609149,0.0
609150,0.0
609151,0.0
609152,0.0
609153,0.0
609154,0.0
609155,0.0
609156,0.0
609157,0.0
609158,0.0
609159,0.0
609160,0.0
609161,0.0017883197
609162,0.0
609163,0.0
609164,0.0
609165,0.0
609166,0.0
609167,0.0
609168,0.0
609169,0.0
609170,0.0
609171,0.0
609172,0.0
609173,0.0
609174,0.0
609175,0.0
609176,0.0
609177,0.0
609178,0.0
609179,0.0
609180,0.0
609181,0.0
609182,0.0
609183,0.0
609184,0.0
609185,0.0
609186,0.0
609187,0.0
609188,0.0
609189,0.0
609190,0.0
609191,0.0
609192,0.0
609193,0.0
609194,0.0
609195,0.0
609196,0.0
609197,0.0
609198,0.0
609199,0.0
609200,0.0
609201,0.0
609202,0.0
609203,0.0
609204,9.1445665e-33
609205,0.0
609206,0.0
609207,0.0
609208,0.0
609209,0.0
609210,0.0
609211,0.0
609212,0.0
609213,0.0
609214,0.0
609215,0.0
609216,0.0
609217,0.0
609218,0.0
609219,0.0
609220,0.0
609221,0.0
609222,0.0
609223,0.0
609224,0.0
609225,0.0
609226,2.2040044e-37
609227,0.0
609228,0.0
609229,0.0
609230,0.0
609231,0.0
609232,0.0
609233,0.0
609234,0.0
609235,0.0
609236,0.0016787633
609237,0.0
609238,0.0
609239,0.0
609240,0.0
609241,0.0
609242,0.0
609243,0.0
609244,0.0
609245,0.0
609246,0.0
609247,0.0
609248,0.0
609249,2.942719e-06
609250,0.0
609251,0.0
609252,0.0
609253,0.0
609254,0.0
609255,0.0
609256,0.0
609257,0.0
609258,0.0
609259,0.0
609260,0.0
609261,0.0
609262,0.0
609263,0.0
609264,0.0
609265,0.0
609266,0.0
609267,0.0
609268,0.0
609269,0.0
609270,0.0
609271,0.0
609272,0.0
609273,0.0
609274,0.0
609275,0.0
609276,0.0
609277,0.0
609278,0.0
609279,0.0
609280,0.0
609281,0.0
609282,0.0
609283,0.0
609284,0.0
609285,0.0
609286,0.0
609287,0.0
609288,0.0
609289,0.0
609290,0.0
609291,0.0
609292,0.0
609293,0.0
609294,0.0
609295,0.0
609296,0.0
609297,0.0
609298,0.0
609299,0.0
609300,0.0
609301,0.0
609302,0.0
609303,0.0
609304,0.0
609305,0.0
609306,0.0
609307,0.0
609308,0.0
609309,0.0
609310,0.0
609311,0.0
609312,0.0
609313,0.0
609314,0.0
609315,0.0
609316,0.0
609317,0.0
609318,0.0
609319,0.0
609320,0.0
609321,0.0
609322,0.0
609323,0.0
609324,0.0
609325,0.0
609326,0.0
609327,0.0
609328,0.0
609329,0.0
609330,0.0
609331,0.0
609332,0.0
609333,0.0
609334,0.0
609335,0.0
609336,0.0
609337,0.0
609338,0.0
609339,0.0
609340,0.0
609341,0.0
609342,0.0
609343,0.0
609344,0.0
609345,0.0
609346,0.0
609347,5.4293186e-24
609348,0.0
609349,0.0
609350,0.0
609351,0.0
609352,0.0
609353,0.0
609354,0.0
609355,2.5152144e-14
609356,0.0
609357,0.0
609358,0.0
609359,0.0001450415
609360,0.0
609361,0.0
609362,0.0
609363,0.0
609364,0.0
609365,0.0
609366,0.0
609367,0.0
609368,0.0
609369,0.0
609370,0.0
609371,0.0
609372,0.0
609373,0.0
609374,0.0
609375,0.0
609376,0.0
609377,0.0
609378,0.0
609379,0.0
609380,0.0
609381,0.0
609382,0.0
609383,0.0
609384,0.0
609385,0.0
609386,0.0
609387,0.0
609388,0.0
609389,0.0
609390,0.0
609391,0.0
609392,1.3849547e-13
609393,0.0
609394,0.0
609395,0.0
609396,0.0
609397,0.0
609398,0.0
609399,0.0
609400,0.0
609401,0.0
609402,0.0
609403,0.0
609404,0.0
609405,0.0
609406,0.0
609407,0.0
609408,0.0
609409,0.0
609410,0.0
609411,0.0
609412,0.0
609413,0.0
609414,0.0
609415,0.0
609416,0.0
609417,0.0
609418,0.0
609419,0.0
609420,0.0
609421,0.0
609422,0.0
609423,0.0
609424,0.0
609425,0.0
609426,0.0
609427,0.0
609428,0.0
609429,0.0
609430,0.0
609431,0.0
609432,0.0
609433,0.0
609434,0.0
609435,0.0
609436,0.0
609437,0.0
609438,0.0
609439,0.0
609440,0.0
609441,0.0
609442,0.0
609443,0.0
609444,0.0
609445,0.0
609446,0.0
609447,0.0
609448,0.0
609449,0.0
609450,0.0
609451,0.0
609452,0.0
609453,0.0
609454,0.0
609455,0.0
609456,0.0
609457,0.0
609458,0.0
609459,0.0
609460,0.0
609461,0.0
609462,0.0
609463,0.0
609464,0.0
609465,0.0
609466,0.0
609467,0.0
609468,0.0
609469,0.0
609470,0.0
609471,0.0
609472,0.0
609473,0.0
609474,0.0
609475,0.0
609476,0.0
609477,0.0
609478,0.0
609479,0.0
609480,0.0
609481,0.0
609482,0.0
609483,0.0
609484,0.0
609485,0.0
609486,0.0
609487,0.0
609488,0.0
609489,0.0
609490,0.0
609491,0.0
609492,0.0
609493,0.0
609494,0.0
609495,0.0
609496,0.0
609497,0.0
609498,0.0
609499,0.0
609500,0.0
609501,0.0
609502,0.0
609503,0.0
609504,0.0
609505,0.0
609506,0.0
609507,0.0
609508,0.0
609509,0.0
609510,0.0
609511,0.0
609512,0.0
609513,0.0
609514,0.0
609515,0.0
609516,0.0
609517,0.0
609518,0.0
609519,0.0
609520,0.0
609521,0.0
609522,0.0
609523,0.0
609524,0.0
609525,0.0
609526,0.0
609527,0.0
609528,0.0
609529,0.0
609530,0.0
609531,0.0
609532,0.0
609533,0.0
609534,0.0
609535,0.0
609536,0.0
609537,0.0
609538,0.0
609539,0.0
609540,0.0
609541,0.0
609542,0.0
609543,0.0
609544,0.0
609545,0.0
609546,0.0
609547,0.0
609548,0.0
609549,0.0
609550,0.0
609551,0.0
609552,0.0
609553,0.0
609554,0.0
609555,0.0
609556,0.0
609557,0.0
609558,0.0
609559,0.0
609560,0.0
609561,0.0
609562,0.0
609563,0.0
609564,0.0
609565,0.0
609566,0.0
609567,0.0
609568,0.0
609569,0.0
609570,0.0
609571,0.0
609572,0.0
609573,0.0
609574,0.0
609575,0.36242384
609576,0.0
609577,0.0
609578,0.0
609579,0.0
609580,0.0
609581,0.0
609582,0.0
609583,0.0
609584,0.0
609585,0.0
609586,0.0
609587,0.0
609588,0.0
609589,0.0
609590,0.0
609591,0.0
609592,0.0
609593,0.0
609594,0.0
609595,0.0
609596,0.0
609597,0.0
609598,0.0
609599,0.0
609600,0.0
609601,0.0
609602,0.0
609603,0.0
609604,0.0
609605,0.0
609606,0.0
609607,0.0
609608,0.0
609609,0.0
609610,0.0
609611,0.0
609612,0.0
609613,0.0
609614,0.0
609615,0.0
609616,0.0
609617,0.0
609618,0.0
609619,0.0
609620,0.0
609621,0.0
609622,0.0
609623,0.0
609624,0.0
609625,0.0
609626,0.0
609627,0.0
609628,0.0
609629,0.0
609630,0.0
609631,0.0
609632,0.0
609633,0.0
609634,0.0
609635,0.0
609636,0.0
609637,0.0
609638,0.0
609639,0.0
609640,0.0
609641,0.0
609642,0.0
609643,0.0
609644,0.0
609645,0.0
609646,0.0
609647,0.0
609648,0.0
609649,0.0
609650,0.0
609651,0.0
609652,0.0
609653,0.0
609654,0.0
609655,0.0
609656,0.0
609657,0.0
609658,0.0
609659,0.0
609660,0.0
609661,0.0
609662,0.0
609663,0.0
609664,0.0
609665,0.0
609666,0.0
609667,0.0
609668,0.0
609669,0.0
609670,0.0
609671,0.0
609672,0.0
609673,0.0
609674,0.0
609675,0.0
609676,0.0
609677,0.0
609678,0.0
609679,0.0
609680,0.0
609681,0.0
609682,0.0
609683,0.0
609684,0.0
609685,0.0
609686,0.0
609687,0.0
609688,0.0
609689,0.0
609690,0.0
609691,0.0
609692,0.0
609693,0.0
609694,0.0
609695,0.0
609696,0.0
609697,0.0
609698,0.0
609699,0.0
609700,0.0
609701,0.0
609702,0.0
609703,0.0
609704,0.0
609705,0.0
609706,0.0
609707,0.0
609708,0.0
609709,0.0
609710,0.0
609711,0.0
609712,0.0
609713,0.0
609714,0.0
609715,0.0
609716,0.0
609717,0.0
609718,0.0
609719,0.0
609720,0.0
609721,0.0
609722,0.0
609723,0.0
609724,0.0
609725,0.0
609726,0.0
609727,0.0
609728,0.0
609729,0.0
609730,0.0
609731,0.0
609732,0.0
609733,0.0
609734,0.0
609735,0.0
609736,0.0
609737,0.0
609738,0.0
609739,0.0
609740,0.0
609741,0.0
609742,0.0
609743,0.0
609744,0.0
609745,0.0
609746,0.0
609747,0.0
609748,0.0
609749,0.0
609750,0.0
609751,0.0
609752,0.0
609753,4.8244593e-25
609754,0.0
609755,0.0
609756,0.0
609757,0.0
609758,0.0
609759,0.0
609760,0.0
609761,0.0
609762,0.0
609763,0.0
609764,0.0
609765,0.0
609766,0.0
609767,0.0
609768,0.0
609769,0.0
609770,0.0
609771,0.0
609772,0.0
609773,0.0
609774,0.0
609775,0.0
609776,0.0
609777,0.0
609778,0.0
609779,0.0
609780,0.0
609781,0.0
609782,0.0
609783,0.0
609784,0.0
609785,0.0
609786,0.0
609787,0.0
609788,0.0
609789,0.0
609790,0.0
609791,0.0
609792,0.0
609793,0.0
609794,0.0
609795,0.0
609796,0.0
609797,0.0
609798,0.0
609799,0.0
609800,0.0
609801,0.0
609802,0.0
609803,0.0
609804,1.5640177e-30
609805,0.0
609806,0.0
609807,0.0
609808,0.0
609809,0.0
609810,0.0
609811,0.0
609812,0.0
609813,0.0
609814,0.0
609815,0.0
609816,0.0
609817,0.0
609818,0.0
609819,0.0
609820,0.0
609821,0.0
609822,0.0
609823,0.0
609824,0.0
609825,0.0
609826,0.0
609827,0.0
609828,0.0
609829,0.0
609830,0.0
609831,0.0
609832,0.0
609833,0.0
609834,0.0
609835,0.0
609836,0.0
609837,0.0
609838,0.0
609839,0.0
609840,0.0
609841,0.0
609842,0.0
609843,0.0
609844,0.0
609845,0.0
609846,0.0
609847,0.0
609848,0.0
609849,6.714917e-22
609850,0.0
609851,0.0
609852,0.0
609853,0.0
609854,0.0
609855,0.0
609856,0.0
609857,0.0
609858,0.0
609859,0.0
609860,0.0
609861,0.0
609862,0.0
609863,0.0
609864,0.0
609865,0.0
609866,0.0
609867,0.0
609868,0.0
609869,0.0
609870,0.0
609871,0.0
609872,0.0
609873,0.0
609874,0.0
609875,0.0
609876,0.0
609877,0.0
609878,0.0
609879,0.0
609880,0.0
609881,0.0
609882,0.0
609883,0.0
609884,0.0
609885,0.0
609886,0.0
609887,0.0
609888,0.0
609889,0.0
609890,0.0
609891,0.0
609892,0.0
609893,0.0
609894,0.0
609895,0.0
609896,0.0
609897,0.0
609898,0.0
609899,0.0
609900,0.0
609901,0.0
609902,0.0
609903,0.0
609904,0.0
609905,0.0
609906,0.0
609907,0.0
609908,0.0
609909,0.0
609910,0.0
609911,0.0
609912,0.0
609913,0.0
609914,0.0
609915,0.0
609916,0.0
609917,0.0
609918,0.0
609919,0.0
609920,9.311329e-22
609921,0.0
609922,0.0
609923,0.0
609924,0.0
609925,0.0
609926,0.0
609927,0.0
609928,0.0
609929,0.0
609930,0.0
609931,0.0
609932,0.0
609933,0.0
609934,0.0
609935,0.0
609936,0.0
609937,0.0
609938,0.0
609939,0.0
609940,0.0
609941,0.0
609942,0.0
609943,0.0
609944,0.0
609945,0.0
609946,0.0
609947,0.0
609948,0.0
609949,0.0
609950,0.0
609951,0.0
609952,0.0
609953,0.0
609954,0.0
609955,0.0
609956,0.0
609957,0.0
609958,0.0
609959,0.0
609960,0.0
609961,0.0
609962,7.086791e-38
609963,0.0
609964,0.0
609965,0.0
609966,0.0
609967,0.0
609968,0.0
609969,0.0
609970,0.0
609971,0.0
609972,0.0
609973,0.0
609974,0.0
609975,0.0
609976,0.0
609977,0.0
609978,0.0
609979,0.0
609980,0.0
609981,0.0
609982,0.0
609983,0.0
609984,0.0
609985,0.0
609986,0.0
609987,0.0
609988,0.0
609989,0.0
609990,0.0
609991,0.0
609992,0.0
609993,0.0
609994,0.0
609995,0.0
609996,0.0
609997,4.497078e-33
609998,0.0
609999,0.0
610000,0.0
610001,0.0
610002,0.0
610003,0.0
610004,0.0
610005,0.0
610006,0.0
610007,0.0
610008,0.0
610009,0.0
610010,0.0
610011,0.0
610012,0.0
610013,0.0
610014,0.0
610015,0.0
610016,0.0
610017,0.0
610018,0.0
610019,0.0
610020,0.0
610021,0.0
610022,0.0
610023,0.0
610024,0.0
610025,0.0
610026,0.0
610027,0.0
610028,0.0
610029,0.0
610030,0.0
610031,0.0
610032,0.0
610033,0.0
610034,0.0
610035,0.0
610036,0.0
610037,0.0
610038,0.0
610039,0.0
610040,0.0
610041,0.0
610042,0.0
610043,0.0
610044,0.0
610045,0.0
610046,0.0
610047,0.0
610048,0.0
610049,0.0
610050,0.0
610051,0.0
610052,0.0
610053,0.0
610054,0.0
610055,0.0
610056,0.0
610057,0.0
610058,0.0
610059,0.0
610060,0.0
610061,0.0
610062,0.0
610063,0.0
610064,0.0
610065,0.0
610066,0.0
610067,0.0
610068,0.0
610069,0.0
610070,0.0
610071,0.0
610072,0.0
610073,0.0
610074,0.0
610075,0.0
610076,0.0
610077,0.0
610078,0.0
610079,0.0
610080,0.0
610081,3.3260207e-11
610082,0.0
610083,0.0
610084,0.0
610085,0.0
610086,0.0
610087,0.0
610088,0.0
610089,0.0
610090,0.0
610091,0.0
610092,9.547538e-29
610093,0.0
610094,0.0
610095,0.0
610096,0.0
610097,0.0
610098,0.0
610099,0.0
610100,0.0
610101,0.0
610102,0.0
610103,0.0
610104,0.0
610105,0.0
610106,0.0
610107,0.0
610108,0.0
610109,0.0
610110,0.0
610111,0.0
610112,0.0
610113,0.0
610114,0.0
610115,0.0
610116,0.0
610117,0.0
610118,0.0
610119,0.0
610120,0.0
610121,0.0
610122,0.0
610123,0.0
610124,0.0
610125,0.0
610126,0.0
610127,0.0
610128,0.0
610129,0.0
610130,0.0
610131,0.0
610132,0.0
610133,0.0
610134,0.0
610135,0.0
610136,0.0
610137,0.0
610138,0.0
610139,0.0
610140,0.0
610141,0.0
610142,0.0
610143,0.0
610144,0.0
610145,0.0
610146,0.0
610147,0.0
610148,0.0
610149,0.0
610150,0.0
610151,0.0
610152,0.0
610153,0.0
610154,0.0
610155,0.0
610156,0.0
610157,0.0
610158,0.0
610159,0.0
610160,1.2671311e-15
610161,0.0
610162,0.0
610163,0.0
610164,0.0
610165,0.0
610166,0.0
610167,0.0
610168,0.0
610169,0.0
610170,0.0
610171,0.0
610172,0.0
610173,0.0
610174,0.0
610175,0.0
610176,0.0
610177,0.0
610178,0.0
610179,0.0
610180,0.0
610181,0.0
610182,0.0
610183,0.0
610184,0.0
610185,0.0
610186,0.0
610187,0.0
610188,0.0
610189,0.0
610190,0.0
610191,0.0
610192,0.0
610193,0.0
610194,0.0
610195,0.0
610196,0.0
610197,0.0
610198,0.0
610199,0.0
610200,0.0
610201,0.0
610202,0.0
610203,0.0
610204,0.0
610205,0.0
610206,0.0
610207,0.0
610208,0.0
610209,0.0
610210,0.0
610211,0.0
610212,0.0
610213,0.0
610214,0.0
610215,0.0
610216,0.0
610217,1.00171914e-28
610218,0.0
610219,0.0
610220,0.0
610221,0.0
610222,0.0
610223,0.0
610224,0.0
610225,0.0
610226,0.0
610227,0.0
610228,0.0
610229,0.0
610230,0.0
610231,0.0
610232,0.0
610233,0.0
610234,0.0
610235,0.0
610236,0.0
610237,0.0
610238,0.0
610239,0.0
610240,0.0
610241,0.0
610242,0.0
610243,0.0
610244,0.0
610245,0.0
610246,0.0
610247,3.3828016e-15
610248,0.0
610249,0.0
610250,0.0
610251,0.0
610252,0.0
610253,0.0
610254,0.0
610255,0.0
610256,0.0
610257,0.0
610258,0.0
610259,0.0
610260,0.0
610261,0.0
610262,0.0
610263,0.0
610264,0.0
610265,0.0005101091
610266,0.0
610267,0.0
610268,0.0
610269,0.0
610270,0.0
610271,0.0
610272,0.0
610273,0.0
610274,0.0
610275,0.0
610276,0.0
610277,0.0
610278,0.0
610279,0.0
610280,0.0
610281,0.0
610282,0.0
610283,0.0
610284,0.0
610285,0.0
610286,0.0
610287,0.0
610288,0.0
610289,0.0
610290,0.0
610291,0.0
610292,0.0
610293,0.0
610294,0.0
610295,0.0
610296,0.0
610297,0.0
610298,0.0
610299,0.0
610300,0.0
610301,0.0
610302,0.0
610303,0.0
610304,0.0
610305,0.0
610306,0.0
610307,0.0
610308,0.0
610309,0.0
610310,0.0
610311,0.0
610312,0.0
610313,0.0
610314,0.0
610315,0.0
610316,0.0
610317,0.0
610318,0.0
610319,0.0
610320,0.0
610321,0.0
610322,0.0
610323,0.0
610324,0.0
610325,0.0
610326,0.0
610327,0.0
610328,0.0
610329,0.0
610330,0.0
610331,0.0
610332,2.5413413e-14
610333,0.0
610334,0.0
610335,0.0
610336,0.0
610337,0.0
610338,0.0
610339,0.0
610340,0.0
610341,0.0
610342,0.0
610343,0.0
610344,0.0
610345,0.0
610346,0.0
610347,0.0
610348,0.0
610349,0.0
610350,0.0
610351,0.0
610352,0.0
610353,6.055167e-28
610354,0.0
610355,0.0
610356,0.0
610357,0.0
610358,0.0
610359,0.0
610360,0.0
610361,0.0
610362,0.0
610363,0.0
610364,0.0
610365,0.0
610366,0.0
610367,0.0
610368,0.0
610369,0.0
610370,0.0
610371,0.000498698
610372,0.0
610373,0.0
610374,0.0
610375,0.0
610376,0.0
610377,0.0
610378,0.0
610379,0.0
610380,0.0
610381,0.0
610382,0.0
610383,0.0
610384,0.0
610385,0.0
610386,0.0
610387,0.0
610388,0.0
610389,5.2404034e-38
610390,0.0
610391,0.0
610392,0.0
610393,0.0
610394,0.0
610395,0.0
610396,0.0
610397,0.0
610398,0.0
610399,0.0
610400,0.0
610401,0.0
610402,0.0
610403,0.0
610404,0.0
610405,0.0
610406,0.0
610407,0.0
610408,0.0
610409,0.0
610410,0.0
610411,0.0
610412,0.0
610413,0.0
610414,0.0
610415,0.0
610416,0.0
610417,0.0
610418,0.0
610419,0.0
610420,0.0
610421,0.0
610422,0.0
610423,0.0
610424,0.0
610425,0.0
610426,0.0
610427,0.0
610428,0.0
610429,0.0
610430,0.0
610431,0.0
610432,0.0
610433,0.0
610434,0.3595241
610435,0.0
610436,0.0
610437,0.0
610438,0.0
610439,0.0
610440,0.0
610441,0.0
610442,0.0
610443,0.0
610444,0.0
610445,0.0
610446,0.0
610447,0.0
610448,0.0
610449,0.0
610450,0.0
610451,0.0
610452,0.0
610453,0.0
610454,0.0
610455,0.0
610456,0.0
610457,0.0
610458,0.0
610459,0.0
610460,0.0
610461,0.0
610462,0.0
610463,0.0
610464,0.0
610465,0.0
610466,0.0
610467,0.0
610468,0.0
610469,0.0
610470,0.0
610471,0.0
610472,0.0
610473,0.0
610474,0.0
610475,0.0
610476,0.0
610477,0.0
610478,0.0
610479,0.0
610480,0.0
610481,0.0
610482,0.0
610483,0.0
610484,0.0
610485,0.0
610486,0.0
610487,0.0
610488,0.0
610489,0.0
610490,0.0
610491,0.0
610492,0.0
610493,0.0
610494,0.0
610495,0.0
610496,0.0
610497,0.0
610498,0.0
610499,0.0
610500,0.0
610501,0.0
610502,0.0
610503,0.0
610504,0.0
610505,0.0
610506,0.0
610507,0.0
610508,0.0
610509,0.0
610510,0.0
610511,0.0
610512,0.0
610513,0.0
610514,0.0
610515,0.0
610516,0.0
610517,0.0
610518,0.0
610519,0.0
610520,0.0
610521,0.0
610522,0.0
610523,0.0
610524,0.0
610525,0.0
610526,0.0
610527,0.0
610528,0.0
610529,0.0
610530,0.0
610531,0.0
610532,0.0
610533,0.0
610534,0.0
610535,0.0
610536,0.0
610537,0.0
610538,0.0
610539,0.0
610540,0.0
610541,0.0
610542,0.0
610543,0.0
610544,0.0
610545,0.0
610546,0.0
610547,0.0
610548,0.0
610549,0.0
610550,0.0
610551,0.0
610552,0.0
610553,0.0
610554,0.0
610555,0.0
610556,0.0
610557,0.0
610558,0.0
610559,0.0
610560,0.0
610561,0.0
610562,0.0
610563,0.0
610564,0.0
610565,0.0
610566,0.0
610567,0.0
610568,0.0
610569,0.0
610570,0.0
610571,0.0
610572,0.0
610573,0.0
610574,0.0
610575,0.0
610576,0.0
610577,0.0
610578,0.0
610579,0.0
610580,0.0
610581,0.0
610582,0.0
610583,0.0
610584,0.0
610585,0.0
610586,0.0
610587,0.0
610588,0.0
610589,0.0
610590,0.0
610591,0.0
610592,0.0
610593,0.0
610594,0.0
610595,0.0
610596,9.553481e-28
610597,0.0
610598,0.0
610599,0.0
610600,0.0
610601,0.0
610602,0.0
610603,0.0
610604,0.0
610605,0.0
610606,0.0
610607,0.0
610608,0.0
610609,0.0
610610,0.0
610611,0.0
610612,0.0
610613,0.0
610614,0.0
610615,0.0
610616,0.0
610617,0.0
610618,0.0
610619,0.0
610620,0.0
610621,0.0
610622,0.0
610623,0.0
610624,0.0
610625,0.0
610626,0.0
610627,0.0
610628,0.0
610629,0.0
610630,0.0
610631,0.0
610632,0.0
610633,0.0
610634,0.0
610635,0.0
610636,0.0
610637,0.0
610638,0.0
610639,0.0
610640,0.0
610641,0.0
610642,0.0
610643,0.0
610644,0.0
610645,0.0
610646,0.0
610647,0.0
610648,0.0
610649,0.0
610650,0.0
610651,0.0
610652,0.0
610653,0.0
610654,0.0
610655,0.0
610656,0.0
610657,0.0
610658,0.0
610659,0.0
610660,0.0
610661,0.0
610662,0.0
610663,0.0
610664,0.0
610665,0.0
610666,0.0
610667,0.0
610668,0.0
610669,0.0
610670,0.0
610671,0.0
610672,0.0
610673,0.0
610674,0.0
610675,0.0
610676,0.0
610677,0.0
610678,0.0
610679,0.0
610680,0.0
610681,0.0
610682,0.0
610683,0.0
610684,0.0
610685,0.0
610686,0.0
610687,0.0
610688,0.0
610689,0.0
610690,0.0
610691,0.0
610692,0.0
610693,0.0
610694,0.0
610695,0.0
610696,0.0
610697,0.0
610698,0.0
610699,0.0
610700,0.0
610701,0.0
610702,0.0
610703,0.0
610704,0.0
610705,0.0
610706,0.0
610707,0.0
610708,0.0
610709,0.0
610710,0.0
610711,0.0
610712,0.0
610713,0.0
610714,0.0
610715,0.0
610716,0.0
610717,0.0
610718,0.0
610719,0.0
610720,0.0
610721,0.0
610722,0.0
610723,0.0
610724,0.0
610725,0.0
610726,0.0
610727,0.0
610728,0.0
610729,0.0
610730,0.0
610731,0.0
610732,0.0
610733,0.0
610734,0.0
610735,0.0
610736,0.0
610737,0.0
610738,0.0
610739,0.0
610740,0.0
610741,0.0
610742,0.0
610743,0.09371602
610744,0.0
610745,0.0
610746,0.0
610747,0.0
610748,0.0
610749,0.0
610750,0.0
610751,0.0
610752,0.0
610753,0.0
610754,0.0
610755,0.0
610756,0.0
610757,0.0
610758,0.0
610759,0.0
610760,0.0
610761,0.0
610762,0.0
610763,0.0
610764,0.0
610765,0.0
610766,0.0
610767,0.0
610768,0.0
610769,0.0
610770,0.0
610771,0.0
610772,0.0
610773,0.0
610774,0.0
610775,0.0
610776,0.0
610777,0.0
610778,0.0
610779,0.0
610780,0.0
610781,0.0
610782,0.0
610783,0.0
610784,0.0
610785,0.0
610786,0.0
610787,0.0
610788,0.0
610789,0.0
610790,0.0
610791,0.0
610792,0.0
610793,0.0
610794,0.0
610795,0.0
610796,0.0
610797,0.0
610798,0.0
610799,0.0
610800,0.0
610801,0.0
610802,0.0
610803,0.0
610804,0.0
610805,0.0
610806,0.0
610807,0.0
610808,0.0
610809,0.0
610810,0.0
610811,0.0
610812,0.0
610813,0.0
610814,0.0
610815,0.0
610816,0.0
610817,0.0
610818,0.0
610819,0.0
610820,0.0
610821,0.0
610822,0.0
610823,0.0
610824,0.0
610825,0.0
610826,0.0
610827,0.0
610828,0.0
610829,0.0
610830,0.0
610831,0.0
610832,0.0
610833,0.0
610834,0.0
610835,0.0
610836,0.0
610837,0.0
610838,0.0
610839,0.0
610840,0.0
610841,0.0
610842,0.0
610843,0.0
610844,0.0
610845,0.0
610846,0.0
610847,0.0
610848,0.0
610849,0.0
610850,0.0
610851,0.0
610852,0.0
610853,0.0
610854,0.0
610855,0.0
610856,0.0
610857,0.0
610858,0.0
610859,0.0
610860,0.0
610861,0.0
610862,0.0
610863,0.0
610864,0.0
610865,0.0
610866,0.0
610867,0.0
610868,0.0
610869,0.0
610870,0.0
610871,0.0
610872,0.0
610873,0.0
610874,0.0
610875,0.0
610876,0.0
610877,0.0
610878,0.0
610879,0.0
610880,0.0
610881,0.0
610882,0.0
610883,0.0
610884,0.0
610885,0.0
610886,0.0
610887,0.0
610888,0.0
610889,0.0
610890,0.0
610891,0.0
610892,0.0
610893,0.0
610894,0.0
610895,0.0
610896,0.0
610897,0.0
610898,0.0
610899,0.0
610900,0.0
610901,0.0
610902,0.0
610903,0.0
610904,0.0
610905,0.0
610906,0.0
610907,0.0
610908,0.0
610909,0.0
610910,0.0
610911,0.0
610912,0.0
610913,0.0
610914,0.0
610915,0.0
610916,0.0
610917,0.0
610918,0.0
610919,0.0
610920,0.0
610921,0.0
610922,0.0
610923,0.0
610924,0.0
610925,0.0
610926,0.0
610927,0.0
610928,0.0
610929,0.0
610930,0.0
610931,0.0
610932,0.0
610933,0.0
610934,0.0
610935,0.0
610936,0.0
610937,0.0
610938,0.0
610939,0.0
610940,0.0
610941,0.0
610942,0.0
610943,0.0
610944,0.0
610945,0.0
610946,0.0
610947,0.0
610948,0.0
610949,0.0
610950,0.0
610951,0.0
610952,0.0
610953,0.0
610954,0.0
610955,0.0
610956,0.0
610957,0.0
610958,0.0
610959,0.0
610960,0.0
610961,0.0
610962,0.0
610963,0.0
610964,0.001030649
610965,0.0
610966,0.0
610967,0.0
610968,0.0
610969,0.0
610970,0.0
610971,0.0
610972,0.0
610973,0.0
610974,0.0
610975,0.0
610976,0.0
610977,0.0
610978,0.0
610979,0.0
610980,0.0
610981,0.0
610982,0.0
610983,0.0
610984,0.0
610985,0.0
610986,0.0
610987,0.0
610988,0.0
610989,0.0
610990,0.0
610991,0.0
610992,0.0
610993,0.0
610994,0.0
610995,0.0
610996,0.0
610997,0.0
610998,0.0
610999,0.0
611000,0.0
611001,0.0
611002,0.0
611003,0.0
611004,0.0
611005,0.0
611006,0.0
611007,0.0
611008,0.0
611009,0.0
611010,0.0
611011,0.0
611012,0.0
611013,0.0
611014,0.0
611015,0.0
611016,0.0
611017,0.0
611018,0.0
611019,0.0
611020,0.0
611021,0.0
611022,0.0
611023,0.0
611024,0.0
611025,0.0
611026,0.0
611027,0.0
611028,0.0
611029,0.0
611030,0.0
611031,0.0
611032,0.0
611033,0.0
611034,0.0
611035,0.0
611036,0.0
611037,0.0
611038,0.0
611039,0.0
611040,0.0
611041,0.0
611042,0.0
611043,0.0
611044,0.0
611045,0.0
611046,0.0
611047,0.0
611048,0.0
611049,0.0
611050,0.0
611051,0.0
611052,0.0
611053,0.0
611054,0.0
611055,0.0
611056,0.0
611057,0.0
611058,0.0
611059,0.0
611060,0.0
611061,0.0
611062,0.0
611063,0.0
611064,0.0
611065,0.0
611066,0.0
611067,0.0
611068,0.0
611069,0.0
611070,0.0
611071,0.0
611072,0.0
611073,0.0
611074,0.0
611075,0.0
611076,0.0
611077,0.0
611078,0.0
611079,0.0
611080,0.0
611081,0.0
611082,0.0
611083,0.0
611084,0.0
611085,0.0
611086,0.0
611087,0.0
611088,0.0
611089,0.0
611090,0.0
611091,0.0
611092,0.0
611093,0.0
611094,0.0
611095,0.0
611096,0.0
611097,0.0
611098,0.0
611099,0.0
611100,0.0
611101,0.0
611102,0.0
611103,0.0
611104,0.0
611105,0.0
611106,0.0
611107,0.0
611108,0.0
611109,0.0
611110,0.0
611111,0.0
611112,0.0
611113,0.0
611114,0.0
611115,0.0
611116,0.0
611117,0.0
611118,0.0
611119,0.0
611120,0.0
611121,0.0
611122,0.0
611123,0.0
611124,0.0
611125,0.0
611126,0.0
611127,0.0
611128,0.0
611129,0.0
611130,0.0
611131,0.0
611132,0.0
611133,0.0
611134,0.0
611135,0.0
611136,0.0
611137,0.0
611138,0.0
611139,0.0
611140,0.0
611141,0.0
611142,0.0
611143,0.0
611144,0.0
611145,0.0
611146,0.0
611147,0.0
611148,0.0
611149,0.0
611150,0.0
611151,0.0
611152,0.0
611153,0.0
611154,0.0
611155,3.7515067e-25
611156,0.0
611157,0.0
611158,0.0
611159,0.0
611160,0.0
611161,0.0
611162,0.0
611163,0.0
611164,0.0
611165,0.0
611166,0.0
611167,0.0
611168,0.0
611169,0.0
611170,8.450717e-10
611171,0.0
611172,0.0
611173,0.0
611174,0.0
611175,0.0
611176,0.0
611177,0.0
611178,0.0
611179,0.0
611180,0.0
611181,0.0
611182,0.0
611183,0.0
611184,0.0
611185,0.0
611186,0.0
611187,0.0
611188,0.0
611189,0.0
611190,8.367125e-36
611191,0.0
611192,0.0
611193,0.0
611194,0.0
611195,0.0
611196,0.0
611197,0.0
611198,0.0
611199,0.0
611200,0.0
611201,0.0
611202,3.9030214e-31
611203,0.0
611204,0.0
611205,0.0
611206,0.0
611207,0.0
611208,0.0
611209,0.0
611210,0.0
611211,0.0
611212,0.0
611213,0.0
611214,0.0
611215,0.0
611216,0.0
611217,0.0
611218,0.0
611219,0.0
611220,0.0
611221,0.0
611222,0.0
611223,0.0
611224,0.0
611225,0.0
611226,0.0
611227,0.0
611228,0.0
611229,0.0
611230,0.0
611231,0.0
611232,0.0
611233,0.0
611234,0.0
611235,0.0
611236,0.0
611237,0.0
611238,0.0
611239,0.0
611240,0.0
611241,0.0
611242,0.0
611243,0.0
611244,0.0
611245,0.0
611246,0.0
611247,0.0
611248,0.0
611249,0.0
611250,0.0
611251,0.0
611252,0.0
611253,0.0
611254,0.0
611255,0.0
611256,0.0
611257,0.0
611258,0.0
611259,0.0
611260,0.0
611261,0.0
611262,0.0
611263,0.0
611264,0.0
611265,0.0
611266,0.0
611267,0.0
611268,0.0
611269,0.0
611270,0.0
611271,0.0
611272,0.0
611273,0.0
611274,0.0
611275,0.0
611276,0.0
611277,0.0
611278,0.0
611279,0.0
611280,0.0
611281,0.0
611282,0.0
611283,0.0
611284,0.0
611285,0.0
611286,0.0
611287,0.0
611288,0.0
611289,0.0
611290,0.0
611291,0.0
611292,0.0
611293,0.0
611294,0.0
611295,0.0
611296,0.0
611297,0.0
611298,0.0
611299,0.0
611300,0.0
611301,0.0
611302,0.0
611303,0.0
611304,0.0
611305,0.0
611306,0.0
611307,0.0
611308,0.0
611309,0.0
611310,0.0
611311,0.0
611312,0.0
611313,0.0
611314,0.0
611315,0.0
611316,0.0
611317,0.0
611318,0.0
611319,0.0
611320,0.0
611321,0.0
611322,0.0
611323,0.0
611324,0.0
611325,0.0
611326,0.0
611327,0.0
611328,0.0
611329,0.0
611330,0.0
611331,0.0
611332,0.0
611333,0.0
611334,0.0
611335,0.0
611336,0.0
611337,0.0
611338,0.0
611339,0.0
611340,0.0
611341,0.0
611342,0.0
611343,0.0
611344,0.0
611345,0.0
611346,0.0
611347,0.0
611348,0.0
611349,0.0
611350,0.0
611351,0.0
611352,0.0
611353,2.544838e-11
611354,0.0
611355,0.0
611356,0.0
611357,0.0
611358,0.0
611359,0.0
611360,0.0
611361,0.0
611362,0.0
611363,0.0
611364,0.0
611365,0.0
611366,0.0
611367,0.0
611368,0.0
611369,0.0
611370,0.0
611371,0.0
611372,0.0
611373,0.0
611374,0.0
611375,0.0
611376,0.0
611377,0.0
611378,0.0
611379,0.0
611380,0.0
611381,0.0
611382,5.2252475e-25
611383,0.0
611384,0.0
611385,0.0
611386,0.0
611387,0.0
611388,0.0
611389,0.0
611390,0.0
611391,0.0
611392,0.0
611393,0.0
611394,0.0
611395,0.0
611396,0.0
611397,0.0
611398,0.0
611399,0.0
611400,0.0
611401,0.0
611402,0.0
611403,0.0
611404,0.0
611405,0.0
611406,0.0
611407,0.0
611408,0.0
611409,0.0
611410,0.0
611411,0.0
611412,0.0
611413,0.0
611414,0.0
611415,0.0
611416,0.0
611417,0.0
611418,0.0
611419,0.0
611420,0.0
611421,0.0
611422,0.0
611423,0.0
611424,0.0
611425,0.0
611426,0.0
611427,0.0
611428,0.0
611429,0.0
611430,0.0
611431,0.0
611432,0.0
611433,0.0
611434,0.0
611435,0.0
611436,0.0
611437,0.0
611438,0.0
611439,0.0
611440,0.0
611441,0.0
611442,0.0
611443,0.0
611444,0.0
611445,0.0
611446,0.0
611447,0.0
611448,0.0
611449,0.0
611450,0.0
611451,0.0
611452,0.0
611453,0.0
611454,0.0
611455,0.0
611456,0.0
611457,0.0
611458,0.0
611459,0.0
611460,0.0
611461,0.0
611462,0.0
611463,0.0
611464,0.0
611465,0.0
611466,0.0
611467,0.0
611468,0.0
611469,0.0
611470,0.0
611471,1.9185487e-12
611472,0.0
611473,0.0
611474,0.0
611475,0.0
611476,0.0
611477,0.0
611478,0.0
611479,0.0
611480,0.0
611481,0.0
611482,0.0
611483,0.0
611484,0.0
611485,0.0
611486,0.0
611487,0.0
611488,0.0
611489,0.0
611490,0.0
611491,0.0
611492,0.0
611493,0.0
611494,0.0
611495,0.0
611496,0.0
611497,0.0
611498,0.0
611499,0.0
611500,0.0
611501,0.0
611502,0.0
611503,0.0
611504,0.0
611505,0.0
611506,0.0
611507,0.0
611508,0.0
611509,0.0
611510,0.0
611511,0.0
611512,0.0
611513,0.0
611514,0.0
611515,0.0
611516,0.0
611517,0.0
611518,0.0
611519,0.0
611520,0.0
611521,0.0
611522,0.0
611523,0.0
611524,0.0
611525,0.0
611526,0.0
611527,0.0
611528,0.0
611529,0.0
611530,0.0
611531,0.0
611532,0.0
611533,0.0
611534,0.0
611535,0.0
611536,0.0
611537,0.0
611538,0.0
611539,0.0
611540,0.0
611541,0.0
611542,0.0
611543,0.0
611544,0.0
611545,0.0
611546,0.0
611547,0.0
611548,0.0
611549,0.0
611550,0.0
611551,0.0
611552,0.0
611553,0.0
611554,0.0
611555,0.0
611556,0.0
611557,0.0
611558,0.0
611559,0.0
611560,0.0
611561,0.0
611562,0.0
611563,0.0
611564,0.0
611565,0.0
611566,0.0
611567,0.0
611568,0.0
611569,0.0
611570,0.0
611571,0.0
611572,0.0
611573,0.0
611574,0.0
611575,0.0
611576,0.0
611577,0.0
611578,0.0
611579,0.0
611580,0.0
611581,0.0
611582,0.0
611583,0.0
611584,0.0
611585,0.0
611586,0.0
611587,0.0
611588,0.0
611589,0.0
611590,0.0
611591,0.0
611592,0.0
611593,0.0
611594,0.0
611595,0.0
611596,0.0
611597,0.0
611598,0.0
611599,0.0
611600,0.0
611601,0.0
611602,0.0
611603,0.0
611604,0.0
611605,0.0
611606,0.0
611607,0.0
611608,0.0
611609,0.0
611610,0.0
611611,0.0
611612,0.0
611613,1.1747648e-15
611614,0.0
611615,0.0
611616,0.0
611617,0.0
611618,0.0
611619,0.0
611620,0.0
611621,0.0
611622,0.0
611623,0.0
611624,0.0
611625,0.0
611626,0.0
611627,0.0
611628,0.0
611629,0.0
611630,0.0
611631,0.0
611632,0.0
611633,0.0
611634,0.0
611635,0.0
611636,0.0
611637,0.0
611638,0.0
611639,0.0
611640,0.0
611641,0.0
611642,0.0
611643,0.0
611644,0.0
611645,0.0
611646,0.0
611647,0.0
611648,0.0
611649,0.0
611650,0.0
611651,0.0
611652,0.0
611653,0.0
611654,0.0
611655,0.0
611656,0.0
611657,0.0
611658,0.0
611659,0.0
611660,0.0
611661,0.0
611662,0.0
611663,0.0
611664,0.0
611665,0.0
611666,0.0
611667,0.0
611668,0.0
611669,0.0
611670,0.0
611671,0.0
611672,0.0
611673,0.0
611674,0.0
611675,0.0
611676,0.0
611677,0.0
611678,0.0
611679,0.0
611680,0.0
611681,1.042216e-34
611682,0.0
611683,0.0
611684,0.0
611685,0.0
611686,0.0
611687,0.0
611688,0.0
611689,0.0
611690,0.0
611691,0.0
611692,0.0
611693,0.0
611694,0.0
611695,0.0
611696,0.0
611697,0.0
611698,0.0
611699,0.0
611700,0.0
611701,0.0
611702,0.0
611703,0.0
611704,0.0
611705,0.0
611706,0.0
611707,0.0
611708,0.0
611709,0.0
611710,0.0
611711,0.0
611712,0.0
611713,0.0
611714,0.0
611715,0.0
611716,0.0
611717,0.0
611718,0.0
611719,0.0
611720,0.0
611721,0.0
611722,0.0
611723,0.0
611724,0.0
611725,0.0
611726,0.0
611727,0.0
611728,0.0
611729,0.0
611730,0.0
611731,0.0
611732,0.0
611733,0.0
611734,0.0
611735,0.0
611736,0.0
611737,0.0
611738,0.0
611739,0.0
611740,0.0
611741,0.0
611742,0.0
611743,0.0
611744,0.0
611745,0.0
611746,0.0
611747,0.0
611748,0.0
611749,0.0
611750,0.0
611751,0.0
611752,0.0
611753,0.0
611754,0.0
611755,0.0
611756,0.0
611757,0.0
611758,0.0
611759,0.0
611760,0.0
611761,0.0
611762,0.0
611763,0.0
611764,0.0
611765,0.0
611766,0.0
611767,0.0
611768,0.0
611769,0.0
611770,0.0
611771,0.0
611772,0.0
611773,0.0
611774,0.0
611775,1.8375958e-14
611776,4.126963e-37
611777,0.0
611778,0.0
611779,0.0
611780,0.0
611781,0.0
611782,0.0
611783,0.0
611784,0.0
611785,0.0
611786,0.0
611787,0.0
611788,0.0
611789,0.0
611790,0.0
611791,0.0
611792,0.0
611793,0.0
611794,0.0
611795,0.0
611796,0.0
611797,0.0
611798,0.0
611799,0.0
611800,0.0
611801,0.0
611802,0.0
611803,0.0
611804,0.0
611805,0.0
611806,0.0
611807,0.0
611808,0.0
611809,0.0
611810,0.0
611811,0.0
611812,0.0
611813,0.0
611814,0.0
611815,0.0
611816,0.0
611817,0.0
611818,0.0
611819,0.0
611820,0.0
611821,0.0
611822,0.0
611823,0.36242384
611824,0.0
611825,0.0
611826,0.0
611827,8.780926e-09
611828,0.0
611829,0.0
611830,0.0
611831,0.0
611832,0.0
611833,0.0
611834,0.0
611835,0.0
611836,0.0
611837,0.0
611838,0.0
611839,0.0
611840,0.0
611841,0.0
611842,0.0
611843,0.0
611844,0.0
611845,0.0
611846,0.0
611847,0.0
611848,0.0
611849,0.0
611850,0.0
611851,0.0
611852,0.0
611853,0.0
611854,0.0
611855,0.0
611856,0.0
611857,0.0
611858,0.0
611859,0.0
611860,0.0
611861,0.0
611862,0.0
611863,0.0
611864,0.0
611865,0.0
611866,0.0
611867,0.0
611868,0.0
611869,0.0
611870,0.0
611871,0.0
611872,0.0
611873,0.0
611874,0.0
611875,0.0
611876,0.0
611877,0.0
611878,0.0
611879,0.0
611880,0.0
611881,0.0
611882,0.0
611883,0.0
611884,0.0
611885,0.0
611886,0.0
611887,0.0
611888,0.0
611889,0.0
611890,0.0
611891,0.0
611892,0.0
611893,0.0
611894,0.0
611895,0.0
611896,0.0
611897,0.0
611898,0.0
611899,0.0
611900,0.0
611901,0.0
611902,0.0
611903,0.0
611904,0.0
611905,0.0
611906,0.0
611907,0.0
611908,0.0
611909,0.0
611910,0.0
611911,0.0
611912,0.0
611913,0.0
611914,0.0
611915,0.0
611916,0.0
611917,0.0
611918,0.0
611919,0.0
611920,0.0
611921,0.0
611922,0.0
611923,0.0
611924,0.0
611925,0.0
611926,0.0
611927,0.0
611928,0.0
611929,0.0
611930,0.0
611931,0.0
611932,0.0
611933,0.0
611934,0.0
611935,0.0
611936,0.0
611937,0.0
611938,0.0
611939,0.0
611940,0.0
611941,0.0
611942,0.0
611943,0.0
611944,0.0
611945,0.0
611946,0.0
611947,0.0
611948,0.0
611949,0.0
611950,0.0
611951,0.0
611952,0.0
611953,0.0
611954,0.0
611955,0.0
611956,0.0
611957,0.0
611958,0.0
611959,0.0
611960,0.0
611961,0.0
611962,0.0
611963,0.0
611964,0.0
611965,0.0
611966,0.0
611967,0.0
611968,0.0
611969,0.0
611970,0.0
611971,0.0
611972,0.0
611973,0.0
611974,0.0
611975,0.0
611976,0.0
611977,0.0
611978,0.0
611979,0.0
611980,0.0
611981,0.0
611982,0.0
611983,0.0
611984,0.0
611985,0.0
611986,0.0
611987,0.0
611988,0.0
611989,0.0
611990,0.0
611991,0.0
611992,0.0
611993,0.0
611994,0.0
611995,0.0
611996,0.0
611997,0.0
611998,0.0
611999,0.0
612000,0.0
612001,0.0
612002,0.0
612003,0.0
612004,0.0
612005,0.0
612006,0.0
612007,5.769482e-38
612008,0.0
612009,0.0
612010,0.0
612011,0.0
612012,0.0
612013,0.0
612014,0.0
612015,0.0
612016,0.0
612017,0.0
612018,0.0
612019,0.0
612020,0.0
612021,0.0
612022,0.0
612023,0.0
612024,0.0
612025,0.0
612026,0.0
612027,0.0
612028,0.0
612029,0.0
612030,0.0
612031,0.0
612032,0.0
612033,0.0
612034,0.0
612035,0.0
612036,0.0
612037,0.0
612038,0.0
612039,0.0
612040,0.0
612041,0.0
612042,0.0
612043,0.0
612044,0.0
612045,0.0
612046,0.0
612047,0.0
612048,0.0
612049,0.0
612050,0.0
612051,0.0
612052,0.0
612053,0.0
612054,0.0
612055,0.0
612056,0.0
612057,0.0
612058,0.0
612059,0.0
612060,0.0
612061,0.0
612062,0.0
612063,0.0
612064,0.0
612065,0.0
612066,0.0
612067,0.0
612068,0.0
612069,0.0
612070,0.0
612071,0.0
612072,0.0
612073,0.0
612074,0.0
612075,0.0
612076,0.0
612077,0.0
612078,0.0
612079,0.0
612080,0.0
612081,0.0
612082,0.0
612083,0.0
612084,0.0
612085,0.0
612086,0.0
612087,0.0
612088,0.0
612089,0.0
612090,0.0
612091,0.0
612092,0.0
612093,0.0
612094,0.0
612095,0.0
612096,0.0
612097,0.25254723
612098,0.0
612099,0.0
612100,0.0
612101,0.0
612102,0.0
612103,0.0
612104,0.0
612105,0.002038563
612106,0.0
612107,0.0
612108,0.0
612109,0.0
612110,0.0
612111,0.0
612112,0.0
612113,0.0
612114,0.0
612115,0.0
612116,0.0
612117,0.0
612118,0.0
612119,0.0
612120,0.0
612121,0.0
612122,0.0
612123,0.0
612124,0.0
612125,0.0
612126,0.0
612127,0.0
612128,0.0
612129,0.0
612130,0.0
612131,0.0
612132,0.0
612133,0.0
612134,0.0
612135,0.0
612136,0.0
612137,0.0
612138,0.0
612139,0.0
612140,0.0
612141,0.0
612142,0.0
612143,0.0
612144,0.0
612145,0.0
612146,0.0
612147,0.0
612148,0.0
612149,0.0
612150,0.0
612151,0.0
612152,0.0
612153,0.0
612154,0.0
612155,0.0
612156,0.0
612157,0.0
612158,0.0
612159,0.0
612160,0.0
612161,0.0
612162,0.0
612163,0.0
612164,0.0
612165,0.0
612166,0.0
612167,0.0
612168,0.0
612169,0.0
612170,0.0
612171,0.0
612172,0.0
612173,0.0
612174,0.0
612175,0.0
612176,0.0
612177,0.0
612178,0.0
612179,0.0
612180,0.0
612181,0.0
612182,0.0
612183,0.0
612184,0.0
612185,0.0
612186,0.0
612187,0.0
612188,0.0
612189,0.0
612190,0.0
612191,0.0
612192,0.0
612193,0.0
612194,0.0
612195,0.0
612196,0.0
612197,0.0
612198,0.0
612199,0.0
612200,0.0
612201,0.0
612202,0.0
612203,0.0
612204,0.0
612205,0.0
612206,0.0
612207,0.0
612208,0.0
612209,0.0
612210,0.0
612211,0.0
612212,0.0
612213,0.0
612214,0.0
612215,0.0
612216,0.0
612217,0.0
612218,0.0
612219,0.0
612220,0.0
612221,0.0
612222,0.0
612223,0.0
612224,0.0
612225,0.0
612226,0.0
612227,0.0
612228,0.0
612229,0.0
612230,0.0
612231,0.0
612232,0.0
612233,0.0
612234,0.0
612235,0.0
612236,0.0
612237,0.0
612238,0.0
612239,0.0
612240,0.0
612241,0.0
612242,0.0
612243,0.0
612244,0.0
612245,0.0
612246,0.0
612247,0.0
612248,0.0
612249,0.0
612250,0.0
612251,0.0
612252,0.0
612253,0.0
612254,0.0
612255,0.0
612256,0.0
612257,0.0
612258,0.0
612259,0.0
612260,0.0
612261,0.0
612262,0.0
612263,0.0
612264,0.0
612265,0.0
612266,0.0
612267,0.0
612268,0.0
612269,0.0
612270,0.0
612271,0.0
612272,0.0
612273,0.0
612274,0.0
612275,0.0
612276,0.0
612277,0.0
612278,2.3493301e-29
612279,0.0
612280,0.0
612281,0.0
612282,0.0
612283,0.0
612284,0.0
612285,0.0
612286,0.0
612287,0.0
612288,0.0
612289,0.0
612290,0.0
612291,0.0
612292,0.0
612293,0.0
612294,0.0
612295,0.0
612296,0.0
612297,0.0
612298,0.0
612299,0.0
612300,0.0
612301,0.0
612302,0.0
612303,0.0
612304,0.0
612305,0.0
612306,0.0
612307,0.0
612308,0.0
612309,0.0
612310,0.0
612311,0.0
612312,0.0
612313,0.0
612314,0.0
612315,0.0
612316,0.0
612317,0.0
612318,0.0
612319,0.0
612320,0.0
612321,0.0
612322,0.0
612323,0.0
612324,0.0
612325,0.0
612326,0.0
612327,0.0
612328,0.0
612329,0.0
612330,0.0
612331,0.0
612332,0.0
612333,0.0
612334,0.0
612335,0.0
612336,0.0
612337,0.0
612338,0.0
612339,0.0
612340,0.0
612341,0.0
612342,0.0
612343,0.0
612344,0.0
612345,0.0
612346,0.0
612347,0.0
612348,0.0
612349,0.0
612350,0.0
612351,0.0
612352,0.0
612353,0.0
612354,0.0
612355,0.0
612356,0.0
612357,0.0
612358,0.0
612359,0.0
612360,0.0
612361,0.0
612362,0.0
612363,0.0
612364,0.0
612365,0.0
612366,0.0
612367,0.0
612368,0.0
612369,0.0
612370,0.0
612371,0.0
612372,0.0
612373,0.0
612374,0.0
612375,0.0
612376,0.0
612377,0.0
612378,0.0
612379,0.0
612380,0.0
612381,0.0
612382,0.0
612383,0.0
612384,0.0
612385,0.0
612386,0.0
612387,0.0
612388,0.0
612389,0.0
612390,0.0
612391,0.0
612392,0.0
612393,0.0
612394,0.0
612395,0.0
612396,0.0
612397,0.0
612398,0.0
612399,0.0
612400,0.0
612401,0.0
612402,0.0
612403,0.0
612404,0.0
612405,0.0
612406,0.0
612407,0.0
612408,0.0
612409,0.0
612410,0.0
612411,0.0
612412,0.0
612413,0.0
612414,0.0
612415,0.0
612416,0.0
612417,0.0
612418,0.0
612419,0.0
612420,0.0
612421,0.0
612422,0.0
612423,0.0
612424,0.0
612425,0.0
612426,0.0
612427,7.289977e-10
612428,0.0
612429,0.0
612430,0.0
612431,0.0
612432,0.0
612433,0.0
612434,0.0
612435,0.0
612436,0.0
612437,0.0
612438,0.0
612439,0.0
612440,0.0
612441,0.0
612442,0.0
612443,0.0
612444,0.0
612445,0.0
612446,0.0
612447,0.0
612448,0.0
612449,0.0
612450,0.0
612451,0.0
612452,0.0
612453,0.0
612454,0.0
612455,0.0
612456,0.0
612457,0.0
612458,0.0
612459,0.0
612460,0.0
612461,0.0
612462,0.0
612463,0.0
612464,0.0
612465,0.0
612466,0.0
612467,0.0
612468,0.0
612469,0.0
612470,0.0
612471,0.0
612472,0.0
612473,0.0
612474,0.0
612475,0.0
612476,0.0
612477,0.0
612478,0.0
612479,0.0
612480,0.0
612481,0.0
612482,0.0
612483,0.0
612484,0.0
612485,0.0
612486,0.0
612487,0.0
612488,0.0
612489,0.0
612490,4.5115513e-38
612491,0.0
612492,0.0
612493,0.0
612494,0.0
612495,0.0
612496,0.0
612497,0.0
612498,0.0
612499,0.0
612500,0.0
612501,0.0
612502,0.0
612503,0.0
612504,0.0
612505,0.0
612506,0.0
612507,0.0
612508,0.0
612509,0.0
612510,0.0
612511,0.0
612512,0.0
612513,0.0
612514,0.0
612515,0.0
612516,0.0
612517,0.0
612518,0.0
612519,0.0
612520,0.0
612521,0.0
612522,0.0
612523,0.0
612524,0.0
612525,0.0
612526,0.0
612527,0.0
612528,0.0
612529,0.0
612530,0.0
612531,0.0
612532,0.0
612533,0.0
612534,0.0
612535,0.0
612536,0.0
612537,0.0
612538,0.0
612539,0.0
612540,0.0
612541,0.0
612542,0.0
612543,0.0
612544,0.0
612545,0.0
612546,0.0
612547,0.0
612548,0.0
612549,0.0
612550,0.0
612551,0.0
612552,0.0
612553,0.0
612554,0.0
612555,0.0
612556,0.0
612557,0.0
612558,0.0
612559,0.0
612560,0.0
612561,0.0
612562,0.0
612563,0.0
612564,0.0
612565,0.0
612566,0.0
612567,0.0
612568,0.0
612569,0.0
612570,0.0
612571,0.0
612572,0.0
612573,0.0
612574,0.0
612575,0.0
612576,0.0
612577,0.0
612578,0.0
612579,0.0
612580,0.0
612581,0.0
612582,0.0
612583,0.0
612584,0.0
612585,0.0
612586,0.0
612587,0.0
612588,0.0
612589,0.0
612590,0.0
612591,0.0
612592,0.0
612593,0.0
612594,0.0
612595,0.0
612596,0.0
612597,0.0
612598,0.0
612599,0.0
612600,0.0
612601,0.0
612602,0.0
612603,0.0
612604,0.0
612605,0.0
612606,0.0
612607,0.0
612608,0.0
612609,0.0
612610,0.0
612611,0.0
612612,0.0
612613,0.0
612614,0.0
612615,0.0
612616,0.0
612617,0.0
612618,0.0
612619,0.0
612620,0.0
612621,0.0
612622,0.0
612623,0.0
612624,6.987997e-24
612625,0.0
612626,0.0
612627,0.0
612628,0.0
612629,0.0
612630,0.0
612631,0.0
612632,0.0
612633,0.0
612634,0.0
612635,0.0
612636,0.0
612637,0.0
612638,0.0
612639,0.0
612640,0.0
612641,0.0
612642,0.0
612643,0.0
612644,0.0
612645,0.0
612646,8.4866864e-33
612647,0.0
612648,0.0
612649,0.0
612650,0.0
612651,0.0
612652,0.0
612653,0.0
612654,0.0
612655,0.0
612656,0.0
612657,0.0
612658,0.0
612659,0.0
612660,0.0
612661,0.0
612662,0.0
612663,0.0
612664,0.0
612665,0.0
612666,0.0
612667,0.0
612668,0.0
612669,0.0
612670,0.0
612671,0.0
612672,0.0
612673,0.0
612674,0.0
612675,0.0
612676,0.0
612677,0.0
612678,0.0
612679,0.0
612680,0.0
612681,0.0
612682,0.0
612683,0.0
612684,0.0
612685,0.0
612686,0.0
612687,0.0
612688,0.0
612689,0.0
612690,0.0
612691,0.0
612692,0.0
612693,0.0
612694,0.0
612695,0.0
612696,0.0
612697,0.0
612698,0.0
612699,0.0
612700,0.0
612701,0.0
612702,0.0
612703,0.0
612704,0.0
612705,0.0
612706,0.0
612707,0.0
612708,0.0
612709,0.0
612710,0.0
612711,0.0
612712,0.0
612713,0.0
612714,0.0
612715,0.0
612716,0.0
612717,0.0
612718,0.0
612719,0.0
612720,0.0
612721,0.0
612722,0.0
612723,0.0
612724,0.0
612725,0.0
612726,0.0
612727,0.0
612728,0.0
612729,0.0
612730,0.0
612731,0.0
612732,0.0
612733,0.0
612734,0.0
612735,0.0
612736,0.0
612737,0.0
612738,0.0
612739,0.0
612740,0.0
612741,0.0
612742,0.0
612743,0.0
612744,0.0
612745,0.0
612746,0.0
612747,0.0
612748,0.0
612749,0.0
612750,0.0
612751,0.0
612752,0.0
612753,0.0
612754,0.0
612755,0.0
612756,0.0
612757,0.0
612758,0.0
612759,0.0
612760,0.0
612761,0.0
612762,0.0
612763,0.0
612764,0.0
612765,0.0
612766,0.0
612767,0.0
612768,0.0
612769,0.0
612770,0.0
612771,0.0
612772,0.0
612773,0.0
612774,0.0
612775,0.0
612776,0.0
612777,0.0
612778,0.0
612779,0.0
612780,0.0
612781,0.0
612782,0.0
612783,0.0
612784,0.0
612785,0.0
612786,0.0
612787,0.0
612788,0.0
612789,0.0
612790,0.0
612791,0.0
612792,0.0
612793,0.0
612794,0.0
612795,0.0
612796,0.0
612797,0.0
612798,0.0
612799,0.0
612800,0.0
612801,0.0
612802,0.0
612803,0.0
612804,0.0
612805,0.0
612806,0.0
612807,0.0
612808,0.0
612809,0.0
612810,0.0
612811,0.0
612812,0.0
612813,0.0
612814,0.0
612815,0.0
612816,0.0
612817,0.0
612818,0.0
612819,0.0
612820,0.0
612821,0.0
612822,0.0
612823,0.0
612824,0.0
612825,0.0
612826,0.0
612827,0.0
612828,0.0
612829,0.0
612830,0.0
612831,0.0
612832,0.0
612833,0.0
612834,0.0
612835,0.0
612836,0.0
612837,0.0
612838,0.0
612839,0.0
612840,0.0
612841,0.0
612842,0.0
612843,0.0
612844,0.0
612845,0.0
612846,0.0
612847,0.0
612848,0.0
612849,0.0
612850,0.0
612851,0.0
612852,0.0
612853,0.0
612854,4.401957e-09
612855,0.0
612856,0.0
612857,0.0
612858,0.0
612859,0.0
612860,0.0
612861,0.00017062938
612862,0.0
612863,0.0
612864,0.0
612865,0.0
612866,0.0
612867,0.0
612868,0.0
612869,0.0
612870,0.0
612871,0.0
612872,0.0
612873,0.0
612874,0.0
612875,0.0
612876,0.0
612877,0.0
612878,0.0
612879,0.0
612880,0.0
612881,0.0
612882,0.0
612883,0.0
612884,0.0
612885,0.0
612886,0.0
612887,0.0
612888,0.0
612889,0.0
612890,0.0
612891,0.0
612892,0.0
612893,0.0
612894,0.0
612895,0.0
612896,0.0
612897,0.0
612898,0.0
612899,0.0
612900,0.0
612901,0.0
612902,0.0
612903,0.0
612904,0.0
612905,0.0
612906,0.0
612907,0.0
612908,0.0
612909,0.0
612910,0.0
612911,0.0
612912,0.0
612913,0.0
612914,0.0
612915,0.0
612916,0.0
612917,0.0
612918,0.0
612919,0.0
612920,0.0
612921,0.0
612922,0.0
612923,0.0
612924,0.0
612925,0.0
612926,0.0
612927,0.0
612928,0.0
612929,0.0
612930,0.0
612931,0.0
612932,0.0
612933,0.0
612934,0.0
612935,0.0
612936,0.0
612937,0.0
612938,0.0
612939,0.0
612940,0.0
612941,0.0
612942,0.0
612943,0.0
612944,0.0
612945,0.0
612946,0.0
612947,0.0
612948,0.0
612949,0.0
612950,0.0
612951,0.0
612952,0.0
612953,0.0
612954,0.0
612955,0.0
612956,0.0
612957,0.0
612958,0.0
612959,0.0
612960,0.0
612961,0.0
612962,0.0
612963,0.0
612964,0.0
612965,0.0
612966,0.0
612967,0.0
612968,0.0
612969,0.0
612970,0.0
612971,0.0
612972,0.0
612973,0.0
612974,0.0
612975,0.0
612976,0.0
612977,0.0
612978,0.0
612979,0.0
612980,0.0
612981,0.0
612982,0.0
612983,0.0
612984,0.0
612985,0.0
612986,0.0
612987,0.0
612988,0.0
612989,0.0
612990,0.0
612991,0.0
612992,0.0
612993,0.0
612994,0.0
612995,0.0
612996,0.0
612997,0.0
612998,0.0
612999,0.0
613000,0.0
613001,0.0
613002,0.0
613003,0.0
613004,0.0
613005,0.0
613006,0.0
613007,0.0
613008,0.0
613009,0.0
613010,0.0
613011,0.0
613012,0.0
613013,0.0
613014,0.0
613015,0.0
613016,0.0
613017,0.0
613018,0.0
613019,0.0
613020,0.0
613021,0.0
613022,0.0
613023,0.0
613024,0.0
613025,0.0
613026,0.0
613027,0.0
613028,0.0
613029,0.0
613030,0.0
613031,0.0
613032,0.0
613033,0.0
613034,0.0
613035,0.0
613036,0.0
613037,0.0
613038,0.0
613039,0.0
613040,0.0
613041,0.0
613042,0.0
613043,0.0
613044,0.0
613045,0.0
613046,0.0
613047,0.0
613048,0.0
613049,0.0
613050,0.0
613051,0.0
613052,0.0
613053,0.0
613054,0.0
613055,0.0
613056,0.0
613057,0.0
613058,0.0
613059,0.0
613060,0.0
613061,0.0
613062,0.0
613063,0.0
613064,0.0
613065,0.0
613066,0.0
613067,0.0
613068,0.0
613069,0.0
613070,0.0
613071,0.0
613072,0.0
613073,0.0
613074,0.0
613075,0.0
613076,0.0
613077,0.0
613078,0.0
613079,0.0
613080,0.0
613081,0.0
613082,0.0
613083,0.0
613084,0.0
613085,0.0
613086,0.0
613087,0.0
613088,0.0
613089,0.0
613090,0.0
613091,0.0
613092,6.8632964e-33
613093,0.0
613094,0.0
613095,0.0
613096,0.0
613097,0.0
613098,0.0
613099,0.0
613100,0.0
613101,0.0
613102,0.0
613103,0.0
613104,0.0
613105,0.0
613106,0.0
613107,0.0
613108,0.0
613109,0.0
613110,0.0
613111,0.0
613112,0.0
613113,0.0
613114,0.0
613115,0.0
613116,0.0
613117,0.0
613118,0.0
613119,0.0
613120,0.0
613121,0.0
613122,0.0
613123,0.0
613124,0.0
613125,0.0
613126,0.0
613127,0.0
613128,0.0
613129,0.0
613130,0.0
613131,0.0
613132,0.0
613133,0.0
613134,0.0
613135,0.0
613136,0.0
613137,0.0
613138,0.0
613139,0.0
613140,0.0
613141,0.0
613142,0.0
613143,0.0
613144,0.0
613145,0.0
613146,0.0
613147,0.0
613148,0.0
613149,0.0
613150,0.0
613151,0.0
613152,0.0
613153,0.0
613154,0.0
613155,0.0
613156,0.0
613157,0.0
613158,0.0
613159,0.0
613160,0.0
613161,0.0
613162,0.0
613163,0.0
613164,0.0
613165,0.0
613166,0.0
613167,0.0
613168,0.0
613169,0.0
613170,0.0
613171,0.0
613172,0.0
613173,0.0
613174,0.0
613175,0.0
613176,0.0
613177,0.0
613178,0.0
613179,0.0
613180,0.0
613181,0.0
613182,0.0
613183,0.0
613184,0.0
613185,0.0
613186,0.0
613187,0.0
613188,0.0
613189,0.0
613190,0.0
613191,0.0
613192,0.0
613193,0.0
613194,0.0
613195,0.0
613196,0.0
613197,0.0
613198,0.0
613199,0.0
613200,0.0
613201,0.0
613202,0.0
613203,0.0
613204,0.0
613205,0.0
613206,0.0
613207,0.0
613208,0.0
613209,0.0
613210,0.0
613211,0.0
613212,0.0
613213,0.0
613214,0.0
613215,0.0
613216,0.0
613217,0.0038986094
613218,0.0
613219,0.0
613220,0.0
613221,0.0
613222,0.0
613223,0.0
613224,0.0
613225,0.0
613226,0.0
613227,0.0
613228,0.0
613229,0.0
613230,0.0
613231,0.0
613232,0.0
613233,0.0
613234,0.0
613235,0.0
613236,0.0
613237,0.0
613238,0.0
613239,0.0
613240,0.0
613241,0.0
613242,0.0
613243,0.0
613244,0.0
613245,0.0
613246,0.0
613247,0.0
613248,0.0
613249,0.0
613250,0.0
613251,0.0
613252,0.0
613253,0.0
613254,0.0
613255,0.0
613256,0.0
613257,0.0
613258,0.0
613259,0.0
613260,0.0
613261,0.0
613262,0.0
613263,0.0
613264,0.0
613265,0.0
613266,0.0
613267,0.0
613268,0.0
613269,0.0
613270,0.0
613271,0.0
613272,0.0
613273,0.0
613274,0.0
613275,0.0
613276,0.0
613277,0.0
613278,0.0
613279,0.0
613280,0.0
613281,0.0
613282,0.0
613283,0.0
613284,0.0
613285,0.0
613286,0.0
613287,0.0
613288,0.0
613289,0.0
613290,0.0
613291,0.0
613292,0.0
613293,0.0
613294,0.0
613295,0.0
613296,0.0
613297,0.0
613298,0.0
613299,0.0
613300,0.0
613301,0.0
613302,0.0
613303,0.0
613304,0.0
613305,0.0
613306,0.0
613307,0.0
613308,0.0
613309,0.0
613310,0.0
613311,0.0
613312,0.0
613313,0.0
613314,0.0
613315,0.0
613316,0.0
613317,0.0
613318,0.0
613319,0.0
613320,0.0
613321,0.0
613322,0.0
613323,0.0
613324,0.0
613325,0.0
613326,0.0
613327,0.0
613328,0.0
613329,0.0
613330,0.0
613331,0.0
613332,0.0
613333,0.0
613334,0.0
613335,0.0
613336,0.0
613337,0.0
613338,0.0
613339,0.0
613340,0.0
613341,0.0
613342,0.0
613343,0.0
613344,0.0
613345,0.0
613346,0.0
613347,0.0
613348,0.0
613349,0.0
613350,0.0
613351,0.0
613352,0.0
613353,0.0
613354,0.0
613355,0.0
613356,0.0
613357,0.0
613358,0.0
613359,0.0
613360,0.0
613361,0.0
613362,0.0
613363,0.0
613364,0.0
613365,0.0
613366,0.0
613367,0.0
613368,0.0
613369,0.0
613370,0.0
613371,0.0
613372,0.0
613373,0.0
613374,0.0
613375,0.0
613376,0.0
613377,0.0
613378,0.0
613379,0.0
613380,0.0
613381,0.0
613382,0.0
613383,0.0
613384,0.0
613385,0.0
613386,0.0
613387,0.0
613388,0.0
613389,0.0
613390,0.0
613391,0.0
613392,0.0
613393,0.0
613394,0.0
613395,0.0
613396,0.0
613397,0.0
613398,0.0
613399,0.0
613400,0.0
613401,0.0
613402,0.0
613403,0.0
613404,0.0
613405,0.0
613406,0.0
613407,0.0
613408,0.0
613409,0.0
613410,0.0
613411,0.0
613412,0.0
613413,0.0
613414,0.0
613415,0.0
613416,0.0
613417,0.0
613418,0.0
613419,0.0
613420,0.0
613421,0.0
613422,0.0
613423,0.0
613424,0.0
613425,0.0
613426,0.0
613427,0.0
613428,0.0
613429,0.0
613430,0.0
613431,0.0
613432,0.0
613433,0.0
613434,0.0
613435,0.0
613436,0.0
613437,0.0
613438,0.0
613439,0.0
613440,0.0
613441,0.0
613442,0.0
613443,0.0
613444,0.0
613445,0.0
613446,0.0
613447,0.0
613448,0.0
613449,0.0
613450,0.0
613451,0.0
613452,0.0
613453,0.0
613454,0.0
613455,0.0
613456,2.3662833e-30
613457,0.0
613458,0.0
613459,0.0
613460,0.0
613461,0.0
613462,0.0
613463,0.0
613464,0.0
613465,0.0
613466,0.0
613467,0.0
613468,0.0
613469,0.0
613470,0.0
613471,0.0
613472,0.0
613473,0.0
613474,0.0
613475,0.0
613476,0.0
613477,0.0
613478,0.0
613479,0.0
613480,0.0
613481,0.0
613482,0.0
613483,0.0
613484,0.0
613485,0.0
613486,0.0
613487,0.0
613488,0.0
613489,0.0
613490,0.0
613491,0.0
613492,0.0
613493,0.0
613494,0.0
613495,0.0
613496,0.0
613497,0.0
613498,0.0
613499,0.0
613500,0.0
613501,0.0
613502,0.0
613503,0.0
613504,0.0
613505,0.0
613506,0.0
613507,0.0
613508,0.0
613509,0.0
613510,0.0
613511,0.0
613512,0.0
613513,0.0
613514,0.0
613515,0.0
613516,0.0
613517,0.0
613518,0.0
613519,0.0
613520,0.0
613521,0.0
613522,0.0
613523,0.0
613524,0.0
613525,0.0
613526,0.0
613527,0.0
613528,0.0
613529,0.0
613530,0.0
613531,0.0
613532,0.0
613533,0.0
613534,0.0
613535,0.0
613536,0.0
613537,0.0
613538,0.0
613539,0.0
613540,0.0
613541,0.0
613542,0.0
613543,0.0
613544,0.0
613545,0.0
613546,0.0
613547,0.0
613548,0.0
613549,0.0
613550,0.0
613551,0.0
613552,0.0
613553,0.0
613554,0.0
613555,0.0
613556,0.0
613557,0.0
613558,0.0
613559,0.0
613560,0.0
613561,0.0
613562,0.0
613563,0.0
613564,0.0
613565,0.0
613566,0.0
613567,0.0
613568,0.0
613569,0.0
613570,0.0
613571,0.0
613572,0.0
613573,0.0
613574,0.0
613575,0.0
613576,0.0
613577,0.0
613578,0.0
613579,0.0
613580,0.0
613581,0.0
613582,0.0
613583,0.0
613584,0.0
613585,0.0
613586,0.0
613587,0.0
613588,0.0
613589,0.0
613590,0.0
613591,0.0
613592,0.0
613593,0.0
613594,0.0
613595,0.0
613596,0.0
613597,0.0
613598,0.0
613599,0.0
613600,0.0
613601,0.0
613602,0.0
613603,0.0
613604,0.0
613605,0.0
613606,0.0
613607,0.0
613608,0.0
613609,0.0
613610,0.0
613611,0.0
613612,0.0
613613,0.0
613614,0.0
613615,0.0
613616,0.0
613617,0.0
613618,0.0
613619,0.0
613620,0.0
613621,0.0
613622,0.0
613623,0.0
613624,0.0
613625,0.0
613626,0.0
613627,0.0
613628,0.0
613629,0.0
613630,0.0
613631,0.0010470977
613632,0.0
613633,0.0
613634,0.0
613635,0.0
613636,0.0
613637,0.0
613638,0.0
613639,0.0
613640,0.0
613641,0.0
613642,0.0
613643,0.0
613644,0.0
613645,0.0
613646,0.0
613647,0.0
613648,0.0
613649,0.0
613650,0.0
613651,0.0
613652,0.0
613653,0.0
613654,0.0
613655,0.0
613656,0.0
613657,0.0
613658,0.0
613659,0.0
613660,0.0
613661,0.0
613662,0.0
613663,0.0
613664,0.0
613665,0.0
613666,0.0
613667,0.0
613668,0.0
613669,0.0
613670,0.0
613671,0.0
613672,0.0
613673,0.0
613674,0.0
613675,0.0
613676,0.0
613677,0.0
613678,0.0
613679,0.0
613680,0.0
613681,0.0
613682,0.0
613683,0.0
613684,0.0
613685,0.0
613686,0.0
613687,0.0
613688,0.0
613689,0.0
613690,0.0
613691,0.0
613692,0.0
613693,0.0
613694,0.0
613695,0.0
613696,1.7109601e-10
613697,0.0
613698,0.0
613699,0.0
613700,0.0
613701,0.0
613702,0.0
613703,0.0
613704,0.0
613705,0.0
613706,0.0
613707,0.0
613708,0.0
613709,0.0
613710,0.0
613711,0.0
613712,0.0
613713,0.0
613714,0.0
613715,0.0
613716,0.0
613717,0.0
613718,0.0
613719,0.0
613720,0.0
613721,0.0
613722,0.0
613723,0.0
613724,0.0
613725,0.0
613726,0.0
613727,0.0
613728,0.0
613729,0.0
613730,0.0
613731,0.0
613732,0.0
613733,1.6385065e-24
613734,0.0
613735,0.0
613736,0.0
613737,0.0
613738,0.0
613739,0.0
613740,0.0
613741,7.387535e-11
613742,0.0
613743,0.0
613744,0.0
613745,0.0
613746,0.0
613747,0.0
613748,0.0
613749,0.0
613750,0.0
613751,0.15893815
613752,0.0
613753,6.461375e-09
613754,0.0
613755,0.0
613756,0.0
613757,0.0
613758,0.0
613759,0.0
613760,0.0
613761,0.0
613762,0.0
613763,0.0
613764,0.0
613765,0.0
613766,0.0
613767,0.0
613768,0.0
613769,5.3380417e-21
613770,0.0
613771,0.0
613772,0.0
613773,0.0
613774,0.0
613775,0.0
613776,0.0
613777,0.0
613778,0.0
613779,0.0
613780,0.0
613781,0.0
613782,0.0
613783,0.0
613784,0.0
613785,0.0
613786,0.0
613787,0.0
613788,0.0
613789,0.0
613790,0.0
613791,0.0
613792,0.0
613793,0.0
613794,0.0
613795,0.0
613796,0.0
613797,0.0
613798,0.0
613799,0.0
613800,0.0
613801,0.0
613802,0.0
613803,0.0
613804,1.4527863e-27
613805,0.0
613806,0.0
613807,0.0
613808,0.0
613809,0.0
613810,0.0
613811,0.0
613812,0.0
613813,0.0
613814,0.0
613815,0.0
613816,0.0
613817,0.0
613818,0.0
613819,0.0
613820,0.0
613821,0.0
613822,0.0
613823,0.0
613824,0.0
613825,0.0
613826,0.0
613827,0.0
613828,0.0
613829,0.0
613830,0.0
613831,0.0
613832,0.0
613833,0.0
613834,0.0
613835,0.0
613836,0.0
613837,0.0
613838,0.0
613839,0.0
613840,0.0
613841,0.0
613842,0.0
613843,0.0
613844,0.0
613845,0.0
613846,0.0
613847,0.0
613848,0.0
613849,2.868692e-37
613850,0.0
613851,0.0
613852,0.0
613853,0.0
613854,0.0
613855,0.0
613856,0.0
613857,4.9922147e-30
613858,0.0
613859,0.0
613860,0.0
613861,0.0
613862,0.0
613863,0.0
613864,0.0
613865,0.0
613866,0.0
613867,0.0
613868,0.0
613869,0.0
613870,0.0
613871,0.0
613872,0.0
613873,0.0
613874,0.0
613875,0.0
613876,0.0
613877,0.0
613878,0.0
613879,0.0
613880,0.0
613881,0.0
613882,0.0
613883,0.0
613884,0.0
613885,0.0
613886,0.0
613887,0.0
613888,0.0
613889,0.0
613890,0.0
613891,0.0
613892,0.0
613893,0.0
613894,0.0
613895,0.0
613896,0.0
613897,2.2314355e-18
613898,0.0
613899,0.0
613900,0.0
613901,0.0
613902,0.0
613903,0.0
613904,0.0
613905,0.0
613906,0.0
613907,0.0
613908,0.0
613909,0.0
613910,0.0
613911,0.0
613912,0.0
613913,0.0
613914,0.0
613915,0.0
613916,0.0
613917,0.0
613918,0.0
613919,0.0
613920,0.0
613921,0.0
613922,0.0
613923,0.0
613924,0.0
613925,0.0
613926,0.0
613927,0.0
613928,0.0
613929,0.0
613930,0.0
613931,0.0
613932,0.0
613933,0.0
613934,0.0
613935,0.0
613936,0.0
613937,0.0
613938,0.0
613939,0.0
613940,0.0
613941,0.0
613942,0.0
613943,0.0
613944,0.0
613945,0.0
613946,0.0
613947,0.0
613948,0.0
613949,0.0
613950,0.0
613951,0.0
613952,0.0
613953,0.0
613954,0.0
613955,0.0
613956,0.0
613957,0.0
613958,0.0
613959,0.0
613960,0.0
613961,0.0
613962,0.0
613963,0.0
613964,0.0
613965,0.0
613966,8.431868e-39
613967,0.0
613968,0.0
613969,0.0
613970,0.0
613971,0.0
613972,0.0
613973,0.0
613974,0.0
613975,0.0
613976,0.0
613977,0.0
613978,0.0
613979,0.0
613980,0.0
613981,0.0
613982,0.0
613983,0.0
613984,0.0
613985,0.0
613986,0.0
613987,0.0
613988,0.0
613989,0.0
613990,0.0
613991,0.0
613992,0.0
613993,0.0
613994,0.0
613995,0.0
613996,0.0
613997,0.0
613998,0.0
613999,0.0
614000,0.0
614001,0.0
614002,0.0
614003,0.0
614004,0.0
614005,0.0
614006,0.0
614007,0.0
614008,0.0
614009,0.0
614010,0.0
614011,0.0
614012,0.0
614013,0.0
614014,0.0
614015,0.0
614016,0.0
614017,0.0
614018,0.0
614019,0.0
614020,0.0
614021,0.0
614022,0.0
614023,0.0
614024,0.0
614025,0.0
614026,0.0
614027,0.0
614028,0.0
614029,0.0
614030,0.0
614031,0.0
614032,0.0
614033,0.0
614034,7.170084e-30
614035,0.0
614036,0.0
614037,0.0
614038,0.0
614039,0.0
614040,0.0
614041,0.0
614042,0.0
614043,0.0
614044,0.0
614045,0.0
614046,0.0
614047,0.0
614048,0.0
614049,0.0
614050,0.0
614051,0.0
614052,0.0
614053,0.0
614054,0.0
614055,0.0
614056,0.0
614057,0.0
614058,0.0
614059,0.0
614060,0.0
614061,0.0
614062,0.0
614063,0.0
614064,0.0
614065,0.0
614066,0.0
614067,0.0
614068,0.0
614069,0.0
614070,0.0
614071,0.0
614072,0.0
614073,0.0
614074,0.0
614075,0.0
614076,0.0
614077,0.0
614078,0.0
614079,0.0
614080,0.0
614081,0.0
614082,0.0
614083,0.0
614084,0.0
614085,0.0
614086,0.0
614087,0.0
614088,0.0
614089,0.0
614090,0.0
614091,0.0
614092,0.0
614093,0.0
614094,0.0
614095,0.0
614096,0.0
614097,0.0
614098,0.0
614099,0.0
614100,0.0
614101,0.0
614102,0.0
614103,0.0
614104,0.0
614105,0.0
614106,0.0
614107,0.0
614108,0.0
614109,0.0
614110,0.0
614111,0.0
614112,0.0
614113,0.0
614114,0.0
614115,0.0
614116,0.0
614117,0.0
614118,0.0
614119,0.0
614120,0.0
614121,0.0
614122,0.0
614123,0.0
614124,0.0
614125,0.0
614126,0.0
614127,0.0
614128,0.0
614129,0.0
614130,0.0
614131,0.0
614132,0.0
614133,0.0
614134,0.0
614135,0.0
614136,2.8306733e-05
614137,0.0
614138,0.0
614139,0.0
614140,0.0
614141,0.0
614142,0.0
614143,0.0
614144,0.0
614145,0.0
614146,0.0
614147,0.0
614148,0.0
614149,0.0
614150,0.0
614151,0.0
614152,0.0
614153,0.0
614154,0.0
614155,0.0
614156,0.0
614157,0.0
614158,0.0
614159,0.0
614160,0.0
614161,0.0
614162,0.0
614163,0.0
614164,0.0
614165,0.0
614166,0.0
614167,0.0
614168,0.0
614169,0.0
614170,0.0
614171,0.0
614172,0.0
614173,0.0
614174,0.0
614175,0.0
614176,0.0
614177,0.0
614178,0.0
614179,0.0
614180,0.0
614181,0.0
614182,0.0
614183,0.0
614184,0.0
614185,0.0
614186,0.0
614187,0.0
614188,0.0
614189,0.0
614190,0.0
614191,0.0
614192,0.0
614193,0.0
614194,0.0
614195,0.0
614196,0.0
614197,0.0
614198,1.1467597e-37
614199,0.0
614200,0.0
614201,0.0
614202,0.0
614203,0.0
614204,0.0
614205,0.0
614206,0.0
614207,0.0
614208,0.0
614209,0.0
614210,0.0
614211,0.0
614212,0.0
614213,0.0
614214,0.0
614215,0.0
614216,0.0
614217,0.0
614218,0.0
614219,0.0
614220,0.0
614221,0.0
614222,0.0
614223,0.0
614224,0.0
614225,0.0
614226,0.0
614227,0.0
614228,0.0
614229,0.0
614230,0.0
614231,0.0
614232,0.0
614233,0.0
614234,0.0
614235,0.0
614236,0.0
614237,0.0
614238,0.0
614239,0.0
614240,0.0
614241,0.0
614242,0.0
614243,0.0
614244,0.0
614245,0.0
614246,0.0
614247,0.0
614248,0.0
614249,0.0
614250,0.0
614251,0.0
614252,0.0
614253,0.0
614254,0.0
614255,0.0
614256,0.0
614257,0.0
614258,0.0
614259,0.0
614260,0.0
614261,0.0
614262,0.0
614263,0.0
614264,0.0
614265,0.0
614266,0.0
614267,0.0
614268,0.0
614269,0.0
614270,0.0
614271,0.0
614272,0.0
614273,0.0
614274,0.0
614275,0.0
614276,0.0
614277,0.0
614278,0.0
614279,0.0
614280,0.0
614281,0.0
614282,0.0
614283,0.0
614284,0.0
614285,0.0
614286,0.0
614287,0.0
614288,0.0
614289,0.0
614290,0.0
614291,0.0
614292,0.0
614293,0.0
614294,0.0
614295,0.0
614296,0.0
614297,0.0
614298,0.0
614299,0.0
614300,0.0
614301,0.0
614302,0.0
614303,0.0
614304,0.0
614305,0.0
614306,0.0
614307,0.0
614308,0.0
614309,0.0
614310,0.0
614311,0.0
614312,0.0
614313,0.0
614314,0.0
614315,0.0
614316,0.0
614317,0.0
614318,0.0
614319,0.0
614320,0.0
614321,0.0
614322,0.0
614323,0.0
614324,0.0
614325,0.0
614326,0.0
614327,0.0
614328,0.0
614329,0.0
614330,0.0
614331,0.0
614332,0.0
614333,0.0
614334,0.0
614335,0.0
614336,0.0
614337,0.0
614338,0.0
614339,0.0
614340,0.0
614341,0.0
614342,0.0
614343,0.0
614344,0.0
614345,0.0
614346,0.0
614347,0.0
614348,0.0
614349,0.0
614350,0.0
614351,0.0
614352,0.0
614353,0.0
614354,0.0
614355,0.0
614356,0.0
614357,0.0
614358,0.0
614359,0.0
614360,0.0
614361,0.0
614362,0.0
614363,0.0
614364,0.0
614365,0.0
614366,0.0
614367,0.0
614368,0.0
614369,0.0
614370,0.0
614371,0.0
614372,0.0
614373,0.0
614374,0.0
614375,0.0
614376,0.0
614377,0.0
614378,0.0
614379,0.0
614380,0.0
614381,0.0
614382,0.0
614383,0.0
614384,0.0
614385,0.0
614386,0.0
614387,0.0
614388,0.0
614389,0.0
614390,0.0
614391,0.0
614392,0.0
614393,0.0
614394,0.0
614395,0.0
614396,0.0
614397,0.0
614398,0.0
614399,0.0
614400,0.0
614401,0.0
614402,0.0
614403,0.0
614404,0.0
614405,0.0
614406,0.0
614407,0.0
614408,0.0
614409,0.0
614410,0.0
614411,0.0
614412,0.0
614413,0.0
614414,0.0
614415,0.0
614416,0.0
614417,0.0
614418,0.0
614419,0.0
614420,0.0
614421,0.0
614422,0.0
614423,0.0
614424,0.0
614425,0.0
614426,0.0
614427,0.0
614428,0.0
614429,0.0
614430,0.0
614431,0.0
614432,0.0
614433,0.0
614434,0.0
614435,0.0
614436,0.36242384
614437,0.0
614438,0.0
614439,0.0
614440,0.0
614441,0.0
614442,0.0
614443,0.0
614444,0.0
614445,0.0
614446,0.0
614447,0.0
614448,0.0
614449,0.0
614450,0.0
614451,0.0
614452,0.0
614453,0.0
614454,0.0
614455,0.0
614456,0.0
614457,0.0
614458,0.0
614459,0.0
614460,0.0
614461,0.0
614462,0.0
614463,0.0
614464,0.0
614465,0.0
614466,0.0
614467,0.0
614468,0.0
614469,0.0
614470,0.0
614471,0.0
614472,0.0
614473,0.0
614474,0.0
614475,0.0
614476,0.0
614477,0.0
614478,0.0
614479,0.0
614480,0.0
614481,0.0
614482,1.601262e-20
614483,0.0
614484,0.0
614485,0.0
614486,0.0
614487,0.0
614488,0.0
614489,0.0
614490,0.0
614491,0.0
614492,0.0
614493,0.0
614494,0.0
614495,0.0
614496,0.0
614497,0.0
614498,0.0
614499,0.0
614500,0.0
614501,0.0
614502,0.0
614503,0.0
614504,0.0
614505,0.0
614506,0.0
614507,0.0
614508,0.0
614509,0.0
614510,0.0
614511,0.0
614512,0.0
614513,0.0
614514,0.0
614515,0.0
614516,0.0
614517,0.0
614518,0.0
614519,0.0
614520,0.0
614521,0.0
614522,0.0
614523,0.0
614524,0.0
614525,0.0
614526,0.0
614527,0.0
614528,0.0
614529,0.0
614530,0.0
614531,0.0
614532,0.0
614533,0.0
614534,0.0
614535,0.0
614536,0.0
614537,0.0
614538,0.0
614539,0.0
614540,0.0
614541,0.0
614542,0.0
614543,0.0
614544,0.0
614545,0.0
614546,0.0
614547,0.0
614548,0.0
614549,0.0
614550,0.0
614551,0.0
614552,0.0
614553,0.0
614554,0.0
614555,0.0
614556,0.0
614557,0.0
614558,0.0
614559,0.0
614560,0.0
614561,0.0
614562,0.0
614563,0.0
614564,0.0
614565,0.0
614566,0.0
614567,0.0
614568,0.36242384
614569,0.0
614570,0.0
614571,0.0
614572,0.0
614573,0.0
614574,0.0
614575,0.0
614576,0.0
614577,0.0
614578,0.0
614579,0.0
614580,0.0
614581,9.5466956e-30
614582,0.0
614583,0.0
614584,0.0
614585,0.0
614586,0.0
614587,0.0
614588,0.0
614589,0.0
614590,0.0
614591,0.0
614592,0.0
614593,0.0
614594,0.0
614595,0.0
614596,0.0
614597,0.0
614598,0.0
614599,0.0
614600,0.0
614601,0.0
614602,0.0
614603,0.0
614604,0.0
614605,0.0
614606,0.0
614607,0.0
614608,0.0
614609,0.0
614610,0.0
614611,0.0
614612,0.0
614613,0.0
614614,0.0
614615,0.0
614616,0.0
614617,0.0
614618,0.0
614619,0.0
614620,0.0
614621,0.0
614622,3.4378894e-26
614623,0.0
614624,0.0
614625,0.0
614626,0.0
614627,0.0
614628,0.0
614629,0.0
614630,0.0
614631,0.0
614632,0.0
614633,0.0
614634,0.0
614635,0.0
614636,0.0
614637,0.0
614638,0.0
614639,0.0063440925
614640,0.0
614641,0.0
614642,0.0
614643,0.0
614644,0.0
614645,0.0
614646,0.0
614647,0.0
614648,0.0
614649,0.0
614650,0.0
614651,0.0
614652,0.0
614653,0.0
614654,0.0
614655,0.0
614656,0.0
614657,0.0
614658,0.0
614659,0.0
614660,0.0
614661,0.0
614662,0.0
614663,0.0
614664,0.0
614665,1.3556293e-08
614666,0.0
614667,0.0
614668,0.0
614669,0.0
614670,0.0
614671,0.0
614672,0.0
614673,0.0
614674,0.0
614675,0.0
614676,0.0
614677,0.0
614678,0.0
614679,0.0
614680,0.0
614681,0.0
614682,0.0
614683,0.0
614684,0.0
614685,0.0
614686,0.0
614687,0.0
614688,0.0
614689,0.0
614690,0.0
614691,0.0
614692,0.0
614693,0.0
614694,0.0
614695,0.0
614696,0.0
614697,0.0
614698,0.0
614699,0.0
614700,0.0
614701,0.0
614702,0.0
614703,0.0
614704,0.0
614705,0.0
614706,0.0
614707,0.0
614708,0.0
614709,0.0
614710,0.0
614711,0.0
614712,0.0
614713,0.0
614714,0.0
614715,0.0
614716,0.0
614717,0.0
614718,0.0
614719,0.0
614720,0.0
614721,0.0
614722,0.0
614723,0.0
614724,0.0
614725,0.0
614726,0.0
614727,0.0
614728,0.0
614729,0.0
614730,0.0
614731,0.0
614732,0.0
614733,0.0
614734,0.0
614735,0.0
614736,0.0
614737,0.0
614738,0.0
614739,0.0
614740,0.0
614741,3.297069e-10
614742,0.0
614743,0.0
614744,0.0
614745,0.0
614746,0.0
614747,0.0
614748,0.0
614749,0.0
614750,9.3537895e-17
614751,0.0
614752,0.0
614753,0.0
614754,0.0
614755,0.0
614756,0.0
614757,0.0
614758,0.0
614759,0.0
614760,0.0
614761,0.0
614762,0.0
614763,0.0
614764,0.0
614765,0.0
614766,0.0
614767,0.0
614768,0.0
614769,0.0
614770,0.0
614771,0.0
614772,0.0
614773,0.0
614774,0.0
614775,0.0
614776,0.0
614777,0.0
614778,0.0
614779,0.0
614780,0.0
614781,0.0
614782,0.0
614783,0.0
614784,0.0
614785,0.0
614786,0.0
614787,0.0
614788,0.0
614789,0.0
614790,0.0
614791,0.0
614792,0.0
614793,0.0
614794,1.00840894e-29
614795,0.0
614796,0.0
614797,0.0
614798,0.0
614799,0.0
614800,0.0
614801,0.0
614802,0.0
614803,0.0
614804,0.0
614805,0.0
614806,0.0
614807,0.0
614808,0.0
614809,0.0
614810,0.0
614811,0.0
614812,0.0
614813,0.0
614814,0.0
614815,0.0
614816,0.0
614817,0.0
614818,0.0
614819,0.0
614820,0.0
614821,0.0
614822,0.0
614823,0.0
614824,0.0
614825,0.36242384
614826,0.0
614827,0.0
614828,0.0
614829,0.0
614830,0.0
614831,0.05540068
614832,0.0
614833,0.0
614834,0.0
614835,0.0
614836,0.0
614837,0.0
614838,0.0
614839,0.0
614840,0.0
614841,0.0
614842,0.0
614843,0.0
614844,0.0
614845,0.0
614846,0.0
614847,0.0
614848,0.0
614849,0.0
614850,0.0
614851,0.0
614852,0.0
614853,0.0
614854,0.0
614855,0.0
614856,0.0
614857,0.0
614858,0.0
614859,0.0
614860,0.0
614861,0.0
614862,0.0
614863,0.0
614864,0.0
614865,0.0
614866,0.0
614867,0.0
614868,0.0
614869,0.0
614870,0.0
614871,0.0
614872,0.0
614873,0.0
614874,0.0
614875,0.0
614876,0.0
614877,0.0
614878,0.0
614879,0.0
614880,0.0
614881,0.0
614882,0.0
614883,0.0
614884,0.0
614885,0.0
614886,0.0
614887,0.0
614888,0.0
614889,0.0
614890,0.0
614891,0.0
614892,0.0
614893,0.0
614894,0.0
614895,0.0
614896,0.0
614897,0.0
614898,0.0
614899,0.0
614900,0.0
614901,0.0
614902,0.0
614903,0.0
614904,0.0
614905,0.0
614906,0.0
614907,0.0
614908,0.0
614909,0.0
614910,6.7170975e-21
614911,0.0
614912,0.0
614913,0.0
614914,0.0
614915,0.0
614916,0.0
614917,0.0
614918,0.0
614919,0.0
614920,0.0
614921,0.0
614922,0.0
614923,0.0
614924,0.0
614925,0.0
614926,0.0
614927,0.0
614928,0.0
614929,0.0
614930,0.0
614931,0.0
614932,0.0
614933,0.0
614934,0.0
614935,0.0
614936,0.0
614937,0.0
614938,0.0
614939,0.0
614940,0.0
614941,0.0
614942,0.0
614943,0.0
614944,0.0
614945,0.0
614946,0.0
614947,0.0
614948,0.0
614949,0.0
614950,0.0
614951,0.0
614952,0.0
614953,0.0
614954,0.0
614955,0.0
614956,0.0
614957,0.0
614958,0.0
614959,0.0
614960,0.0
614961,0.0
614962,0.0
614963,0.0
614964,0.0
614965,0.0
614966,0.0
614967,0.0
614968,0.0
614969,0.0
614970,0.0
614971,0.0
614972,0.0
614973,0.0
614974,0.0
614975,0.0
614976,0.0
614977,0.0
614978,0.0
614979,0.0
614980,0.0
614981,0.0
614982,0.0
614983,0.0
614984,0.0
614985,0.0
614986,0.0
614987,0.0
614988,0.0
614989,0.0
614990,0.0
614991,0.0
614992,0.0
614993,0.0
614994,0.0
614995,0.0
614996,0.0
614997,0.0
614998,0.0
614999,0.0
615000,0.0
615001,0.0
615002,0.0
615003,0.0
615004,0.0
615005,0.0
615006,0.0
615007,0.0
615008,0.0
615009,0.0
615010,0.0
615011,5.0211175e-20
615012,0.0
615013,0.0
615014,0.0
615015,0.0
615016,0.0
615017,0.0
615018,0.0
615019,0.0
615020,0.0
615021,0.0
615022,0.0
615023,0.0
615024,0.0
615025,0.0
615026,0.0
615027,0.0
615028,0.0
615029,0.0
615030,0.0
615031,0.0
615032,0.0
615033,0.0
615034,0.0
615035,0.0
615036,0.0
615037,0.0
615038,0.0
615039,0.0
615040,0.0
615041,0.0
615042,0.0
615043,0.0
615044,0.0
615045,0.0
615046,0.0
615047,0.0
615048,0.0
615049,0.0
615050,0.0
615051,0.0
615052,0.0
615053,0.0
615054,0.0
615055,0.0
615056,0.0
615057,0.0
615058,0.0
615059,0.0
615060,0.0
615061,0.0
615062,0.0
615063,0.0
615064,0.0
615065,0.0
615066,0.0
615067,0.0
615068,0.0
615069,0.0
615070,0.0
615071,0.0
615072,0.0
615073,0.0
615074,0.0
615075,0.0
615076,0.0
615077,0.0
615078,0.0
615079,0.0
615080,0.0
615081,0.0
615082,0.0
615083,0.0
615084,0.0
615085,0.0
615086,0.0
615087,0.0
615088,0.0
615089,0.0
615090,0.0
615091,0.0
615092,0.0
615093,0.0
615094,0.0
615095,0.0
615096,0.0
615097,0.0
615098,0.0
615099,0.0
615100,0.0
615101,0.0
615102,0.0
615103,0.0
615104,0.0
615105,0.0
615106,0.0
615107,0.0
615108,0.0
615109,0.0
615110,0.0
615111,0.0
615112,0.0
615113,0.0
615114,0.0
615115,0.0
615116,0.0
615117,0.0
615118,0.0
615119,0.0
615120,0.0
615121,0.0
615122,0.0
615123,0.0
615124,0.0
615125,0.0
615126,0.0
615127,0.0
615128,0.0
615129,0.0
615130,0.0
615131,0.0
615132,0.0
615133,0.0
615134,0.0
615135,0.0
615136,0.0
615137,0.0
615138,0.0
615139,0.0
615140,0.0
615141,0.0
615142,0.0
615143,0.0
615144,0.0
615145,0.0
615146,0.0
615147,0.0
615148,0.0
615149,0.0
615150,0.0
615151,0.0
615152,0.0
615153,0.0
615154,0.0
615155,0.0
615156,0.0
615157,0.0
615158,0.0
615159,0.0
615160,2.375343e-17
615161,0.0
615162,0.0
615163,0.0
615164,0.0
615165,0.0
615166,0.0
615167,0.0
615168,0.0
615169,0.0
615170,0.0
615171,0.0
615172,0.0
615173,0.0
615174,0.0
615175,0.0
615176,0.0
615177,0.0
615178,0.0
615179,0.0
615180,0.0
615181,0.0
615182,0.0
615183,0.0
615184,0.0
615185,0.0
615186,0.0
615187,0.0
615188,0.0
615189,0.0
615190,0.0
615191,0.0
615192,0.0
615193,0.0
615194,0.0
615195,0.011815898
615196,0.0
615197,0.0
615198,0.0
615199,0.0
615200,0.0
615201,0.0
615202,0.0
615203,0.0
615204,0.0
615205,0.0
615206,0.0
615207,0.0
615208,0.0
615209,0.0
615210,0.0
615211,0.0
615212,0.0
615213,0.0
615214,0.0
615215,0.0
615216,0.0
615217,0.0
615218,0.0
615219,0.0
615220,0.0
615221,0.0
615222,0.0
615223,0.0
615224,0.0
615225,0.0
615226,0.0
615227,0.0
615228,0.0
615229,0.0
615230,0.0
615231,0.0
615232,0.0
615233,0.0
615234,0.0
615235,0.0
615236,0.0
615237,0.0
615238,0.0
615239,0.0
615240,0.0
615241,0.0
615242,0.0
615243,0.0
615244,0.0
615245,0.0
615246,0.0
615247,0.0
615248,0.0
615249,0.0
615250,0.0
615251,0.0
615252,0.0
615253,0.0
615254,0.0
615255,0.0
615256,0.0
615257,0.0
615258,0.0
615259,0.0
615260,0.0
615261,0.0
615262,0.0
615263,0.0
615264,0.0
615265,0.0
615266,0.0
615267,0.0
615268,0.0
615269,0.0
615270,0.0
615271,0.0
615272,0.0
615273,0.0
615274,0.0
615275,0.0
615276,0.0
615277,0.0
615278,0.0
615279,0.0
615280,0.0
615281,0.0
615282,0.0
615283,0.0
615284,0.0
615285,0.0
615286,0.0
615287,0.0
615288,0.0
615289,0.0
615290,0.0
615291,0.0
615292,0.0
615293,0.0
615294,0.0
615295,0.0
615296,0.0
615297,0.0
615298,0.0
615299,0.0
615300,0.0
615301,0.0
615302,0.0
615303,0.0
615304,0.0
615305,0.0
615306,0.0
615307,0.0
615308,0.0
615309,0.0
615310,0.0
615311,0.0
615312,0.0
615313,0.0
615314,0.0
615315,0.0
615316,0.0
615317,0.0
615318,0.0
615319,0.0
615320,0.0
615321,0.0
615322,0.0
615323,0.0
615324,0.0
615325,0.0
615326,0.0
615327,0.0
615328,0.0
615329,0.0
615330,0.0
615331,0.0
615332,0.0
615333,0.0
615334,0.0
615335,0.0
615336,0.0
615337,0.0
615338,0.0
615339,0.0
615340,0.0
615341,0.0
615342,0.0
615343,0.0
615344,0.0
615345,0.0
615346,0.0
615347,0.0
615348,0.0
615349,0.0
615350,0.0
615351,0.0
615352,0.0
615353,0.0
615354,0.0
615355,0.0
615356,0.0
615357,0.0
615358,0.0
615359,0.0
615360,0.0
615361,0.0
615362,0.0
615363,0.0
615364,0.0
615365,0.0
615366,0.0
615367,0.0
615368,0.0
615369,0.0
615370,0.0
615371,0.0
615372,0.0
615373,0.0
615374,0.0
615375,0.0
615376,0.0
615377,0.0
615378,0.0
615379,0.0
615380,0.0
615381,0.0
615382,0.00013707633
615383,0.0
615384,0.0
615385,0.0
615386,0.0
615387,0.0
615388,0.0
615389,0.0
615390,0.0
615391,0.0
615392,0.0
615393,1.4827606e-30
615394,0.0
615395,0.0
615396,0.0
615397,0.0
615398,0.0
615399,0.0
615400,0.0
615401,0.0
615402,0.0
615403,0.0
615404,0.0
615405,0.0
615406,0.0
615407,0.0
615408,0.0
615409,0.0
615410,0.0
615411,0.0
615412,0.0
615413,0.0
615414,0.0
615415,0.0
615416,0.0
615417,0.0
615418,0.0
615419,0.0
615420,0.0
615421,0.0
615422,0.0
615423,0.0
615424,0.0
615425,0.0
615426,0.0
615427,0.0
615428,0.0
615429,0.0
615430,0.0
615431,0.0
615432,0.0
615433,3.1291354e-26
615434,0.0
615435,0.0
615436,0.0
615437,0.0
615438,0.0
615439,0.0
615440,0.0
615441,0.0
615442,0.0
615443,0.0
615444,0.0
615445,0.0
615446,0.0
615447,0.0
615448,0.0
615449,0.0
615450,0.0
615451,0.0
615452,0.0
615453,0.0
615454,0.0
615455,0.0
615456,0.0
615457,0.0
615458,0.0
615459,0.0
615460,0.0
615461,0.0
615462,0.0
615463,0.0
615464,0.0
615465,0.0
615466,0.0
615467,0.0
615468,0.0
615469,0.0
615470,0.0
615471,0.0
615472,0.0
615473,0.0
615474,0.0
615475,0.0
615476,0.0
615477,0.0
615478,0.0
615479,0.0
615480,0.0
615481,0.0
615482,0.0
615483,0.0
615484,0.0
615485,8.086411e-34
615486,0.0
615487,0.0
615488,0.0
615489,0.0
615490,0.0
615491,0.0
615492,0.0
615493,0.0
615494,0.0
615495,0.0
615496,0.0
615497,0.0
615498,0.0
615499,0.0
615500,0.0
615501,0.0
615502,0.0
615503,0.0
615504,0.0
615505,0.0
615506,0.0
615507,0.0
615508,0.0
615509,0.0
615510,0.0
615511,0.0
615512,0.0
615513,0.0
615514,0.0
615515,0.0
615516,0.0
615517,0.0
615518,0.0
615519,0.0
615520,0.0
615521,0.0
615522,0.0
615523,0.0
615524,0.0
615525,0.0
615526,0.0
615527,0.0
615528,1.594203e-14
615529,0.0
615530,0.0
615531,0.0
615532,0.0
615533,0.0
615534,0.0
615535,0.0
615536,0.0
615537,0.0
615538,0.0
615539,0.0
615540,0.0
615541,0.0
615542,0.0
615543,0.0
615544,0.0
615545,0.0
615546,0.0
615547,0.0
615548,0.0
615549,0.0
615550,0.0
615551,0.0
615552,0.0
615553,0.0
615554,0.0
615555,0.0
615556,0.0
615557,0.0
615558,0.0
615559,0.0
615560,0.0
615561,0.0
615562,0.0
615563,0.0
615564,0.0
615565,0.0
615566,0.0
615567,0.0
615568,0.0
615569,0.0
615570,0.0
615571,0.0
615572,0.0
615573,0.0
615574,0.0
615575,0.0
615576,0.0
615577,0.0
615578,0.0
615579,0.0
615580,0.0
615581,0.0
615582,0.0
615583,0.0
615584,0.0
615585,0.0
615586,0.0
615587,0.0
615588,0.0
615589,0.0
615590,0.0
615591,0.0
615592,0.0
615593,0.0
615594,0.0
615595,0.0
615596,0.0
615597,0.0
615598,0.0
615599,0.0
615600,0.0
615601,0.0
615602,0.0
615603,0.0
615604,0.0
615605,0.0
615606,0.0
615607,0.0
615608,0.0
615609,0.0
615610,0.0
615611,0.0
615612,0.0
615613,0.0
615614,0.0
615615,0.0
615616,0.0
615617,0.0
615618,0.0
615619,0.0
615620,0.0
615621,0.0
615622,0.0
615623,0.0
615624,0.0
615625,0.0
615626,0.0
615627,0.0
615628,0.0
615629,0.0
615630,0.0
615631,0.0
615632,0.0
615633,0.0
615634,0.0
615635,0.0
615636,0.0
615637,0.0
615638,0.0
615639,0.0
615640,0.0
615641,0.0
615642,0.0
615643,0.0
615644,0.0
615645,0.0
615646,0.0
615647,0.0
615648,0.0
615649,0.0
615650,0.0
615651,0.0
615652,0.0
615653,0.0
615654,0.0
615655,0.0
615656,0.0
615657,0.0
615658,0.0
615659,0.0
615660,0.0
615661,0.0
615662,0.0
615663,0.0
615664,0.0
615665,0.0
615666,0.0
615667,0.0
615668,0.0
615669,0.0
615670,0.0
615671,0.0
615672,0.0
615673,0.0
615674,0.0
615675,0.0
615676,0.0
615677,0.0
615678,0.0
615679,0.0
615680,0.0
615681,0.0
615682,0.0
615683,0.0
615684,0.0
615685,0.0
615686,0.0
615687,0.0
615688,0.0
615689,0.0
615690,0.0
615691,0.0
615692,0.0
615693,0.0
615694,0.0
615695,0.0
615696,0.0
615697,0.0
615698,0.0
615699,0.0
615700,0.0
615701,0.0
615702,0.0
615703,0.0
615704,0.0
615705,0.0
615706,0.0
615707,0.0
615708,0.0
615709,0.0
615710,0.0
615711,0.0
615712,0.0
615713,2.2954714e-19
615714,0.0
615715,0.0
615716,0.0
615717,0.0
615718,0.0
615719,0.0
615720,0.0
615721,0.0
615722,0.0
615723,0.0
615724,0.0
615725,0.0
615726,0.0
615727,0.0
615728,0.0
615729,0.0
615730,0.0
615731,0.0
615732,0.0
615733,0.0
615734,0.0
615735,0.0
615736,0.0
615737,0.0
615738,0.0
615739,0.0
615740,0.0
615741,0.0
615742,0.0
615743,0.0
615744,0.0
615745,0.0
615746,0.0
615747,0.0
615748,0.0
615749,0.0
615750,0.0
615751,0.0
615752,0.0
615753,0.0
615754,0.0
615755,0.0
615756,0.0
615757,0.0
615758,0.0
615759,0.0
615760,0.0
615761,0.0
615762,0.0
615763,0.0
615764,0.0
615765,0.0
615766,0.0
615767,0.0
615768,3.8450124e-34
615769,0.0
615770,0.0
615771,0.0
615772,0.0
615773,0.0
615774,0.0
615775,0.0
615776,0.0
615777,0.0
615778,0.0
615779,0.0
615780,0.0
615781,0.0
615782,0.0
615783,0.0
615784,0.0
615785,0.0
615786,0.0
615787,0.0
615788,0.0
615789,0.0
615790,0.0
615791,0.0
615792,0.0
615793,0.0
615794,0.0
615795,0.0
615796,5.786005e-33
615797,0.0
615798,0.0
615799,0.0
615800,0.0
615801,0.0
615802,0.0
615803,0.0
615804,0.0
615805,0.0
615806,0.0
615807,0.0
615808,0.0
615809,0.0
615810,0.0
615811,0.0
615812,0.0
615813,0.0
615814,0.0
615815,0.0
615816,0.0
615817,0.0
615818,0.0
615819,0.0
615820,0.0
615821,0.0
615822,0.0
615823,0.0
615824,0.0
615825,0.0
615826,0.0
615827,0.0
615828,0.0
615829,0.0
615830,0.0
615831,0.0
615832,0.0
615833,0.0
615834,0.0
615835,0.0
615836,0.0
615837,0.0
615838,0.0
615839,0.0
615840,0.0
615841,0.0
615842,0.0
615843,0.0
615844,0.0
615845,0.0
615846,0.0
615847,0.0
615848,0.0
615849,0.0
615850,0.0
615851,0.0
615852,0.0
615853,0.0
615854,0.0
615855,0.0
615856,0.0
615857,0.0
615858,0.0
615859,0.0
615860,0.0
615861,0.0
615862,0.0
615863,0.0
615864,0.0
615865,0.0
615866,0.0
615867,0.0
615868,0.0
615869,0.0
615870,0.0
615871,0.0
615872,0.0
615873,0.0
615874,0.0
615875,0.0
615876,0.0
615877,0.0
615878,0.0
615879,0.0
615880,0.0
615881,0.0
615882,0.0
615883,0.0
615884,0.0
615885,0.0
615886,0.0
615887,0.0
615888,0.0
615889,0.0
615890,0.0
615891,0.0
615892,0.0
615893,0.0
615894,0.0
615895,0.0
615896,0.0
615897,0.0071529546
615898,0.0
615899,0.0
615900,0.0
615901,0.0
615902,0.0
615903,0.0
615904,2.6714822e-34
615905,0.0
615906,0.0
615907,0.0
615908,0.0
615909,0.0
615910,0.0
615911,0.0
615912,0.0
615913,0.0
615914,0.0
615915,0.0
615916,0.0
615917,0.0
615918,0.0
615919,0.0
615920,0.0
615921,0.0
615922,0.0
615923,0.0
615924,0.0
615925,0.0
615926,0.0
615927,0.0
615928,0.0
615929,0.0
615930,0.0
615931,0.0
615932,0.0
615933,0.0
615934,0.0
615935,0.0
615936,0.0
615937,0.0
615938,0.0
615939,0.0
615940,0.0
615941,0.0
615942,0.0
615943,0.0
615944,0.0
615945,0.0
615946,0.0
615947,0.0
615948,0.0
615949,0.0
615950,0.0
615951,0.0
615952,0.0
615953,0.0
615954,0.0
615955,0.0
615956,0.0
615957,0.0
615958,0.0
615959,0.0
615960,0.0
615961,0.0
615962,0.0
615963,0.0
615964,0.0
615965,0.0
615966,0.0
615967,0.0
615968,0.0
615969,0.0
615970,0.0
615971,0.0
615972,0.0
615973,0.0
615974,0.0
615975,0.0
615976,0.0
615977,0.0
615978,0.0
615979,0.0
615980,0.0
615981,0.0
615982,0.0
615983,0.0
615984,0.0
615985,0.0
615986,0.0
615987,0.0
615988,0.0
615989,0.0
615990,0.0
615991,0.0
615992,0.0
615993,0.0
615994,0.0
615995,0.0
615996,0.0
615997,0.0
615998,0.0
615999,0.0
616000,0.0
616001,0.0
616002,0.0
616003,0.0
616004,0.0
616005,0.0
616006,0.0
616007,0.0
616008,0.0
616009,0.0
616010,0.0
616011,0.17608298
616012,0.0
616013,0.0
616014,0.0
616015,0.0
616016,0.0
616017,0.0
616018,0.0
616019,0.0
616020,0.0
616021,0.0
616022,0.0
616023,0.0
616024,0.0
616025,0.0
616026,0.0
616027,0.0
616028,0.0
616029,0.0
616030,0.0
616031,0.0
616032,0.0
616033,0.0
616034,0.0
616035,0.0
616036,0.0
616037,2.7440341e-24
616038,0.0
616039,0.0
616040,0.0
616041,0.0
616042,0.0
616043,0.0
616044,0.0
616045,0.0
616046,0.0
616047,0.0
616048,1.5758602e-08
616049,0.0
616050,0.0
616051,0.0
616052,0.0
616053,0.0
616054,0.0
616055,0.0
616056,0.0
616057,0.0
616058,0.0
616059,0.0
616060,0.0
616061,0.0
616062,0.0
616063,0.0
616064,0.0
616065,0.0
616066,0.0
616067,0.0
616068,0.0
616069,0.0
616070,0.0
616071,0.0
616072,0.0
616073,0.0
616074,0.0
616075,0.0
616076,0.0
616077,0.0
616078,0.0
616079,0.0
616080,0.0
616081,0.0
616082,0.0
616083,0.0
616084,0.0
616085,0.0
616086,0.0
616087,0.0
616088,0.0
616089,0.0
616090,0.0
616091,0.0
616092,0.0
616093,0.0
616094,0.0
616095,0.0
616096,0.0
616097,0.0
616098,0.0
616099,0.0
616100,0.0
616101,0.0
616102,0.0
616103,0.0
616104,0.0
616105,0.0
616106,0.0
616107,0.0
616108,0.0
616109,0.0
616110,0.0
616111,0.0
616112,0.0
616113,0.0
616114,0.0
616115,0.0
616116,0.0
616117,0.0
616118,0.0
616119,0.0
616120,0.0
616121,0.0
616122,0.0
616123,0.0
616124,0.0
616125,0.0
616126,0.0
616127,0.0
616128,0.0
616129,0.0
616130,0.0
616131,0.0
616132,0.0
616133,0.0
616134,0.0
616135,0.0
616136,0.0
616137,0.0
616138,0.0
616139,0.0
616140,0.0
616141,0.0
616142,0.0
616143,0.0
616144,0.0
616145,0.0
616146,0.0
616147,0.0
616148,0.0
616149,0.0
616150,0.0
616151,0.0
616152,0.0
616153,0.0
616154,0.0
616155,0.0
616156,0.0
616157,0.0
616158,0.0
616159,0.0
616160,0.0
616161,0.0
616162,0.0
616163,0.0
616164,0.0
616165,0.0
616166,0.0
616167,0.0
616168,0.0
616169,0.0
616170,0.0
616171,0.0
616172,0.0
616173,0.0
616174,0.0
616175,0.0
616176,0.0
616177,0.0
616178,0.0
616179,0.0
616180,0.0
616181,0.0
616182,0.0
616183,0.0
616184,0.0
616185,0.0
616186,0.0
616187,0.0
616188,0.0
616189,0.0
616190,0.0
616191,0.0
616192,0.0
616193,0.0
616194,0.0
616195,0.0
616196,0.0
616197,0.0
616198,0.0
616199,0.0
616200,0.0
616201,0.0
616202,0.0
616203,0.0
616204,0.0
616205,0.0
616206,0.0
616207,0.0
616208,0.0
616209,0.0
616210,1.4244757e-26
616211,0.0
616212,0.0
616213,0.0
616214,0.0
616215,0.0
616216,0.0
616217,0.0
616218,0.0
616219,0.0
616220,0.0
616221,0.0
616222,0.0
616223,0.0
616224,0.0
616225,0.0
616226,0.0
616227,0.0
616228,0.0
616229,0.0
616230,0.0
616231,0.0
616232,0.0
616233,0.0
616234,0.0
616235,0.0
616236,0.0
616237,0.0
616238,0.0
616239,0.0
616240,0.0
616241,0.0
616242,0.0
616243,0.0
616244,0.0
616245,0.0
616246,0.0
616247,0.0
616248,0.0
616249,0.0
616250,0.0
616251,0.0
616252,0.0
616253,0.0
616254,0.0
616255,0.0
616256,0.0
616257,0.0
616258,7.795135e-25
616259,0.0
616260,0.0
616261,0.0
616262,0.0
616263,0.0
616264,0.0
616265,0.0
616266,0.0
616267,0.0
616268,0.0
616269,0.0
616270,0.0
616271,0.0
616272,0.0
616273,0.0
616274,0.0
616275,0.0
616276,0.0
616277,0.0
616278,0.0
616279,0.0
616280,0.0
616281,0.0
616282,0.0
616283,0.0
616284,0.0
616285,0.0
616286,0.0
616287,0.0
616288,0.0
616289,0.0
616290,0.0
616291,0.0
616292,0.0
616293,0.0
616294,0.0
616295,0.0
616296,0.0
616297,0.0
616298,0.0
616299,0.0
616300,0.0
616301,0.0
616302,0.0
616303,0.0
616304,0.0
616305,0.0
616306,0.0
616307,0.0
616308,0.0
616309,0.0
616310,0.0
616311,0.0
616312,0.0
616313,0.0
616314,0.0
616315,0.0
616316,0.0
616317,0.0
616318,0.0
616319,0.0
616320,0.0
616321,0.0
616322,0.0
616323,0.0
616324,0.0
616325,0.0
616326,0.0
616327,0.0
616328,0.0
616329,0.0
616330,0.0
616331,0.0
616332,0.0
616333,0.0
616334,0.0
616335,0.0
616336,0.0
616337,0.0
616338,0.0
616339,0.0
616340,0.0
616341,0.0
616342,0.0
616343,0.0
616344,0.0
616345,0.0
616346,0.0
616347,0.0
616348,0.0
616349,0.0
616350,0.0
616351,0.0
616352,0.0
616353,0.0
616354,0.0
616355,0.0
616356,0.0
616357,0.0
616358,0.0
616359,0.0
616360,0.0
616361,0.0
616362,0.0
616363,0.0
616364,0.0
616365,0.0
616366,0.0
616367,0.0
616368,0.0
616369,0.0
616370,0.0
616371,0.0
616372,0.0
616373,0.0
616374,0.0
616375,0.0
616376,0.0
616377,0.0
616378,0.0
616379,0.0
616380,0.0
616381,0.0
616382,0.0
616383,0.0
616384,0.0
616385,1.3695593e-27
616386,0.0
616387,0.0
616388,0.0
616389,0.0
616390,0.0
616391,0.0
616392,0.0
616393,0.0
616394,0.0
616395,0.0
616396,0.0
616397,0.0
616398,0.0
616399,0.0
616400,0.0
616401,0.0
616402,0.0
616403,0.0
616404,0.0
616405,0.0014512449
616406,0.0
616407,0.0
616408,0.0
616409,0.0
616410,0.0
616411,0.0
616412,0.0
616413,0.0
616414,0.0
616415,0.0
616416,0.0
616417,0.0
616418,0.0
616419,0.0
616420,0.0
616421,0.0
616422,0.0
616423,0.0
616424,0.0
616425,0.0
616426,0.0
616427,0.0
616428,0.0
616429,0.0
616430,0.0
616431,0.0
616432,0.0
616433,0.0
616434,0.0
616435,0.0
616436,0.0
616437,0.0
616438,0.0
616439,0.0
616440,0.0
616441,0.0
616442,0.0
616443,0.0
616444,0.0
616445,0.0
616446,0.0
616447,0.0
616448,0.0
616449,0.0
616450,0.0
616451,0.0
616452,0.0
616453,0.0
616454,0.0
616455,0.0
616456,0.0
616457,0.0
616458,0.0
616459,0.0
616460,0.0
616461,0.0
616462,0.0
616463,0.0
616464,0.0
616465,0.0
616466,0.0
616467,0.0
616468,0.0
616469,0.0
616470,0.0
616471,0.0
616472,0.0
616473,0.0
616474,0.0
616475,0.0
616476,0.0
616477,0.0
616478,0.0
616479,0.0
616480,0.0
616481,0.0
616482,0.0
616483,0.0
616484,0.0
616485,0.0
616486,1.342165e-24
616487,0.0
616488,0.0
616489,0.0
616490,0.0
616491,0.0
616492,0.0
616493,0.0
616494,0.0
616495,0.0
616496,0.0
616497,0.0
616498,0.0
616499,0.0
616500,0.0
616501,0.0
616502,0.0
616503,0.0
616504,0.0
616505,0.0
616506,0.0
616507,0.0
616508,0.0
616509,0.0
616510,0.0
616511,0.0
616512,0.0
616513,0.0
616514,0.0
616515,0.0
616516,0.0
616517,0.0
616518,0.0
616519,0.0
616520,0.0
616521,0.0
616522,0.0
616523,0.0
616524,0.0
616525,0.0
616526,0.0
616527,0.0
616528,0.0
616529,0.0
616530,0.0
616531,0.0
616532,0.0
616533,0.0
616534,0.0
616535,0.0
616536,0.0
616537,0.0
616538,0.0
616539,0.0
616540,0.0
616541,0.0
616542,0.0
616543,0.0
616544,0.0
616545,0.0
616546,0.0
616547,0.0
616548,0.0
616549,0.0
616550,0.0
616551,0.0
616552,0.0
616553,0.0
616554,0.0
616555,0.0
616556,0.0
616557,0.0
616558,0.0
616559,0.0
616560,0.0
616561,0.0
616562,0.0
616563,0.0
616564,0.0
616565,0.0
616566,0.0
616567,0.0
616568,0.0
616569,0.0
616570,0.0
616571,0.0
616572,0.0
616573,0.0
616574,0.0
616575,0.0
616576,0.0
616577,0.0
616578,0.0
616579,0.0
616580,0.0
616581,0.0
616582,0.0
616583,0.0
616584,0.0
616585,0.0
616586,0.0
616587,0.0
616588,0.0
616589,0.0
616590,0.0
616591,0.0
616592,0.0
616593,0.0
616594,0.0
616595,6.634254e-15
616596,0.0
616597,0.0
616598,0.0
616599,0.0
616600,0.0
616601,0.0
616602,0.0
616603,0.0
616604,0.0
616605,0.0
616606,0.0
616607,0.0
616608,0.0
616609,0.0
616610,0.0
616611,0.0
616612,0.0
616613,0.0
616614,0.0
616615,0.0
616616,0.0
616617,0.0
616618,0.0
616619,0.0
616620,0.0
616621,0.0
616622,0.0
616623,0.0
616624,0.0
616625,0.0
616626,0.0
616627,0.0
616628,0.0
616629,0.0
616630,0.0
616631,0.0
616632,0.0
616633,0.0
616634,0.0
616635,0.0
616636,0.0
616637,0.0
616638,0.0
616639,0.0
616640,0.0
616641,0.0
616642,0.0
616643,0.0
616644,0.0
616645,0.0
616646,0.0
616647,0.0
616648,0.0
616649,0.0
616650,0.0
616651,0.0
616652,0.0
616653,0.0
616654,0.0
616655,0.0
616656,0.0
616657,0.0
616658,0.0
616659,0.0
616660,0.0
616661,0.0
616662,0.0
616663,0.0
616664,0.0
616665,0.0
616666,0.0
616667,0.0
616668,0.0
616669,0.0
616670,0.0
616671,0.0
616672,0.0
616673,0.0
616674,0.0
616675,0.0
616676,0.0
616677,0.0
616678,0.0
616679,0.0
616680,0.0
616681,0.0
616682,0.0
616683,0.0
616684,0.0
616685,0.0
616686,0.0
616687,0.0
616688,0.0
616689,0.0
616690,0.0
616691,0.0
616692,0.0
616693,0.0
616694,0.0
616695,0.0
616696,0.0
616697,0.0
616698,0.0
616699,1.3164249e-26
616700,0.0
616701,0.0
616702,0.0
616703,0.0
616704,0.0
616705,0.0
616706,0.0
616707,0.0
616708,0.0
616709,0.0
616710,0.0
616711,0.0
616712,0.0
616713,0.0
616714,0.0
616715,0.0
616716,0.0
616717,0.0
616718,0.0
616719,0.0
616720,0.0
616721,0.0
616722,0.0
616723,0.0
616724,0.0
616725,0.0
616726,0.0
616727,0.0
616728,0.0
616729,0.0
616730,0.0
616731,0.0
616732,0.0
616733,0.0
616734,0.0
616735,0.0
616736,0.0
616737,0.0
616738,0.0
616739,0.0
616740,0.0
616741,0.0
616742,0.0
616743,0.0
616744,0.0
616745,0.0
616746,0.0
616747,0.0
616748,0.0
616749,0.0
616750,0.0
616751,0.0
616752,0.0
616753,0.0
616754,0.0
616755,0.0
616756,0.0
616757,0.0
616758,0.0
616759,0.0
616760,0.0
616761,0.0
616762,0.0
616763,0.0
616764,0.0
616765,0.0
616766,0.0
616767,0.0
616768,0.0
616769,0.0
616770,0.0
616771,0.0
616772,0.0
616773,0.0
616774,0.0
616775,0.0
616776,0.0
616777,0.0
616778,0.0
616779,0.0
616780,0.0
616781,0.0
616782,0.0
616783,0.0
616784,0.0
616785,0.0
616786,0.0
616787,0.0
616788,0.0
616789,0.0
616790,0.0
616791,0.0
616792,0.0
616793,0.0
616794,0.0
616795,0.0
616796,0.0
616797,0.0
616798,0.0
616799,0.0
616800,0.0
616801,0.0
616802,0.0
616803,3.630696e-16
616804,0.0
616805,0.0
616806,0.0
616807,0.0
616808,0.0
616809,0.0
616810,0.0
616811,0.0
616812,0.0
616813,6.606872e-24
616814,0.0
616815,0.0
616816,0.0
616817,0.0
616818,0.0
616819,0.0
616820,0.0
616821,0.0
616822,0.0
616823,0.0
616824,0.0
616825,0.0
616826,0.0
616827,0.0
616828,0.0
616829,0.0
616830,0.0
616831,0.0
616832,0.0
616833,0.0
616834,0.0
616835,0.0
616836,0.0
616837,0.0
616838,0.0
616839,0.0
616840,0.0
616841,0.0
616842,0.0
616843,0.0
616844,0.0
616845,0.0
616846,0.0
616847,0.0
616848,0.0
616849,0.0
616850,0.0
616851,0.0
616852,0.0
616853,0.0
616854,0.0
616855,0.0
616856,0.0
616857,0.0
616858,0.0
616859,0.0
616860,0.0
616861,0.0
616862,0.0
616863,0.0
616864,0.0
616865,0.0
616866,0.0
616867,0.0
616868,0.0
616869,0.0
616870,0.0
616871,0.0
616872,0.0
616873,0.0
616874,0.0
616875,0.0
616876,0.0
616877,0.0
616878,0.0
616879,0.0
616880,0.0
616881,0.0
616882,0.0
616883,0.0
616884,0.0
616885,0.0
616886,0.0
616887,0.0
616888,0.0
616889,0.0
616890,0.0
616891,0.0
616892,0.0
616893,0.0
616894,0.0
616895,0.0
616896,0.0
616897,0.0
616898,0.0
616899,0.0
616900,0.0
616901,0.0
616902,0.0
616903,0.0
616904,0.0
616905,0.0
616906,0.0
616907,0.0
616908,0.0
616909,0.0
616910,0.0
616911,0.0
616912,0.0
616913,0.0
616914,0.0
616915,0.0
616916,0.0
616917,0.0
616918,0.0
616919,0.0
616920,0.0
616921,0.0
616922,0.0
616923,0.0
616924,0.0
616925,0.0
616926,0.0
616927,0.0
616928,0.0
616929,0.0
616930,0.0
616931,0.0
616932,0.0
616933,0.0
616934,0.0
616935,0.0
616936,0.0
616937,0.0
616938,0.0
616939,0.0
616940,0.0
616941,0.0
616942,0.0
616943,0.0
616944,0.0
616945,0.0
616946,0.0
616947,0.0
616948,0.0
616949,0.0
616950,0.0
616951,0.0
616952,0.0
616953,0.0
616954,0.0
616955,0.0
616956,0.0
616957,0.0
616958,0.0
616959,0.0
616960,0.0
616961,0.0
616962,0.0
616963,0.0
616964,0.0
616965,0.0
616966,0.0
616967,0.0
616968,0.0
616969,0.0
616970,0.0
616971,0.0
616972,0.0
616973,0.0
616974,0.0
616975,0.0
616976,0.0
616977,0.0
616978,0.0
616979,0.0
616980,0.0
616981,0.0
616982,0.0
616983,0.0
616984,0.0
616985,0.0
616986,0.0
616987,0.0
616988,0.0
616989,0.0
616990,0.0
616991,0.0
616992,0.0
616993,0.0
616994,0.0
616995,0.0
616996,0.0
616997,0.0
616998,0.0
616999,0.0
617000,0.0
617001,0.0
617002,0.0
617003,0.0
617004,0.0
617005,0.0
617006,0.0
617007,0.0
617008,0.0
617009,0.0
617010,0.0
617011,0.0
617012,0.0
617013,0.0
617014,0.0
617015,0.0
617016,0.0
617017,0.0
617018,0.0
617019,0.0
617020,0.0
617021,0.0
617022,0.0
617023,0.0
617024,0.0
617025,0.0
617026,0.0
617027,0.0
617028,0.0
617029,0.0
617030,0.0
617031,0.0
617032,0.0
617033,0.0
617034,0.0
617035,0.0
617036,0.0
617037,0.0
617038,0.0
617039,0.0
617040,0.0
617041,0.0
617042,0.0
617043,0.0
617044,0.0
617045,0.0
617046,0.0
617047,0.0
617048,0.0
617049,0.0
617050,0.0
617051,0.0
617052,0.0
617053,0.0
617054,0.0
617055,0.0
617056,0.0
617057,0.0
617058,0.0
617059,0.0
617060,0.0
617061,0.0
617062,0.0
617063,0.0
617064,0.0
617065,0.0
617066,0.0
617067,0.0
617068,0.0
617069,0.0
617070,0.0
617071,0.0
617072,0.0
617073,0.0
617074,0.0
617075,0.0
617076,5.63655e-20
617077,0.0
617078,0.0
617079,0.0
617080,0.0
617081,0.0
617082,0.0
617083,0.0
617084,0.0
617085,0.0
617086,0.0
617087,0.0
617088,0.0
617089,0.0
617090,0.0
617091,0.0
617092,0.0
617093,0.0
617094,0.0
617095,0.0
617096,0.0
617097,0.0
617098,0.0
617099,0.0
617100,0.0
617101,0.0
617102,0.0
617103,0.0
617104,0.0
617105,0.0
617106,0.0
617107,0.0
617108,0.0
617109,0.0
617110,0.0
617111,0.0
617112,0.0
617113,0.0
617114,0.0
617115,0.0
617116,0.0
617117,0.0
617118,0.0
617119,0.0
617120,0.0
617121,0.0
617122,0.0
617123,0.0
617124,0.0
617125,1.9922177e-35
617126,0.0
617127,0.0
617128,0.0
617129,0.0
617130,0.0
617131,0.0
617132,0.0
617133,0.0
617134,0.0
617135,0.0
617136,0.0
617137,0.0
617138,0.0
617139,0.0
617140,0.0
617141,0.0
617142,0.0
617143,0.0
617144,0.0
617145,0.0
617146,0.0
617147,0.0
617148,3.7243432e-25
617149,0.0
617150,0.0
617151,0.0
617152,0.0
617153,0.0
617154,0.0
617155,0.0
617156,0.0
617157,0.0
617158,0.0
617159,0.0
617160,0.0
617161,0.0
617162,0.0
617163,0.0
617164,0.0
617165,0.0
617166,0.0
617167,0.0
617168,0.0
617169,0.0
617170,0.0
617171,0.0
617172,0.0
617173,0.0
617174,0.0
617175,0.0
617176,0.0
617177,0.0
617178,0.0
617179,0.0
617180,0.0
617181,0.0
617182,0.0
617183,0.0
617184,7.7689835e-17
617185,0.0
617186,0.0
617187,0.0
617188,0.0
617189,0.0
617190,0.0
617191,0.0
617192,0.0
617193,0.0
617194,0.0
617195,0.0
617196,0.0
617197,0.0
617198,0.0
617199,0.0
617200,0.0
617201,0.0
617202,0.0
617203,0.0
617204,0.0
617205,0.0
617206,0.0
617207,0.0
617208,0.0
617209,0.0
617210,0.0
617211,0.0
617212,0.0
617213,0.0
617214,0.0
617215,0.0
617216,0.0
617217,0.0
617218,0.0
617219,0.0
617220,0.0
617221,0.0
617222,0.0
617223,0.0
617224,0.0
617225,0.0
617226,0.0
617227,0.0
617228,0.0
617229,0.0
617230,0.0
617231,0.0
617232,0.0
617233,0.0
617234,0.0
617235,0.0
617236,0.0
617237,0.0
617238,0.0
617239,0.0
617240,1.2175136e-13
617241,0.0
617242,0.0
617243,0.0
617244,0.0
617245,0.0
617246,0.0
617247,0.0
617248,0.0
617249,0.0
617250,0.0
617251,0.0
617252,0.0
617253,0.0
617254,0.0
617255,0.0
617256,0.0
617257,0.0
617258,0.0
617259,0.0
617260,0.0
617261,0.0
617262,0.0
617263,0.0
617264,0.0
617265,0.0
617266,0.0
617267,0.0
617268,0.0
617269,0.0
617270,0.0
617271,0.0
617272,0.0
617273,0.0
617274,0.0
617275,0.0
617276,0.0
617277,0.0
617278,0.0
617279,0.0
617280,0.0
617281,0.0
617282,0.0
617283,0.0
617284,0.0
617285,0.0
617286,0.0
617287,0.0
617288,0.0
617289,0.0
617290,0.0
617291,0.0
617292,0.0
617293,0.0
617294,0.0
617295,0.0
617296,0.0
617297,0.0
617298,0.0
617299,0.0
617300,0.0
617301,0.0
617302,0.0
617303,0.0
617304,2.0044859e-06
617305,0.0
617306,0.0
617307,3.5589286e-36
617308,0.0
617309,0.0
617310,0.0
617311,0.0
617312,0.0
617313,0.0
617314,0.0
617315,0.0
617316,0.0
617317,0.0
617318,0.0
617319,0.0
617320,0.0
617321,0.0
617322,0.0
617323,0.0
617324,0.0
617325,0.0
617326,0.0
617327,0.0
617328,0.0
617329,0.0
617330,0.0
617331,0.0
617332,0.0
617333,0.0
617334,0.0
617335,0.0
617336,0.0
617337,0.0
617338,0.0
617339,0.0
617340,0.0
617341,0.0
617342,0.0
617343,0.0
617344,0.0
617345,0.0
617346,0.0
617347,0.0
617348,0.0
617349,0.0
617350,0.0
617351,0.0
617352,0.0
617353,0.0
617354,0.0
617355,0.0
617356,0.0
617357,0.0
617358,0.0
617359,0.0
617360,0.0
617361,0.0
617362,0.0
617363,0.0
617364,0.0
617365,1.8463375e-32
617366,0.0
617367,0.0
617368,0.0
617369,0.0
617370,0.0
617371,0.0
617372,0.0
617373,0.0
617374,0.0
617375,0.0
617376,0.0
617377,0.0
617378,0.0
617379,0.0
617380,0.0
617381,0.0
617382,0.0
617383,0.0
617384,0.0
617385,0.0
617386,0.0
617387,0.0
617388,0.0
617389,0.0
617390,0.0
617391,0.0
617392,0.0
617393,0.0
617394,0.0
617395,0.0
617396,0.0
617397,0.0
617398,0.0
617399,0.0
617400,0.0
617401,0.0
617402,0.0
617403,0.0
617404,0.0
617405,0.0
617406,0.0
617407,0.0
617408,0.0
617409,0.0
617410,0.0
617411,0.0
617412,0.0
617413,0.0
617414,0.0
617415,0.0
617416,0.0
617417,0.0
617418,0.0
617419,0.0
617420,0.0
617421,0.0
617422,0.0
617423,0.0
617424,0.0
617425,0.0
617426,0.0
617427,0.0
617428,0.0
617429,0.0
617430,0.0
617431,0.0
617432,0.0
617433,0.0
617434,0.0
617435,0.0
617436,0.0
617437,0.0
617438,0.0
617439,0.0
617440,0.0
617441,0.0
617442,0.0
617443,0.0
617444,0.0
617445,0.0
617446,0.0
617447,0.0
617448,0.0
617449,0.0
617450,0.0
617451,0.0
617452,0.0
617453,0.0
617454,0.0
617455,0.0
617456,0.0
617457,0.0
617458,0.0
617459,0.0
617460,0.0
617461,0.0
617462,0.0
617463,0.0
617464,0.0
617465,0.0
617466,0.0
617467,0.0
617468,0.0
617469,1.5959973e-15
617470,0.0
617471,0.0
617472,0.0
617473,0.0
617474,0.0
617475,0.0
617476,0.0
617477,0.0
617478,0.0
617479,0.0
617480,0.0
617481,0.0
617482,0.0
617483,0.0
617484,0.0
617485,0.0
617486,0.0
617487,0.0
617488,0.0
617489,0.0
617490,0.0
617491,0.0
617492,0.0
617493,0.0
617494,0.0
617495,0.0
617496,0.0
617497,0.0
617498,0.0
617499,0.0
617500,0.0
617501,0.0
617502,0.0
617503,0.0
617504,0.0
617505,0.0
617506,0.0
617507,0.0
617508,0.0
617509,0.0
617510,0.0
617511,0.0
617512,0.0
617513,0.0
617514,0.0
617515,0.0
617516,0.0
617517,0.0
617518,0.0
617519,0.0
617520,0.0
617521,0.0
617522,0.0
617523,0.0
617524,0.0
617525,0.0
617526,0.0
617527,0.0
617528,0.0
617529,0.0
617530,0.0
617531,0.0
617532,0.0
617533,0.0
617534,0.0
617535,0.0
617536,0.0
617537,0.0
617538,0.0
617539,0.0
617540,0.0
617541,0.069323756
617542,0.0
617543,0.0
617544,0.0
617545,0.0
617546,0.0
617547,0.0
617548,0.0
617549,0.0
617550,0.0
617551,0.0
617552,0.0
617553,3.328334e-24
617554,0.0
617555,0.0
617556,2.6415035e-29
617557,0.0
617558,0.0
617559,0.0
617560,0.0
617561,0.0
617562,0.0
617563,0.0
617564,0.0
617565,0.0
617566,0.0
617567,0.0
617568,0.0
617569,0.0
617570,0.0
617571,0.0
617572,0.0
617573,0.0
617574,0.0
617575,0.0
617576,0.0
617577,0.0
617578,0.0
617579,0.0
617580,0.0
617581,0.0
617582,0.0
617583,0.0
617584,0.0
617585,0.0
617586,0.0
617587,0.0
617588,0.0
617589,0.0
617590,0.0
617591,0.0
617592,0.0
617593,0.0
617594,0.0
617595,0.0
617596,0.0
617597,0.0
617598,0.0
617599,0.0
617600,0.0
617601,0.0
617602,0.0
617603,0.0
617604,0.0
617605,0.0
617606,0.0
617607,0.0
617608,0.0
617609,0.0
617610,0.0
617611,0.0
617612,0.0
617613,0.0
617614,0.0
617615,0.0
617616,0.0
617617,0.0
617618,0.0
617619,0.0
617620,0.0
617621,0.0
617622,0.0
617623,0.0
617624,6.171576e-37
617625,0.0
617626,0.0
617627,0.0
617628,0.0
617629,0.0
617630,0.0
617631,0.0
617632,0.0
617633,0.0
617634,0.0
617635,0.0
617636,0.0
617637,0.0
617638,0.0
617639,0.0
617640,0.0
617641,0.0
617642,0.0
617643,0.0
617644,0.0
617645,0.0
617646,0.0
617647,0.0
617648,0.0
617649,0.0
617650,0.0
617651,0.0
617652,0.0
617653,0.0
617654,0.0
617655,0.0
617656,0.0
617657,0.0
617658,0.0
617659,0.0
617660,0.0
617661,0.0
617662,0.0
617663,0.0
617664,0.0
617665,0.0
617666,0.0
617667,0.0
617668,0.0
617669,0.0
617670,0.0
617671,0.0
617672,0.0
617673,0.0
617674,0.0
617675,0.0
617676,0.0
617677,0.0
617678,0.0
617679,0.0
617680,0.0
617681,0.0
617682,0.0
617683,0.0
617684,0.0
617685,0.0
617686,0.0
617687,0.0
617688,0.0
617689,0.0
617690,0.0
617691,0.0
617692,0.0
617693,0.0
617694,0.0
617695,0.0
617696,0.0
617697,0.0
617698,0.0
617699,0.0
617700,0.0
617701,0.0
617702,0.0
617703,0.0
617704,0.0
617705,0.0
617706,0.0
617707,0.0
617708,0.0
617709,0.0
617710,0.0
617711,0.0
617712,0.0
617713,0.0
617714,0.0
617715,0.0
617716,0.0
617717,0.0
617718,0.0
617719,0.0
617720,0.0
617721,0.0
617722,0.0
617723,0.0
617724,0.0
617725,0.0
617726,0.0
617727,0.0
617728,0.0
617729,0.0
617730,0.12958282
617731,0.0
617732,0.0
617733,0.0
617734,0.0
617735,0.0
617736,0.0
617737,0.0
617738,0.0
617739,0.0
617740,0.0
617741,4.20584e-11
617742,0.0
617743,0.0
617744,0.0
617745,0.0
617746,0.0
617747,0.0
617748,0.0
617749,0.0
617750,0.0
617751,0.0
617752,0.0
617753,0.0
617754,0.0
617755,0.0
617756,0.0
617757,0.0
617758,0.0
617759,0.1625023
617760,0.0
617761,0.0
617762,0.0
617763,0.0
617764,0.0
617765,0.0
617766,0.0
617767,0.0
617768,0.0
617769,0.0
617770,0.0
617771,0.0
617772,0.0
617773,0.0
617774,0.0
617775,0.0
617776,0.0
617777,0.0
617778,0.0
617779,4.0248947e-36
617780,0.0
617781,0.0
617782,0.0
617783,0.0
617784,0.0
617785,0.0
617786,0.0
617787,0.0
617788,0.0
617789,0.0
617790,0.0
617791,0.0
617792,0.0
617793,0.0
617794,0.0
617795,0.0
617796,0.0
617797,0.0
617798,0.0
617799,0.0
617800,0.0
617801,0.0
617802,0.0
617803,0.0
617804,0.0
617805,0.0
617806,0.0
617807,0.0
617808,0.0
617809,0.0
617810,0.0
617811,0.0
617812,0.0
617813,0.0
617814,0.0
617815,0.0
617816,0.0
617817,0.0
617818,0.0
617819,0.0
617820,0.0
617821,0.0
617822,0.0
617823,0.0
617824,0.0
617825,0.0
617826,0.0
617827,0.0
617828,0.0
617829,0.0
617830,0.0
617831,0.0
617832,0.0
617833,0.0
617834,0.0
617835,0.0
617836,0.0
617837,0.0
617838,0.0
617839,0.0
617840,0.0
617841,0.0
617842,0.0
617843,0.0
617844,0.0
617845,0.0
617846,0.0
617847,0.011998795
617848,0.0
617849,0.0
617850,0.0
617851,0.0
617852,0.0
617853,0.0
617854,0.0
617855,0.0
617856,0.0
617857,0.0
617858,0.0
617859,0.0
617860,0.0
617861,0.0
617862,0.0
617863,0.0
617864,0.0
617865,0.0
617866,0.0
617867,0.0
617868,0.0
617869,0.0
617870,0.0
617871,0.0
617872,0.0
617873,0.0
617874,0.0
617875,0.0
617876,0.0
617877,0.0
617878,0.0
617879,0.0
617880,0.0
617881,0.0
617882,0.0
617883,0.0
617884,0.0
617885,0.0
617886,0.0
617887,0.0
617888,0.0
617889,0.0
617890,0.0
617891,0.0
617892,0.0
617893,0.0
617894,0.0
617895,0.0
617896,0.0
617897,0.0
617898,0.0
617899,0.0
617900,0.0
617901,0.0
617902,0.0
617903,0.0
617904,0.0
617905,0.0
617906,0.0
617907,0.0
617908,0.0
617909,0.0
617910,0.0
617911,0.0
617912,0.0
617913,0.0
617914,0.0
617915,0.0
617916,0.0
617917,0.0
617918,0.0
617919,0.0
617920,0.0
617921,0.0
617922,0.0
617923,0.0
617924,0.0
617925,5.3323444e-28
617926,0.0
617927,0.0
617928,0.0
617929,0.0
617930,0.0
617931,0.0
617932,0.0
617933,0.0
617934,0.0
617935,0.0
617936,0.0
617937,0.0
617938,0.0
617939,0.0
617940,0.0
617941,0.0
617942,0.0
617943,0.0
617944,0.0
617945,0.0
617946,0.0
617947,0.0
617948,0.0
617949,0.0
617950,0.0
617951,0.0
617952,0.0
617953,0.0
617954,0.0
617955,0.0
617956,0.0
617957,0.0
617958,0.0
617959,0.0
617960,0.0
617961,0.0
617962,0.0
617963,0.0
617964,0.0
617965,0.0
617966,0.0
617967,0.0
617968,0.0
617969,0.0
617970,0.0
617971,0.0
617972,0.0
617973,0.0
617974,0.0
617975,0.0
617976,0.0
617977,0.0
617978,0.0
617979,0.0
617980,0.0
617981,0.0
617982,0.0
617983,0.0
617984,0.0
617985,0.0
617986,0.0
617987,0.0
617988,0.0
617989,0.0
617990,0.0
617991,0.0
617992,0.0
617993,0.0
617994,0.0
617995,0.0
617996,0.0
617997,0.0
617998,0.0
617999,0.0
618000,0.0
618001,0.0
618002,0.0
618003,0.0
618004,0.0
618005,0.0
618006,0.0
618007,0.0
618008,0.0
618009,0.0
618010,0.0
618011,0.0
618012,0.0
618013,0.0
618014,0.0
618015,0.0
618016,0.0
618017,0.0
618018,0.0
618019,0.0
618020,0.0
618021,0.0
618022,0.0
618023,0.0
618024,2.3734565e-34
618025,0.0
618026,0.0
618027,6.6951856e-14
618028,0.0
618029,0.0
618030,0.0
618031,0.0
618032,0.0
618033,0.0
618034,0.0
618035,0.0
618036,0.0
618037,1.091894e-37
618038,0.0
618039,0.0
618040,0.0
618041,0.0
618042,0.0
618043,0.0
618044,0.0
618045,0.0
618046,0.0
618047,0.0
618048,0.0
618049,0.0
618050,0.0
618051,0.0
618052,0.0
618053,0.0
618054,0.0
618055,0.0
618056,0.0
618057,0.0
618058,0.0
618059,0.0
618060,0.0
618061,5.391105e-36
618062,0.0
618063,0.0
618064,0.0
618065,0.0
618066,0.0
618067,0.0
618068,0.0
618069,0.0
618070,0.0
618071,0.0
618072,0.0
618073,0.0
618074,0.0
618075,0.0
618076,0.0
618077,0.0
618078,0.0
618079,0.0
618080,0.0
618081,0.0
618082,0.0
618083,0.0
618084,0.0
618085,0.0
618086,0.0
618087,0.0
618088,0.0
618089,0.0
618090,0.0
618091,0.0
618092,0.0
618093,0.0
618094,0.0
618095,0.0
618096,0.0
618097,0.0
618098,0.0
618099,0.0
618100,0.0
618101,0.0
618102,0.0
618103,0.0
618104,0.0
618105,0.0
618106,0.0
618107,0.0
618108,0.0
618109,0.0
618110,0.0
618111,0.0
618112,0.0
618113,0.0
618114,0.0
618115,0.0
618116,0.0
618117,0.0
618118,0.0
618119,0.0
618120,0.0
618121,0.0
618122,0.0
618123,0.0
618124,0.0
618125,0.0
618126,0.0
618127,0.0
618128,0.0
618129,0.0
618130,0.0
618131,0.0
618132,0.0
618133,0.0
618134,0.0
618135,0.0
618136,0.0
618137,0.0
618138,0.0
618139,0.0
618140,0.0
618141,0.0
618142,0.0
618143,0.0
618144,0.0
618145,0.0
618146,0.0
618147,0.0
618148,0.0
618149,0.0
618150,0.0
618151,0.0
618152,0.0
618153,0.0
618154,0.0
618155,0.0
618156,0.0
618157,0.0
618158,0.0
618159,0.0
618160,0.0
618161,0.0
618162,0.0
618163,0.0
618164,0.0
618165,0.0
618166,0.0
618167,0.0
618168,0.0
618169,0.0
618170,0.0
618171,0.0
618172,0.0
618173,0.0
618174,0.0
618175,0.0
618176,0.0
618177,0.0
618178,0.0
618179,0.0
618180,0.0
618181,0.0
618182,0.0
618183,0.0
618184,0.0
618185,0.0
618186,0.0
618187,0.0
618188,0.0
618189,0.0
618190,0.0
618191,0.0
618192,0.0
618193,0.0
618194,0.0
618195,0.0
618196,0.0
618197,0.0
618198,0.0
618199,0.0
618200,0.0
618201,0.0
618202,1.60989e-30
618203,0.0
618204,0.0
618205,0.0
618206,0.0
618207,0.0
618208,0.0
618209,0.0
618210,0.0
618211,0.0
618212,0.0
618213,0.0
618214,0.0
618215,0.0
618216,0.0
618217,0.0
618218,0.0
618219,0.0
618220,0.0
618221,0.0
618222,0.0
618223,0.0
618224,0.0
618225,0.0
618226,0.0
618227,0.0
618228,0.0
618229,0.0
618230,0.0
618231,0.0
618232,7.0348335e-08
618233,0.0
618234,0.0
618235,0.0
618236,0.0
618237,0.0
618238,0.0
618239,0.0
618240,0.0
618241,0.0
618242,0.0
618243,0.0
618244,0.0
618245,0.0
618246,0.0
618247,0.0
618248,0.0
618249,0.0
618250,0.0
618251,0.0
618252,0.0
618253,0.0
618254,0.0
618255,0.0
618256,0.0
618257,0.0
618258,0.0
618259,0.0
618260,0.0
618261,0.0
618262,0.0
618263,0.0
618264,0.0
618265,0.0
618266,0.0
618267,0.0
618268,0.0
618269,0.0
618270,0.0
618271,0.0
618272,0.0
618273,0.0
618274,0.0
618275,0.0
618276,0.0
618277,0.0
618278,0.0
618279,0.0
618280,0.0
618281,0.0
618282,0.0
618283,0.0
618284,0.0
618285,0.0
618286,0.0
618287,0.0
618288,0.0
618289,0.0
618290,0.0
618291,0.0
618292,0.0
618293,0.0
618294,0.0
618295,0.0
618296,0.0
618297,0.0
618298,0.0
618299,0.0
618300,0.0
618301,0.0
618302,0.0
618303,0.0
618304,0.0
618305,0.0
618306,0.0
618307,0.0
618308,0.0
618309,0.0
618310,0.0
618311,0.0
618312,0.0
618313,0.0
618314,0.0
618315,0.0
618316,0.0
618317,0.0
618318,0.0
618319,0.0
618320,0.0
618321,0.0
618322,4.9255986e-27
618323,0.0
618324,0.0
618325,0.0
618326,0.0
618327,0.0
618328,0.0
618329,0.0
618330,0.0
618331,0.0
618332,0.0
618333,0.0
618334,0.0
618335,0.0
618336,0.0
618337,0.0
618338,0.0
618339,0.0
618340,0.0
618341,0.0
618342,2.4855442e-23
618343,0.0
618344,0.0
618345,0.0
618346,0.0
618347,0.0
618348,0.0
618349,0.0
618350,0.0
618351,1.80154e-38
618352,0.0
618353,0.0
618354,0.0
618355,0.0
618356,0.0
618357,0.0
618358,0.0
618359,0.0
618360,0.0
618361,0.0
618362,0.0
618363,0.0
618364,0.0
618365,0.0
618366,0.0
618367,0.0
618368,0.0
618369,0.0
618370,0.0
618371,0.0
618372,0.0
618373,0.0
618374,0.0
618375,0.0
618376,0.0
618377,0.0
618378,0.0
618379,0.0
618380,0.0
618381,0.0
618382,0.0
618383,0.0
618384,0.0
618385,0.0
618386,0.0
618387,0.0
618388,0.0
618389,0.0
618390,0.0
618391,0.0
618392,0.0
618393,0.0
618394,0.0
618395,0.0
618396,0.0
618397,0.0
618398,0.0
618399,0.0
618400,0.0
618401,0.0
618402,0.0
618403,0.0
618404,0.0
618405,0.0
618406,0.0
618407,0.0
618408,0.0
618409,0.0
618410,0.0
618411,0.0
618412,0.0
618413,0.0
618414,0.0
618415,0.0
618416,0.0
618417,0.0
618418,0.0
618419,0.0
618420,0.0
618421,0.0
618422,0.0
618423,0.0
618424,0.0
618425,0.0
618426,0.0
618427,0.0
618428,0.0
618429,0.0
618430,0.0
618431,0.0
618432,0.0
618433,0.0
618434,0.0
618435,0.0
618436,0.0
618437,0.0
618438,0.0
618439,0.0
618440,0.0
618441,0.0
618442,0.0
618443,0.0
618444,0.0
618445,0.0
618446,0.0
618447,0.0
618448,0.0
618449,0.0
618450,0.0
618451,0.0
618452,0.0
618453,0.0
618454,0.0
618455,0.0
618456,0.0
618457,0.0
618458,0.0
618459,0.0
618460,0.0
618461,0.0
618462,0.0
618463,0.0
618464,0.0
618465,0.0
618466,0.0
618467,0.0
618468,0.0
618469,0.0
618470,0.0
618471,0.0
618472,0.0
618473,0.0
618474,0.0
618475,0.0
618476,0.0
618477,0.0
618478,0.0
618479,0.0
618480,0.0
618481,0.0
618482,0.0
618483,0.0
618484,0.0
618485,0.0
618486,0.0
618487,0.0
618488,0.0
618489,6.919924e-33
618490,0.0
618491,0.0
618492,0.0
618493,0.0
618494,0.0
618495,0.0
618496,0.0
618497,0.0
618498,0.0
618499,0.0
618500,0.0
618501,0.0
618502,0.0
618503,0.0
618504,0.0
618505,0.0
618506,0.0
618507,0.0
618508,0.0
618509,0.0
618510,0.0
618511,0.0
618512,0.0
618513,0.0
618514,0.0
618515,0.0
618516,0.0
618517,0.0
618518,0.0
618519,0.0
618520,0.0
618521,0.0
618522,0.0
618523,0.0
618524,0.0
618525,0.0
618526,0.0
618527,0.0
618528,0.0
618529,0.0
618530,0.0
618531,0.0
618532,0.0
618533,0.0
618534,0.0
618535,0.0
618536,0.0
618537,0.0
618538,0.0
618539,0.0
618540,0.0
618541,0.0
618542,0.0
618543,0.0
618544,0.0
618545,0.0
618546,0.0
618547,0.0
618548,0.0
618549,0.0
618550,0.0
618551,0.0
618552,0.0
618553,0.0
618554,0.0
618555,0.0
618556,0.0
618557,0.0
618558,0.0
618559,0.0
618560,0.0
618561,0.0
618562,0.0
618563,0.0
618564,0.0
618565,0.0
618566,0.0
618567,0.0
618568,0.0
618569,0.0
618570,0.0
618571,0.0
618572,0.0
618573,0.0
618574,0.0
618575,0.0
618576,0.0
618577,0.0
618578,0.0
618579,0.0
618580,0.0
618581,0.0
618582,0.0
618583,0.0
618584,0.0
618585,0.0
618586,0.0
618587,0.0
618588,0.0
618589,0.0
618590,0.0
618591,0.0
618592,0.0
618593,0.0
618594,0.0
618595,0.0
618596,0.0
618597,0.0
618598,0.0
618599,0.0
618600,7.695682e-14
618601,0.0
618602,0.0
618603,1.15075855e-33
618604,0.0
618605,0.0
618606,0.0
618607,0.0
618608,0.0
618609,0.0
618610,0.0
618611,0.0
618612,0.0
618613,0.0
618614,0.0
618615,0.0
618616,0.0
618617,0.0
618618,0.0
618619,0.0
618620,0.0
618621,0.0
618622,0.0
618623,0.0
618624,0.0
618625,0.0
618626,0.0
618627,0.0
618628,0.0
618629,0.0
618630,0.0
618631,0.0
618632,0.0
618633,0.0
618634,0.0
618635,0.0
618636,0.0
618637,0.0
618638,0.0395166
618639,0.0
618640,0.0
618641,0.0
618642,0.0
618643,0.0
618644,0.0
618645,0.0
618646,0.0
618647,0.0
618648,0.0
618649,0.0
618650,0.0
618651,0.0
618652,0.0
618653,0.0
618654,0.0
618655,0.0
618656,0.0
618657,0.0
618658,0.0
618659,0.0
618660,0.0
618661,0.0
618662,0.0
618663,0.0
618664,0.0
618665,0.0
618666,0.0
618667,0.0
618668,0.0
618669,0.0
618670,0.0
618671,0.0
618672,0.0
618673,0.0
618674,0.0
618675,0.0
618676,0.0
618677,0.0
618678,0.0
618679,0.0
618680,0.0
618681,0.0
618682,0.0
618683,0.0
618684,0.0
618685,0.0
618686,0.0
618687,0.0
618688,0.0
618689,0.0
618690,0.0
618691,0.0
618692,0.0
618693,0.0
618694,0.0
618695,0.0
618696,0.0
618697,0.0
618698,0.0
618699,0.0
618700,0.0
618701,0.0
618702,0.0
618703,0.0
618704,0.0
618705,0.0
618706,0.0
618707,0.0
618708,0.0
618709,0.0
618710,0.0
618711,0.0
618712,0.0
618713,0.0
618714,0.0
618715,0.0
618716,0.0
618717,0.0
618718,0.0
618719,0.0
618720,0.0
618721,0.0
618722,0.0
618723,0.0
618724,0.0
618725,0.0
618726,0.0
618727,0.0
618728,0.0
618729,0.0
618730,0.0
618731,0.0
618732,0.0
618733,0.0
618734,0.0
618735,0.0
618736,0.0
618737,0.0
618738,0.0
618739,0.0
618740,0.0
618741,0.0
618742,0.0
618743,0.0
618744,0.0
618745,0.0
618746,0.0
618747,0.0
618748,0.0
618749,0.0
618750,0.0
618751,0.0
618752,0.0
618753,0.0
618754,0.0
618755,0.0
618756,0.0
618757,0.0
618758,0.0
618759,0.0
618760,6.140326e-20
618761,0.0
618762,0.0
618763,0.0
618764,0.0
618765,0.0
618766,0.0
618767,0.0
618768,0.0
618769,0.0
618770,0.0
618771,0.0
618772,0.0
618773,0.0
618774,0.0
618775,0.0
618776,0.0
618777,0.0
618778,0.0
618779,0.0
618780,0.0
618781,0.0
618782,0.0
618783,0.0
618784,0.0
618785,0.0
618786,0.0
618787,0.0
618788,0.0
618789,0.0
618790,0.0
618791,0.0
618792,0.0
618793,0.0
618794,0.0
618795,0.0
618796,0.0
618797,0.0
618798,0.0
618799,0.0
618800,0.0
618801,0.0
618802,0.0
618803,0.0
618804,0.0
618805,0.0
618806,0.0
618807,0.0
618808,0.0
618809,0.0
618810,0.0
618811,0.0
618812,0.0
618813,0.0
618814,0.0
618815,0.0
618816,0.0
618817,0.0
618818,0.0
618819,0.0
618820,0.0
618821,0.0
618822,0.0
618823,0.0
618824,0.0
618825,0.0
618826,0.0
618827,0.0
618828,0.0
618829,0.0
618830,0.0
618831,0.0
618832,0.0
618833,0.0
618834,0.0
618835,0.0
618836,0.0
618837,0.0
618838,0.0
618839,0.0
618840,0.0
618841,0.0
618842,0.0
618843,0.0
618844,0.0
618845,0.0
618846,0.0
618847,0.0
618848,0.0
618849,0.0
618850,0.0
618851,0.0
618852,0.0
618853,0.0
618854,0.0
618855,0.0
618856,0.0
618857,0.0
618858,0.0
618859,0.0
618860,0.0
618861,0.0
618862,0.0
618863,0.0
618864,0.0
618865,0.0
618866,0.0
618867,0.0
618868,0.0
618869,0.0
618870,0.0
618871,0.0
618872,0.0
618873,0.0
618874,0.0
618875,0.0
618876,0.0
618877,0.0
618878,0.0
618879,0.0
618880,2.9543553e-34
618881,0.0
618882,0.0
618883,0.0
618884,0.0
618885,0.0
618886,0.0
618887,0.0
618888,0.0
618889,0.0
618890,0.0
618891,0.0
618892,0.0
618893,0.0
618894,0.0
618895,0.0
618896,0.0
618897,0.0
618898,0.0
618899,0.0
618900,0.0
618901,0.0
618902,0.0
618903,0.0
618904,0.0
618905,0.0
618906,0.0
618907,0.0
618908,0.0
618909,0.0
618910,0.0
618911,0.0
618912,0.0
618913,0.0
618914,0.0
618915,0.0
618916,0.0
618917,0.0
618918,0.0
618919,0.0
618920,0.0
618921,0.0
618922,0.0
618923,0.0
618924,0.0
618925,0.0
618926,0.0
618927,0.0
618928,0.0
618929,0.0
618930,0.0
618931,0.0
618932,0.0
618933,0.0
618934,0.0
618935,0.0
618936,0.0
618937,0.0
618938,0.0
618939,0.0
618940,0.0
618941,0.0
618942,0.0
618943,0.0
618944,0.0
618945,0.0
618946,0.0
618947,0.0
618948,0.0
618949,0.0
618950,0.0
618951,0.0
618952,0.0
618953,0.0
618954,0.0
618955,0.0
618956,0.0
618957,0.0
618958,0.0
618959,2.7002345e-13
618960,0.0
618961,0.0
618962,0.0
618963,0.0
618964,0.0
618965,0.0
618966,0.0
618967,0.0
618968,0.0
618969,0.0
618970,0.0
618971,0.0
618972,0.0
618973,0.0
618974,0.0
618975,0.0
618976,0.0
618977,0.0
618978,0.0
618979,0.0
618980,0.0
618981,0.0
618982,0.0
618983,0.0
618984,0.0
618985,0.0
618986,0.0
618987,0.0
618988,0.0
618989,0.0
618990,0.0
618991,0.0
618992,0.0
618993,0.0
618994,0.0
618995,0.0
618996,0.0
618997,0.0
618998,0.10332001
618999,0.0
619000,0.0
619001,0.0
619002,0.0
619003,0.0
619004,0.0
619005,0.0
619006,0.0
619007,0.0
619008,0.0
619009,0.0
619010,0.0
619011,0.0
619012,0.0
619013,0.0
619014,0.0
619015,0.0
619016,0.0
619017,0.0
619018,0.0
619019,0.0
619020,0.0
619021,0.0
619022,0.0
619023,0.0
619024,0.0
619025,0.0
619026,0.0
619027,0.0
619028,0.0
619029,0.0
619030,0.0
619031,0.0
619032,0.0
619033,0.0
619034,0.0
619035,0.0
619036,0.0
619037,0.0
619038,0.0
619039,0.0
619040,0.0
619041,0.0
619042,0.0
619043,0.0
619044,0.0
619045,0.0
619046,0.0
619047,0.0
619048,0.0
619049,0.0
619050,0.0
619051,0.0
619052,0.0
619053,0.0
619054,0.0
619055,0.0
619056,0.0
619057,0.0
619058,0.0
619059,0.0
619060,0.0
619061,0.0
619062,0.0
619063,0.0
619064,0.0
619065,0.0
619066,0.0
619067,0.0
619068,0.0
619069,0.0
619070,0.0
619071,0.0
619072,0.0
619073,0.0
619074,0.0
619075,0.0
619076,0.005211313
619077,0.0
619078,0.0
619079,0.0
619080,0.0
619081,0.0
619082,0.0
619083,0.0
619084,0.0
619085,0.0
619086,0.0
619087,0.0
619088,0.0
619089,0.0
619090,0.0
619091,0.0
619092,0.0
619093,0.0
619094,0.0
619095,0.0
619096,0.0
619097,0.0
619098,0.0
619099,0.0
619100,0.0
619101,0.0
619102,0.0
619103,0.0
619104,0.0
619105,0.0
619106,0.0
619107,0.0
619108,0.0
619109,0.0
619110,0.0
619111,0.0
619112,0.0
619113,0.0
619114,0.0
619115,0.0
619116,0.0
619117,0.0
619118,0.0
619119,0.0
619120,0.0
619121,0.0
619122,0.0
619123,0.0
619124,0.0
619125,0.0
619126,0.0
619127,0.0
619128,0.0
619129,0.0
619130,0.0
619131,0.0
619132,0.0
619133,0.0
619134,0.0
619135,0.0
619136,0.0
619137,0.0
619138,0.0
619139,3.6118354e-26
619140,0.0
619141,0.0
619142,0.0
619143,0.0
619144,0.0
619145,0.0
619146,0.0
619147,0.0
619148,0.0
619149,0.0
619150,0.0
619151,0.0
619152,0.0
619153,0.0
619154,0.0
619155,0.0
619156,0.0
619157,0.0
619158,0.0
619159,0.0
619160,0.0
619161,0.0
619162,0.0
619163,0.0
619164,0.0
619165,0.0
619166,0.0
619167,0.0
619168,0.0
619169,0.0
619170,0.0
619171,0.0
619172,0.0
619173,0.0
619174,0.0
619175,0.0
619176,0.0
619177,0.0
619178,0.0
619179,0.0
619180,0.0
619181,0.0
619182,0.0
619183,0.0
619184,0.0
619185,0.0
619186,0.0
619187,0.0
619188,0.0
619189,0.0
619190,0.0
619191,0.0
619192,0.0
619193,0.0
619194,1.3933203e-19
619195,0.0
619196,0.0
619197,0.0
619198,0.0
619199,0.0
619200,0.0
619201,0.0
619202,0.0
619203,0.0
619204,0.0
619205,0.0
619206,0.0
619207,0.0
619208,0.0
619209,0.0
619210,0.0
619211,0.0
619212,0.0
619213,0.0
619214,0.0
619215,0.0
619216,0.0
619217,0.0
619218,0.0
619219,0.0
619220,0.0
619221,0.0
619222,0.0
619223,0.0
619224,0.0
619225,0.0
619226,0.0
619227,0.0
619228,0.0
619229,0.0
619230,0.0
619231,0.0
619232,0.0
619233,0.0
619234,0.0
619235,0.0
619236,0.0
619237,0.0
619238,0.0
619239,0.0
619240,0.0
619241,0.0
619242,0.0
619243,0.0
619244,0.0
619245,0.0
619246,0.0
619247,0.0
619248,0.0
619249,0.0
619250,0.0
619251,0.0
619252,0.0
619253,0.0
619254,0.0
619255,0.0
619256,0.0
619257,0.0
619258,0.0
619259,0.0
619260,0.0
619261,0.0
619262,0.0
619263,0.0
619264,0.0
619265,0.0
619266,0.0
619267,0.0
619268,0.0
619269,0.0
619270,0.0
619271,0.0
619272,0.0
619273,0.0
619274,2.501148e-19
619275,0.0
619276,0.0
619277,0.0
619278,0.0
619279,0.0
619280,0.0
619281,0.0
619282,0.0
619283,0.0
619284,0.0
619285,0.0
619286,0.0
619287,0.0
619288,0.0
619289,0.0
619290,0.0
619291,0.0
619292,0.0
619293,0.0
619294,0.0
619295,0.0
619296,0.0
619297,0.0
619298,0.0
619299,0.0
619300,0.0
619301,0.0
619302,0.0
619303,0.0
619304,0.0
619305,0.0
619306,0.0
619307,0.0
619308,0.0
619309,0.0
619310,0.0
619311,0.0
619312,0.0
619313,0.0
619314,0.0
619315,0.0
619316,0.0
619317,0.0
619318,4.291521e-39
619319,0.0
619320,0.0
619321,0.0
619322,0.0
619323,0.0
619324,0.0
619325,0.0
619326,0.0
619327,0.0
619328,0.0
619329,0.0
619330,0.0
619331,0.0
619332,0.0
619333,0.0
619334,0.0
619335,0.0
619336,0.0
619337,0.0
619338,0.0
619339,0.0
619340,0.0
619341,0.0
619342,0.0
619343,0.0
619344,0.0
619345,0.0
619346,0.0
619347,0.0
619348,0.0
619349,0.0
619350,0.0
619351,0.0
619352,0.0
619353,0.0
619354,0.0
619355,0.0
619356,0.0
619357,0.0
619358,0.0
619359,0.0
619360,0.0
619361,0.0
619362,0.0
619363,0.0
619364,0.0
619365,0.0
619366,0.0
619367,0.0
619368,0.0
619369,0.0
619370,0.0
619371,0.0
619372,0.0
619373,0.0
619374,0.0
619375,0.0
619376,0.0
619377,0.0
619378,0.0
619379,0.0
619380,0.0
619381,0.0
619382,0.0
619383,0.0
619384,0.0
619385,0.0
619386,0.0
619387,0.0
619388,0.0
619389,0.0
619390,0.0
619391,0.0
619392,0.0
619393,0.0
619394,0.0
619395,0.0
619396,0.0
619397,0.0
619398,0.0
619399,0.0
619400,0.0
619401,0.0
619402,0.0
619403,0.0
619404,0.0
619405,0.0
619406,0.0
619407,0.0
619408,0.0
619409,0.0
619410,0.0
619411,0.0
619412,0.0
619413,0.0
619414,0.0
619415,0.0
619416,0.0
619417,0.0
619418,0.0
619419,0.0
619420,0.0
619421,0.0
619422,0.0
619423,0.0
619424,0.0
619425,0.0
619426,0.0
619427,0.0
619428,0.0
619429,0.0
619430,0.0
619431,0.0
619432,0.0
619433,0.0
619434,0.0
619435,0.0
619436,0.0
619437,0.0
619438,0.0
619439,0.0
619440,0.0
619441,0.0
619442,0.0
619443,0.0
619444,0.0
619445,0.0
619446,0.0
619447,0.0
619448,0.0
619449,0.0
619450,0.0
619451,0.0
619452,0.0
619453,0.0
619454,0.0
619455,0.0
619456,0.0
619457,0.0
619458,0.0
619459,0.0
619460,0.0
619461,0.0
619462,0.0
619463,0.0
619464,0.0
619465,0.0
619466,0.0
619467,0.0
619468,0.0
619469,0.0
619470,0.0
619471,1.5564645e-38
619472,0.0
619473,0.0
619474,0.0
619475,0.0
619476,0.0
619477,0.0
619478,0.0
619479,0.0
619480,0.0
619481,0.0
619482,0.0
619483,0.0
619484,0.0
619485,0.0
619486,0.0
619487,0.0
619488,0.0
619489,0.0
619490,0.0
619491,0.0
619492,0.0
619493,0.0
619494,0.0
619495,0.0
619496,0.0
619497,0.0
619498,0.0
619499,0.0
619500,0.0
619501,0.0
619502,0.0
619503,0.0
619504,0.0
619505,0.0
619506,0.0
619507,0.0
619508,0.0
619509,0.0
619510,0.0
619511,0.0
619512,0.0
619513,0.0
619514,0.0
619515,0.0
619516,0.0
619517,0.0
619518,0.0
619519,0.0
619520,0.0
619521,0.0
619522,0.0
619523,0.0
619524,0.0
619525,0.0
619526,0.0
619527,0.0
619528,0.0
619529,0.0
619530,0.0
619531,0.0
619532,0.0
619533,0.0
619534,0.0
619535,0.0
619536,0.0
619537,0.0
619538,0.0
619539,0.0
619540,0.0
619541,0.0
619542,0.0
619543,0.0
619544,0.0
619545,0.0
619546,0.0
619547,0.0
619548,0.0
619549,0.0
619550,0.0
619551,0.0
619552,0.0
619553,0.0
619554,0.0
619555,0.0
619556,0.0
619557,0.0
619558,0.0
619559,0.0
619560,0.0
619561,0.0
619562,0.0
619563,0.0
619564,0.0
619565,0.0
619566,0.0
619567,0.0
619568,0.0
619569,0.0
619570,0.0
619571,0.0
619572,0.0
619573,0.0
619574,0.0
619575,0.0
619576,0.0
619577,0.0
619578,0.0
619579,0.0
619580,0.0
619581,0.0
619582,0.0
619583,0.0
619584,0.0
619585,0.0
619586,0.0
619587,0.0
619588,0.0
619589,0.0
619590,0.0
619591,0.0
619592,0.0
619593,0.0
619594,0.0
619595,0.0
619596,0.0
619597,0.0
619598,0.0
619599,0.0
619600,0.0
619601,0.0
619602,0.0
619603,0.0
619604,0.0
619605,0.0
619606,0.0
619607,0.0
619608,0.0
619609,0.0
619610,0.0
619611,0.0
619612,0.0
619613,0.0
619614,0.0
619615,0.0
619616,0.0
619617,0.0
619618,0.0
619619,0.0
619620,0.0
619621,0.0
619622,0.0
619623,0.0
619624,0.0
619625,0.0
619626,0.0
619627,0.0
619628,0.0
619629,0.0
619630,0.0
619631,0.0
619632,0.0
619633,0.0
619634,0.0
619635,0.0
619636,0.0
619637,0.0
619638,0.0
619639,0.0
619640,0.00068980874
619641,0.0
619642,0.0
619643,0.0
619644,0.0
619645,0.0
619646,0.0
619647,0.0
619648,0.0
619649,0.0
619650,0.0
619651,0.0
619652,0.0
619653,0.0
619654,0.0
619655,0.0
619656,0.0
619657,0.0
619658,0.0
619659,0.0
619660,0.0
619661,0.0
619662,0.0
619663,0.0
619664,0.0
619665,0.0
619666,0.0
619667,0.0
619668,0.0
619669,0.0
619670,0.0
619671,0.0
619672,0.0
619673,0.0
619674,0.0
619675,0.0
619676,0.0
619677,0.0
619678,0.0
619679,0.0
619680,0.0
619681,0.0
619682,0.0
619683,0.0
619684,0.0
619685,0.0
619686,0.0
619687,0.0
619688,0.0
619689,0.0
619690,0.0
619691,0.0
619692,0.0
619693,0.0
619694,0.0
619695,0.0
619696,0.0
619697,0.0
619698,0.0
619699,1.25203e-29
619700,0.0
619701,0.0
619702,0.0
619703,0.0
619704,0.0
619705,0.0
619706,0.0
619707,0.0
619708,0.0
619709,1.8231121e-28
619710,0.0
619711,0.0
619712,0.0
619713,0.0
619714,0.0
619715,0.0
619716,0.0
619717,0.0
619718,0.0
619719,0.0
619720,0.0
619721,0.0
619722,0.0
619723,0.0
619724,0.0
619725,0.0
619726,0.0
619727,0.0
619728,0.0
619729,0.0
619730,0.0
619731,0.0
619732,0.0
619733,0.0
619734,0.0
619735,0.0
619736,0.0
619737,0.0
619738,0.0
619739,0.0
619740,0.0
619741,0.0
619742,0.0
619743,0.0
619744,0.0
619745,0.0
619746,0.0
619747,0.0
619748,0.0
619749,0.0
619750,0.0
619751,0.0
619752,0.0
619753,0.0
619754,0.0
619755,0.0
619756,0.0
619757,0.0
619758,0.0
619759,0.0
619760,0.0
619761,0.0
619762,0.0
619763,0.0
619764,0.0
619765,0.0
619766,0.0
619767,0.0
619768,0.0
619769,0.0
619770,0.0
619771,0.0
619772,0.0
619773,0.0
619774,0.0
619775,0.0
619776,0.0
619777,0.0
619778,0.0
619779,0.0
619780,0.0
619781,0.0
619782,0.0
619783,0.0
619784,0.0
619785,0.0
619786,0.0
619787,0.0
619788,0.0
619789,0.0
619790,0.0
619791,0.0
619792,0.0
619793,0.0
619794,0.0022577904
619795,0.0
619796,0.0
619797,0.0
619798,0.0
619799,0.0
619800,2.1579654e-21
619801,0.0
619802,0.0
619803,0.0
619804,0.0
619805,0.0
619806,0.0
619807,0.0
619808,0.0
619809,0.0
619810,0.0
619811,0.0
619812,0.0
619813,0.0
619814,0.0
619815,0.0
619816,0.0
619817,0.0
619818,0.0
619819,0.0
619820,0.0
619821,0.0
619822,0.0
619823,0.0
619824,0.0
619825,0.0
619826,0.0
619827,0.0
619828,0.0
619829,0.0
619830,0.0
619831,0.0
619832,0.0
619833,0.0
619834,0.0
619835,0.0
619836,0.0
619837,0.0
619838,0.0
619839,0.0
619840,0.0
619841,0.0
619842,0.0
619843,0.0
619844,0.0
619845,0.0
619846,0.0
619847,0.0
619848,0.0
619849,0.0
619850,0.0
619851,0.0
619852,0.0
619853,0.0
619854,0.0
619855,0.0
619856,0.0
619857,0.0
619858,0.0
619859,0.0
619860,0.0
619861,0.0
619862,0.0
619863,0.0
619864,0.0
619865,0.0
619866,0.0
619867,0.0
619868,0.0
619869,0.0
619870,0.0
619871,0.0
619872,0.0
619873,0.0
619874,0.0
619875,0.0
619876,0.0
619877,0.0
619878,0.0
619879,0.0
619880,0.0
619881,0.0
619882,0.0
619883,0.0
619884,0.0
619885,0.0
619886,0.0
619887,0.0
619888,9.706885e-10
619889,0.0
619890,0.0
619891,0.0
619892,0.0
619893,0.0
619894,0.0
619895,0.0
619896,0.0
619897,0.0
619898,0.0
619899,0.0
619900,0.0
619901,0.0
619902,0.0
619903,0.0
619904,0.0
619905,0.0
619906,0.0
619907,0.0
619908,0.0
619909,0.0
619910,9.2309867e-35
619911,0.0
619912,0.0
619913,0.0
619914,0.0
619915,0.0
619916,0.0
619917,0.0
619918,0.0
619919,0.0
619920,0.0
619921,0.0
619922,0.0
619923,0.0
619924,0.0
619925,0.0
619926,0.0
619927,0.0
619928,0.0
619929,0.0
619930,0.0
619931,0.0
619932,0.0
619933,0.0
619934,0.0
619935,0.0
619936,0.0
619937,0.0
619938,0.0
619939,0.0
619940,0.0
619941,0.0
619942,0.0
619943,0.0
619944,0.0
619945,0.0
619946,0.0
619947,0.0
619948,0.0
619949,0.0
619950,0.0
619951,0.0
619952,0.0
619953,0.0
619954,0.0
619955,0.0
619956,0.0
619957,0.0
619958,0.0
619959,0.0
619960,0.0
619961,0.0
619962,0.0
619963,0.0
619964,0.0
619965,0.0
619966,0.0
619967,0.0
619968,0.0
619969,0.0
619970,0.0
619971,0.0
619972,0.0
619973,0.0
619974,0.0
619975,0.0
619976,0.0
619977,0.0
619978,0.0
619979,0.0
619980,0.0
619981,0.0
619982,0.0
619983,0.0
619984,0.0
619985,0.0
619986,0.0
619987,0.0
619988,0.0
619989,0.0
619990,0.0
619991,0.0
619992,0.0
619993,0.0
619994,0.0
619995,0.0
619996,0.0
619997,0.0
619998,0.0
619999,0.0
620000,0.0
620001,0.0
620002,0.0
620003,0.0
620004,0.0
620005,0.0
620006,0.0
620007,0.0
620008,0.0
620009,0.0
620010,0.0
620011,0.0
620012,0.0
620013,0.0
620014,0.0
620015,0.0
620016,0.0
620017,0.0
620018,0.0
620019,0.0
620020,0.0
620021,0.0
620022,0.0
620023,0.0
620024,0.0
620025,0.0
620026,0.0
620027,0.0
620028,0.0
620029,0.0
620030,0.0
620031,0.0
620032,0.0
620033,0.0
620034,0.0
620035,0.0
620036,0.0
620037,0.0
620038,0.0
620039,0.0
620040,0.0
620041,0.0
620042,0.0
620043,0.0
620044,0.0
620045,0.0
620046,0.0
620047,0.0
620048,0.0
620049,0.0
620050,0.0
620051,0.0
620052,0.0
620053,0.0
620054,0.0
620055,0.0
620056,0.0
620057,0.0
620058,0.0
620059,0.0
620060,0.0
620061,0.0
620062,0.0
620063,0.0
620064,0.0
620065,0.0
620066,0.0
620067,0.0
620068,0.0
620069,0.0
620070,0.0
620071,0.0
620072,0.0
620073,0.0
620074,0.0
620075,0.0
620076,0.0
620077,0.0
620078,0.0
620079,0.0
620080,0.0
620081,0.0
620082,0.0
620083,0.0
620084,0.0
620085,0.0
620086,0.0
620087,0.0
620088,0.0
620089,0.0
620090,0.0
620091,0.0
620092,0.0
620093,0.0
620094,0.0
620095,0.0
620096,0.0
620097,0.0
620098,0.0
620099,0.0
620100,0.0
620101,0.0
620102,0.0
620103,0.0
620104,0.0
620105,0.0
620106,0.0
620107,0.0
620108,0.0
620109,0.0
620110,0.0
620111,0.0
620112,0.0
620113,0.0
620114,0.0
620115,0.0
620116,0.0
620117,0.0
620118,0.0
620119,0.0
620120,0.0
620121,0.0
620122,0.0
620123,0.0
620124,0.0
620125,0.0
620126,0.0
620127,3.486082e-39
620128,0.0
620129,0.0
620130,0.0
620131,0.0
620132,0.0
620133,0.0
620134,0.0
620135,0.0
620136,0.0
620137,0.0
620138,0.0
620139,0.0
620140,0.0
620141,0.0
620142,0.0
620143,0.0
620144,0.0
620145,0.0
620146,0.0
620147,0.0
620148,0.0
620149,0.0
620150,0.0
620151,0.0
620152,0.0
620153,0.0
620154,0.0
620155,0.0
620156,0.0
620157,0.0
620158,0.0
620159,0.0
620160,0.0
620161,0.0
620162,0.0
620163,0.0
620164,0.0
620165,0.0
620166,0.0
620167,0.0
620168,0.0
620169,0.0
620170,0.0
620171,0.0
620172,0.0
620173,0.0
620174,0.0
620175,0.0
620176,0.0
620177,0.0
620178,0.0
620179,0.0
620180,0.0
620181,0.0
620182,0.0
620183,0.0
620184,0.0
620185,0.0
620186,0.0
620187,0.0
620188,0.0
620189,0.0
620190,0.0
620191,0.0
620192,0.0
620193,0.0
620194,0.0
620195,0.0
620196,0.0
620197,0.0
620198,0.57992387
620199,0.0
620200,0.0
620201,0.0
620202,0.0
620203,0.0
620204,0.0
620205,0.0
620206,0.0
620207,0.0
620208,0.0
620209,0.0
620210,0.0
620211,0.0
620212,0.0
620213,0.0
620214,0.0
620215,0.0
620216,0.0
620217,0.0
620218,0.0
620219,0.0
620220,0.0
620221,0.0
620222,0.0
620223,0.0
620224,0.0
620225,0.0
620226,0.0
620227,0.0
620228,0.0
620229,0.0
620230,0.0
620231,0.0
620232,0.0
620233,0.0
620234,0.0
620235,0.0
620236,0.0
620237,0.0
620238,1.1543785e-23
620239,0.0
620240,0.0
620241,0.0
620242,0.0
620243,0.0
620244,0.0
620245,0.0
620246,0.0
620247,0.0
620248,0.0
620249,0.0
620250,0.0
620251,0.0
620252,0.0
620253,0.0
620254,0.0
620255,0.0
620256,0.0
620257,0.0
620258,0.0
620259,0.0
620260,0.0
620261,0.0
620262,0.0
620263,0.0
620264,0.0
620265,0.0
620266,0.0
620267,0.0
620268,0.0
620269,0.0
620270,0.0
620271,0.0
620272,0.0
620273,0.0
620274,0.0
620275,0.0
620276,0.0
620277,0.0
620278,0.0
620279,0.0
620280,0.0
620281,0.0
620282,0.0
620283,0.0
620284,0.0
620285,0.0
620286,0.0
620287,0.0
620288,6.925191e-22
620289,0.0
620290,0.0
620291,0.0
620292,0.0
620293,0.0
620294,0.0
620295,0.0
620296,0.0
620297,0.0
620298,0.0
620299,0.0
620300,0.0
620301,0.0
620302,0.0
620303,0.0
620304,0.0
620305,0.0
620306,0.0
620307,0.0
620308,0.0
620309,0.0
620310,0.0
620311,0.0
620312,0.0
620313,0.0
620314,0.0
620315,0.0
620316,0.0
620317,0.0
620318,0.0
620319,0.0
620320,0.0
620321,0.0
620322,0.0
620323,0.0
620324,0.0
620325,0.0
620326,0.0
620327,0.0
620328,0.0
620329,0.0
620330,0.0
620331,0.0
620332,0.0
620333,0.0
620334,0.0
620335,0.0
620336,0.0
620337,0.0
620338,0.0
620339,0.0
620340,0.0
620341,0.0
620342,0.0
620343,0.0
620344,0.0
620345,0.0
620346,0.0
620347,0.0
620348,0.0
620349,0.0
620350,0.0
620351,0.0
620352,0.0
620353,0.0
620354,0.0
620355,0.0
620356,0.0
620357,0.0
620358,0.0
620359,0.0
620360,0.0
620361,0.0
620362,0.0
620363,0.0
620364,0.0
620365,0.0
620366,0.0
620367,0.0
620368,0.0
620369,0.0
620370,0.0
620371,0.0
620372,0.0
620373,0.0
620374,0.0
620375,0.0
620376,0.0
620377,0.0
620378,1.6760444e-17
620379,0.0
620380,0.0
620381,0.0
620382,0.0
620383,0.0
620384,0.0
620385,0.0
620386,0.0
620387,0.0
620388,0.0
620389,9.325084e-15
620390,0.0
620391,0.0
620392,0.0
620393,0.0
620394,0.0
620395,0.0
620396,0.0
620397,0.0
620398,0.0
620399,0.0
620400,0.0
620401,0.0
620402,0.0
620403,0.0
620404,0.0
620405,0.0
620406,0.0
620407,0.0
620408,0.0
620409,0.0
620410,0.0
620411,0.0
620412,0.0
620413,0.0
620414,0.0
620415,0.0
620416,0.0
620417,0.0
620418,0.0
620419,0.0
620420,0.0
620421,0.0
620422,0.0
620423,0.0
620424,0.0
620425,0.0
620426,0.0
620427,0.0
620428,0.0
620429,0.0
620430,0.0
620431,0.0
620432,0.0
620433,0.0
620434,0.0
620435,0.0
620436,0.0
620437,0.0
620438,0.0
620439,0.0
620440,0.0
620441,0.0
620442,0.0
620443,0.0
620444,0.0
620445,0.0
620446,0.0
620447,0.0
620448,0.0
620449,0.0
620450,0.0
620451,0.0
620452,0.0
620453,0.0
620454,0.0
620455,0.131551
620456,0.0
620457,0.0
620458,0.0
620459,0.0
620460,0.0
620461,0.0
620462,0.0
620463,0.0
620464,0.0
620465,0.0
620466,0.0
620467,0.0
620468,0.0
620469,0.0
620470,0.0
620471,0.0
620472,0.0
620473,0.0
620474,0.0
620475,0.0
620476,0.0
620477,0.0
620478,0.0
620479,0.0
620480,0.0
620481,0.0
620482,0.0
620483,0.0
620484,0.0
620485,0.0
620486,0.0
620487,0.0
620488,0.0
620489,0.0
620490,0.0
620491,0.0
620492,0.0
620493,0.0
620494,0.0
620495,0.0
620496,0.0
620497,0.0
620498,0.0
620499,0.0
620500,0.0
620501,0.0
620502,0.0
620503,0.0
620504,0.0
620505,0.0
620506,0.0
620507,0.0
620508,0.0
620509,0.0
620510,0.0
620511,0.0
620512,0.0
620513,0.0
620514,2.9941995e-28
620515,0.0
620516,0.0
620517,0.0
620518,0.0
620519,0.0
620520,0.0
620521,0.0
620522,0.0
620523,0.0
620524,0.0
620525,0.0
620526,0.0
620527,0.0
620528,0.0
620529,0.0
620530,0.0
620531,0.0
620532,0.0
620533,0.0
620534,0.0
620535,0.0
620536,0.0
620537,0.0
620538,0.0
620539,0.0
620540,0.0
620541,0.0
620542,0.0
620543,0.0
620544,0.0
620545,0.0
620546,0.0
620547,0.0
620548,0.0
620549,0.0
620550,0.0
620551,0.0
620552,0.0
620553,0.0
620554,0.0
620555,0.0
620556,0.0
620557,0.0
620558,0.0
620559,0.0
620560,0.0
620561,0.0
620562,0.0
620563,0.0
620564,0.0
620565,0.0
620566,0.0
620567,0.0
620568,0.0
620569,0.0
620570,0.0
620571,0.0
620572,0.0
620573,0.0
620574,0.0
620575,0.0
620576,0.0
620577,0.0
620578,0.0
620579,0.0
620580,0.0
620581,0.0
620582,0.0
620583,0.0
620584,0.0
620585,0.0
620586,0.0
620587,0.0
620588,0.0
620589,0.0
620590,0.0
620591,0.0
620592,0.0
620593,6.5653694e-07
620594,0.0
620595,0.0
620596,0.0
620597,1.8418007e-24
620598,0.0
620599,0.0
620600,0.0
620601,0.0
620602,0.0
620603,0.0
620604,0.0
620605,0.0
620606,0.0
620607,0.0
620608,0.0
620609,0.0
620610,0.0
620611,0.0
620612,0.0
620613,0.0
620614,0.0
620615,0.0
620616,0.0
620617,0.0
620618,0.0
620619,0.0
620620,0.0
620621,0.0
620622,0.0
620623,0.0
620624,0.0
620625,0.0
620626,0.0
620627,0.0
620628,0.0
620629,0.0
620630,0.0
620631,0.0
620632,0.0
620633,0.0
620634,0.0
620635,0.0
620636,0.0
620637,0.0
620638,0.0
620639,0.0
620640,0.0
620641,0.0
620642,0.0
620643,0.0
620644,0.0
620645,0.0
620646,0.0
620647,0.0
620648,0.0
620649,0.0
620650,0.0
620651,0.0
620652,0.0
620653,0.0
620654,0.0
620655,0.0
620656,0.0
620657,0.0
620658,0.0
620659,0.0
620660,0.0
620661,0.0
620662,0.0
620663,0.0
620664,0.0
620665,0.0
620666,0.0
620667,7.321243e-22
620668,0.0
620669,0.0
620670,0.0
620671,0.0
620672,0.0
620673,0.0
620674,0.0
620675,0.0
620676,0.0
620677,0.0
620678,0.0
620679,0.0
620680,0.0
620681,0.0
620682,0.0
620683,0.0
620684,0.0
620685,0.0
620686,0.0
620687,0.0
620688,0.0
620689,0.0
620690,0.0
620691,0.0
620692,0.0
620693,0.0
620694,0.0
620695,0.0
620696,0.0
620697,0.0
620698,0.0
620699,0.0
620700,0.0
620701,0.0
620702,0.0
620703,0.0
620704,0.0
620705,0.0
620706,0.0
620707,0.0
620708,0.0
620709,0.0
620710,0.0
620711,0.0
620712,0.0
620713,0.0
620714,0.0
620715,0.0
620716,0.0
620717,0.0
620718,8.8052926e-17
620719,0.0
620720,0.0
620721,0.0
620722,0.0
620723,0.0
620724,0.0
620725,0.0
620726,0.0
620727,0.0
620728,0.0
620729,0.0
620730,0.36242384
620731,0.0
620732,0.0
620733,0.0
620734,0.0
620735,0.0
620736,0.0
620737,0.0
620738,0.0
620739,0.0
620740,0.0
620741,0.0
620742,0.0
620743,0.0
620744,0.0
620745,0.0
620746,0.0
620747,0.0
620748,0.0
620749,0.0
620750,0.0
620751,0.0
620752,0.0
620753,0.0
620754,0.0
620755,0.0
620756,0.0
620757,0.0
620758,0.0
620759,0.0
620760,0.0
620761,0.0
620762,0.0
620763,0.0
620764,0.0
620765,0.0
620766,0.0
620767,0.0
620768,0.0
620769,0.0
620770,0.0
620771,0.0
620772,0.0
620773,0.0
620774,0.0
620775,0.0
620776,0.0
620777,0.0
620778,0.0
620779,0.0
620780,0.0
620781,0.0
620782,0.0
620783,0.0
620784,0.0
620785,0.0
620786,0.0
620787,0.0
620788,0.0
620789,0.0
620790,0.0
620791,0.0
620792,0.0
620793,0.0
620794,0.0
620795,0.0
620796,0.0
620797,0.0
620798,0.0
620799,0.0
620800,0.0
620801,0.0
620802,0.0
620803,0.0
620804,0.0
620805,0.0
620806,0.0
620807,0.0
620808,0.0
620809,0.0
620810,0.0
620811,0.0
620812,0.0
620813,0.0
620814,0.0
620815,0.0
620816,0.0
620817,0.0
620818,0.0
620819,0.0
620820,0.0
620821,0.0
620822,0.0
620823,0.0
620824,0.0
620825,0.0
620826,0.0
620827,0.0
620828,0.0
620829,0.0
620830,0.0
620831,0.0
620832,0.0
620833,0.0
620834,0.0
620835,0.0
620836,0.0
620837,0.0
620838,0.0
620839,0.0
620840,0.0
620841,0.0
620842,0.0
620843,0.0
620844,0.0
620845,0.0
620846,0.0
620847,0.0
620848,0.0
620849,0.0
620850,0.0
620851,0.0
620852,0.0
620853,0.0
620854,0.0
620855,0.0
620856,0.0
620857,0.0
620858,0.0
620859,0.0
620860,0.0
620861,0.0
620862,0.0
620863,0.0
620864,0.0
620865,0.0
620866,0.0
620867,0.0
620868,0.0
620869,0.0
620870,0.0
620871,0.0
620872,0.0
620873,0.0
620874,0.0
620875,0.0
620876,0.0
620877,0.0
620878,0.0
620879,0.0
620880,0.0
620881,0.0
620882,0.0
620883,0.0
620884,0.0
620885,0.0
620886,0.0
620887,0.0
620888,0.0
620889,0.0
620890,0.0
620891,0.0
620892,0.0
620893,0.0
620894,0.0
620895,0.0
620896,0.0
620897,0.0
620898,0.0
620899,0.0
620900,0.0
620901,0.0
620902,0.0
620903,0.0
620904,0.0
620905,0.0
620906,0.0
620907,0.0
620908,0.0
620909,0.0
620910,0.0
620911,0.0
620912,0.0
620913,0.0
620914,0.0
620915,0.0
620916,0.0
620917,0.0
620918,0.0
620919,0.0
620920,0.0
620921,0.0
620922,0.0
620923,0.0
620924,0.0
620925,0.0
620926,0.0
620927,0.0
620928,0.0
620929,0.0
620930,0.0
620931,0.0
620932,0.0
620933,0.0
620934,0.0
620935,0.0
620936,0.0
620937,0.0
620938,0.0
620939,0.0
620940,0.0
620941,0.0
620942,0.0
620943,0.0
620944,0.0
620945,8.1470526e-15
620946,0.0
620947,0.0
620948,1.796654e-15
620949,0.0
620950,0.0
620951,0.0
620952,0.0
620953,0.0
620954,0.0
620955,0.0
620956,0.0
620957,0.0
620958,0.0
620959,0.0
620960,0.0
620961,0.0
620962,0.0
620963,0.0
620964,0.0
620965,0.0
620966,0.0
620967,0.0
620968,0.0
620969,0.0
620970,0.0
620971,0.0
620972,0.0
620973,0.0
620974,0.0
620975,0.0
620976,0.0
620977,0.0
620978,0.0
620979,0.0
620980,0.0
620981,0.0
620982,0.0
620983,0.0
620984,0.0
620985,0.0
620986,1.2043463e-28
620987,0.0
620988,0.0
620989,0.0
620990,0.0
620991,0.0
620992,0.0
620993,0.0
620994,0.0
620995,0.0
620996,0.0
620997,0.0
620998,0.0
620999,0.0
621000,0.0
621001,0.10073022
621002,3.496854e-26
621003,0.0
621004,0.0
621005,0.0
621006,0.0
621007,0.0
621008,0.0
621009,0.0
621010,0.0
621011,0.0
621012,0.0
621013,0.0
621014,0.0
621015,0.0
621016,0.0
621017,0.0
621018,0.0
621019,0.0
621020,0.0
621021,0.0
621022,0.0
621023,0.0
621024,0.0
621025,0.0
621026,0.0
621027,0.0
621028,0.0
621029,0.0
621030,0.0
621031,0.0
621032,0.0
621033,0.0
621034,0.0
621035,0.0
621036,0.0
621037,0.0
621038,0.0
621039,0.0
621040,0.0
621041,0.0
621042,0.0
621043,0.0
621044,0.0
621045,0.0
621046,0.0
621047,0.0
621048,0.0
621049,0.0
621050,0.0
621051,0.0
621052,0.0
621053,0.0
621054,0.0
621055,0.0
621056,0.0
621057,0.0
621058,0.0
621059,0.0
621060,0.0
621061,0.0
621062,0.0
621063,0.0
621064,0.0
621065,0.0
621066,0.0
621067,0.0
621068,0.0
621069,0.0
621070,0.0
621071,0.0
621072,0.0
621073,0.0
621074,0.0
621075,0.0
621076,0.0
621077,0.0
621078,3.0269695e-17
621079,0.0
621080,0.0
621081,0.0
621082,0.0
621083,0.0
621084,0.0
621085,0.0
621086,0.0
621087,0.0
621088,0.0
621089,0.0
621090,0.0
621091,0.0
621092,0.0
621093,0.0
621094,0.0
621095,0.0
621096,0.0
621097,0.0
621098,0.0
621099,0.0
621100,0.0
621101,0.0
621102,0.0
621103,0.0
621104,0.0
621105,0.0
621106,0.0
621107,0.0
621108,0.0
621109,0.0
621110,0.0
621111,0.0
621112,0.0
621113,0.0
621114,0.0
621115,0.0
621116,0.0
621117,0.0
621118,0.0
621119,0.0
621120,0.0
621121,0.0
621122,0.27744004
621123,0.0
621124,0.0
621125,0.0
621126,0.0
621127,0.0
621128,0.0
621129,0.0
621130,0.0
621131,0.0
621132,0.0
621133,0.0
621134,0.0
621135,0.0
621136,0.0
621137,0.0
621138,0.0
621139,0.0
621140,0.0
621141,0.0
621142,0.0
621143,0.0
621144,0.0
621145,0.0
621146,0.0
621147,0.0
621148,0.0
621149,0.0
621150,0.0
621151,0.0
621152,0.0
621153,0.0
621154,0.0
621155,0.0
621156,0.0
621157,0.0
621158,0.0
621159,0.0
621160,0.0
621161,0.0
621162,0.0
621163,0.0
621164,0.0
621165,0.0
621166,0.0
621167,0.0
621168,0.0
621169,0.0
621170,0.0
621171,0.0
621172,0.0
621173,0.0
621174,0.0
621175,0.0
621176,0.0
621177,0.0
621178,0.0
621179,0.0
621180,0.0
621181,0.0
621182,0.0
621183,0.0
621184,0.0
621185,0.0
621186,0.0
621187,0.0
621188,0.0
621189,0.0
621190,0.0
621191,0.0
621192,0.0
621193,0.0
621194,0.0
621195,0.0
621196,0.0
621197,0.0
621198,0.0
621199,1.3865394e-26
621200,0.0
621201,0.0
621202,0.0
621203,0.0
621204,0.0
621205,0.0
621206,0.0
621207,0.0
621208,0.0
621209,0.0
621210,0.0
621211,0.0
621212,0.0
621213,2.3150856e-12
621214,0.0
621215,0.0
621216,0.0
621217,0.0
621218,0.36242384
621219,0.0
621220,0.0
621221,0.0
621222,0.0
621223,0.0
621224,0.0
621225,0.0
621226,0.0
621227,0.0
621228,3.2002546e-16
621229,0.0
621230,0.0
621231,0.0
621232,0.0
621233,0.0
621234,0.0
621235,0.0
621236,0.0
621237,0.0
621238,0.0
621239,0.0
621240,0.0
621241,0.0
621242,0.0
621243,0.0
621244,0.0
621245,0.0
621246,0.0
621247,0.0
621248,0.0
621249,0.0
621250,0.0
621251,0.0
621252,0.0
621253,0.0
621254,0.0
621255,0.0
621256,0.0
621257,0.0
621258,0.0
621259,0.0
621260,0.0
621261,0.0
621262,0.0
621263,0.0
621264,0.0
621265,0.0
621266,0.0
621267,0.0
621268,0.0
621269,0.0
621270,0.0
621271,0.0
621272,0.0
621273,0.0
621274,0.0
621275,0.0
621276,0.0
621277,1.5422675e-31
621278,0.0
621279,0.0
621280,0.0
621281,0.0
621282,0.0
621283,0.0
621284,0.0
621285,0.0
621286,0.0
621287,0.0
621288,0.0
621289,0.0
621290,0.0
621291,0.0
621292,0.0
621293,0.0
621294,0.0
621295,0.0
621296,0.0
621297,0.0
621298,0.0
621299,0.0
621300,0.0
621301,0.0
621302,0.0
621303,0.0
621304,0.0
621305,0.0
621306,0.0
621307,0.0
621308,0.0
621309,0.0
621310,0.0
621311,0.0
621312,0.0
621313,0.0
621314,0.0
621315,0.0
621316,0.0
621317,0.0
621318,2.4847861e-23
621319,0.0
621320,0.0
621321,0.0
621322,0.0
621323,0.0
621324,0.0
621325,0.0
621326,0.0
621327,0.0
621328,0.0
621329,0.0
621330,0.0
621331,0.0
621332,0.0
621333,0.0
621334,0.0
621335,0.0
621336,0.0
621337,0.0
621338,0.0
621339,0.0
621340,0.0
621341,0.0
621342,0.0
621343,0.0
621344,0.0
621345,0.0
621346,0.0
621347,0.0
621348,0.0
621349,0.0
621350,0.0
621351,0.0
621352,0.0
621353,0.0
621354,0.0
621355,0.0
621356,0.0
621357,0.0
621358,0.0
621359,0.0
621360,0.0
621361,0.0
621362,0.0
621363,0.0
621364,0.0
621365,0.0
621366,0.0
621367,0.0
621368,0.0
621369,0.0
621370,0.0
621371,0.0
621372,0.0
621373,0.0
621374,0.0
621375,0.0
621376,0.0
621377,0.0
621378,0.0
621379,0.0
621380,0.0
621381,0.0
621382,0.0
621383,0.0
621384,0.0
621385,0.0
621386,0.0
621387,0.0
621388,0.0
621389,0.0
621390,0.0
621391,0.0
621392,0.0
621393,0.0
621394,0.0
621395,0.0
621396,0.0
621397,0.0
621398,0.0
621399,0.0
621400,0.0
621401,4.063224e-24
621402,0.0
621403,0.0
621404,0.0
621405,0.0
621406,0.0
621407,0.0
621408,0.0
621409,0.0
621410,0.0
621411,0.0
621412,0.0
621413,0.0
621414,0.0
621415,0.0
621416,0.0
621417,0.0
621418,0.0
621419,0.0
621420,0.0
621421,0.0
621422,0.0
621423,0.0
621424,0.0
621425,0.0
621426,0.0
621427,0.0
621428,0.0
621429,0.0
621430,0.0
621431,0.0
621432,0.0
621433,0.0
621434,0.0
621435,0.0
621436,0.0
621437,0.0
621438,0.0
621439,0.0
621440,0.0
621441,0.0
621442,0.0
621443,0.0
621444,0.0
621445,0.0
621446,0.0
621447,0.0
621448,0.0
621449,0.0
621450,0.0
621451,0.36242384
621452,0.0
621453,0.0
621454,0.0
621455,0.0
621456,0.0
621457,0.0
621458,0.0
621459,0.0
621460,0.0
621461,0.0
621462,0.0
621463,0.0
621464,0.0
621465,0.0
621466,0.0
621467,0.0
621468,0.0
621469,0.0
621470,0.0
621471,0.0
621472,0.0
621473,0.0
621474,0.0
621475,0.0
621476,0.0
621477,0.0
621478,0.0
621479,0.0
621480,0.0
621481,0.0
621482,0.0
621483,0.0
621484,0.0
621485,0.0
621486,0.0
621487,0.0
621488,0.0
621489,0.0
621490,0.0
621491,0.0
621492,0.0
621493,0.0
621494,0.0
621495,0.0
621496,0.0
621497,0.0
621498,0.0
621499,0.0
621500,0.0
621501,0.0
621502,0.0
621503,0.0
621504,0.0
621505,0.0
621506,0.0
621507,0.0
621508,0.0
621509,0.0
621510,0.0
621511,0.0
621512,0.0
621513,0.0
621514,0.0
621515,0.0
621516,0.0
621517,0.0
621518,0.0
621519,0.0
621520,0.0
621521,0.0
621522,0.0
621523,0.0
621524,0.0
621525,0.0
621526,0.0
621527,0.0
621528,0.0
621529,0.0
621530,0.0
621531,0.0
621532,0.0
621533,0.0
621534,0.0
621535,0.0
621536,0.0
621537,0.0
621538,0.0
621539,0.0
621540,0.0
621541,0.0
621542,0.0
621543,0.0
621544,0.0
621545,0.0
621546,0.0
621547,0.0
621548,0.0
621549,0.0
621550,0.0
621551,0.0
621552,0.0
621553,0.0
621554,0.0
621555,0.0
621556,0.0
621557,0.0
621558,0.0
621559,0.0
621560,0.0
621561,0.0
621562,0.0
621563,0.0
621564,0.0
621565,0.0
621566,0.0
621567,0.0
621568,0.0
621569,0.0
621570,0.0
621571,0.0
621572,0.0
621573,0.0
621574,0.0
621575,0.0
621576,0.0
621577,0.0
621578,0.0
621579,0.0
621580,0.0
621581,0.0
621582,0.0
621583,0.0
621584,0.0
621585,0.0
621586,0.0
621587,0.0
621588,0.0
621589,0.0
621590,0.0
621591,0.0
621592,0.0
621593,0.0
621594,0.0
621595,0.0
621596,0.0
621597,0.0
621598,0.0
621599,0.0
621600,0.0
621601,0.0
621602,0.0
621603,0.0
621604,0.0
621605,0.0
621606,0.0
621607,0.0
621608,0.0
621609,0.0
621610,0.0
621611,0.0
621612,0.0
621613,0.0
621614,0.0
621615,0.0
621616,0.0
621617,0.0
621618,0.0
621619,0.0
621620,0.0
621621,0.0
621622,0.0
621623,0.0
621624,0.0
621625,0.0
621626,0.0
621627,0.0
621628,0.0
621629,0.0
621630,0.0
621631,0.0
621632,0.0
621633,0.0
621634,0.0
621635,0.0
621636,0.0
621637,0.0
621638,0.0
621639,0.0
621640,0.0
621641,0.0
621642,0.0
621643,0.0
621644,0.0
621645,0.0
621646,0.0
621647,0.0
621648,0.0
621649,0.0
621650,0.0
621651,8.293473e-19
621652,0.0
621653,0.0
621654,0.0
621655,0.0
621656,0.0
621657,0.0
621658,0.0
621659,0.0
621660,0.0
621661,0.0
621662,0.0
621663,0.0
621664,0.0
621665,0.0
621666,0.0
621667,0.0
621668,0.0
621669,0.0
621670,0.0
621671,0.0
621672,0.0
621673,0.0
621674,0.0
621675,0.0
621676,0.0
621677,0.0
621678,0.0
621679,0.0
621680,0.0
621681,0.0
621682,0.0
621683,0.0
621684,0.0
621685,0.0
621686,0.0
621687,0.0
621688,0.0
621689,0.0
621690,0.0
621691,2.1861764e-15
621692,0.0
621693,0.0
621694,0.0
621695,0.0
621696,0.0
621697,0.0
621698,0.0
621699,0.0
621700,0.0
621701,0.0
621702,0.0
621703,0.0
621704,0.0
621705,0.0
621706,0.0
621707,0.0
621708,0.0
621709,0.0
621710,0.0
621711,0.0
621712,0.0
621713,0.0
621714,0.0
621715,0.0
621716,0.0
621717,0.0
621718,0.0
621719,0.0
621720,0.0
621721,0.0
621722,0.0
621723,0.0
621724,0.0
621725,0.0
621726,0.0
621727,0.0
621728,0.0
621729,0.0
621730,0.0
621731,0.0
621732,0.0
621733,0.0
621734,0.0
621735,0.0
621736,0.0
621737,0.0
621738,0.0
621739,0.0
621740,0.0
621741,0.0
621742,0.0
621743,0.0
621744,0.0
621745,0.0
621746,0.0
621747,0.0
621748,0.0
621749,0.0
621750,0.0
621751,0.0
621752,0.0
621753,0.0
621754,0.0
621755,0.0
621756,0.0
621757,0.0
621758,0.0
621759,0.0
621760,0.0
621761,0.0
621762,0.0
621763,0.0
621764,0.0
621765,0.0
621766,0.0
621767,0.0
621768,0.0
621769,0.0
621770,0.0
621771,0.0
621772,0.0
621773,0.0
621774,0.0
621775,0.0
621776,0.0
621777,0.0
621778,0.0
621779,0.0
621780,0.0
621781,0.0
621782,0.0
621783,0.0
621784,0.0
621785,0.0
621786,0.0
621787,0.0
621788,0.0
621789,0.0
621790,0.0
621791,0.0
621792,0.0
621793,0.0
621794,0.0
621795,0.0
621796,0.0
621797,0.0
621798,0.0
621799,0.0
621800,0.0
621801,0.0
621802,0.0
621803,0.0
621804,0.0
621805,0.0
621806,0.0
621807,0.0
621808,0.0
621809,0.0
621810,0.0
621811,0.0
621812,0.0
621813,0.0
621814,0.0
621815,0.0
621816,0.0
621817,0.0
621818,0.0
621819,0.0
621820,0.0
621821,0.0
621822,0.0
621823,0.0
621824,0.0
621825,0.0
621826,0.0
621827,0.0
621828,0.0
621829,0.0
621830,0.0
621831,0.0
621832,0.0
621833,0.0
621834,0.0
621835,0.0
621836,0.0
621837,0.0
621838,0.0
621839,0.0
621840,0.0
621841,0.0
621842,0.0
621843,0.0
621844,0.0
621845,0.0
621846,0.0
621847,0.0
621848,0.0
621849,0.0
621850,0.0
621851,0.0
621852,0.0
621853,0.0
621854,0.0
621855,0.0
621856,0.0
621857,0.0
621858,0.0
621859,0.0
621860,0.0
621861,0.0
621862,0.0
621863,0.0
621864,0.0
621865,0.0
621866,0.0
621867,0.0
621868,0.0
621869,0.0
621870,0.0
621871,0.0
621872,0.0
621873,0.0
621874,0.0
621875,0.0
621876,0.0
621877,0.0
621878,0.0
621879,1.3664223e-28
621880,0.0
621881,0.0
621882,0.0
621883,0.0
621884,0.0
621885,0.0
621886,0.0
621887,0.0
621888,0.0
621889,0.0
621890,0.0
621891,0.0
621892,0.0
621893,0.0
621894,0.0
621895,0.0
621896,0.0
621897,0.0
621898,0.0
621899,0.0
621900,0.0
621901,0.0
621902,0.0
621903,0.0
621904,0.0
621905,9.540633e-19
621906,0.0
621907,0.0
621908,0.0
621909,0.0
621910,0.0
621911,0.0
621912,0.0
621913,0.0
621914,0.0
621915,0.0
621916,0.0
621917,0.0
621918,0.0
621919,0.0
621920,0.0
621921,0.0
621922,0.0
621923,0.0
621924,0.0
621925,0.0
621926,0.0
621927,0.0
621928,0.0
621929,0.0
621930,0.0
621931,0.0
621932,0.0
621933,0.0
621934,0.0
621935,0.0
621936,0.0
621937,0.0
621938,0.0
621939,0.0
621940,0.0
621941,0.0
621942,0.0
621943,0.0
621944,0.0
621945,0.0
621946,0.0
621947,0.0
621948,0.0
621949,0.0
621950,0.0
621951,0.0
621952,0.0
621953,0.0
621954,0.0
621955,0.0
621956,0.0
621957,0.0
621958,0.0
621959,0.0
621960,0.0
621961,0.0
621962,0.0
621963,0.0
621964,0.0
621965,0.0
621966,0.0
621967,0.0
621968,0.0
621969,0.0
621970,0.0
621971,0.0
621972,0.0
621973,0.0
621974,0.0
621975,0.0
621976,0.0
621977,0.0
621978,0.0
621979,0.0
621980,0.0
621981,0.0
621982,0.0
621983,0.0
621984,0.0
621985,0.0
621986,0.0
621987,0.0
621988,0.0
621989,0.0
621990,0.0
621991,0.0
621992,0.0
621993,0.0
621994,0.0
621995,0.0
621996,0.0
621997,0.0
621998,0.0
621999,0.0
622000,0.0
622001,0.0
622002,0.0
622003,0.0
622004,0.0
622005,0.0
622006,0.0
622007,0.0
622008,0.0
622009,0.0
622010,0.0
622011,0.0
622012,0.0
622013,0.0
622014,0.0
622015,0.0
622016,0.0
622017,0.0
622018,0.0
622019,0.0
622020,0.0
622021,0.0
622022,0.0
622023,0.0
622024,0.0
622025,0.0
622026,0.0
622027,1.359242e-29
622028,0.0
622029,0.0
622030,0.0
622031,0.0
622032,0.0
622033,0.0
622034,0.0
622035,0.0
622036,0.0
622037,0.0
622038,0.0
622039,0.0
622040,0.0
622041,0.0
622042,0.0
622043,0.0
622044,0.0
622045,0.0
622046,0.0
622047,0.0
622048,0.0
622049,0.0
622050,0.0
622051,0.0
622052,0.0
622053,0.0
622054,0.0
622055,0.0
622056,0.0
622057,0.0
622058,0.0
622059,0.0
622060,0.0
622061,0.0
622062,0.0
622063,0.0
622064,0.0
622065,0.0
622066,0.0
622067,0.0
622068,0.0
622069,3.3765247e-29
622070,0.0
622071,0.0
622072,0.0
622073,0.0
622074,0.0
622075,0.0
622076,0.0
622077,0.0
622078,0.0
622079,0.0
622080,0.0
622081,0.0
622082,0.0
622083,5.65035e-20
622084,0.0
622085,0.0
622086,0.0
622087,0.0
622088,0.0
622089,0.0
622090,0.0
622091,0.0
622092,0.0
622093,0.0
622094,0.0
622095,0.0
622096,0.0
622097,0.0
622098,0.0
622099,0.0
622100,0.0
622101,0.0
622102,0.0
622103,0.0
622104,0.0
622105,0.0
622106,0.0
622107,0.0
622108,0.0
622109,0.0
622110,0.0
622111,0.0
622112,0.0
622113,0.0
622114,0.0
622115,0.0
622116,0.0
622117,0.0
622118,0.0
622119,0.0
622120,0.0
622121,0.0
622122,0.0
622123,0.0
622124,0.0
622125,0.0
622126,0.0
622127,0.0
622128,0.0
622129,0.0
622130,0.0
622131,0.0
622132,0.0
622133,0.0
622134,0.0
622135,0.0
622136,0.0
622137,0.0
622138,0.0
622139,0.0
622140,0.0
622141,0.0
622142,0.0
622143,0.0
622144,0.0
622145,0.0
622146,0.0
622147,0.0
622148,0.0
622149,0.0
622150,0.0
622151,0.0
622152,0.0
622153,0.0
622154,0.0
622155,0.0
622156,0.0
622157,0.0
622158,0.0
622159,0.0
622160,0.0
622161,0.0
622162,0.0
622163,0.0
622164,0.0
622165,0.0
622166,0.0
622167,0.0
622168,0.0
622169,0.0
622170,0.0
622171,0.0
622172,0.0
622173,0.0
622174,0.0
622175,0.0
622176,2.6041776e-19
622177,0.0
622178,0.0
622179,0.0
622180,0.0
622181,0.0
622182,0.0
622183,0.0
622184,0.0
622185,0.0
622186,0.0
622187,0.0
622188,0.0
622189,0.0
622190,0.0
622191,0.0
622192,0.0
622193,0.0
622194,0.0
622195,0.0
622196,0.0
622197,0.0
622198,0.0
622199,0.0
622200,0.0
622201,0.0
622202,0.0
622203,0.0
622204,0.0
622205,0.0
622206,0.0
622207,0.0
622208,0.0
622209,0.0
622210,0.0
622211,0.0
622212,0.0
622213,0.0
622214,0.0
622215,0.0
622216,0.0
622217,0.0
622218,0.0
622219,0.0
622220,0.0
622221,0.0
622222,0.0
622223,0.0
622224,0.0
622225,0.0
622226,0.0
622227,0.0
622228,0.0
622229,0.0
622230,0.0
622231,0.0
622232,0.0
622233,0.0
622234,0.0
622235,1.3806463e-15
622236,0.0
622237,0.0
622238,0.0
622239,0.0
622240,0.0
622241,0.0
622242,0.0
622243,0.0
622244,0.0
622245,0.0
622246,0.0
622247,0.0
622248,0.0
622249,0.0
622250,0.0
622251,0.0
622252,0.0
622253,0.0
622254,0.0
622255,0.0
622256,0.0
622257,0.0
622258,0.0
622259,0.0
622260,0.0
622261,0.0
622262,0.0
622263,0.0
622264,0.0
622265,0.0
622266,0.0
622267,0.0
622268,0.0
622269,0.0
622270,0.0
622271,0.0
622272,0.0
622273,0.0
622274,0.0
622275,0.0
622276,0.0
622277,0.0
622278,0.0
622279,0.0
622280,0.0
622281,0.0
622282,0.0
622283,0.0
622284,0.0
622285,0.0
622286,0.0
622287,0.0
622288,0.0
622289,0.0
622290,0.0
622291,0.0
622292,0.0
622293,0.0
622294,0.0
622295,0.0
622296,0.0
622297,0.0
622298,0.0
622299,0.0
622300,0.0
622301,0.0
622302,0.0
622303,0.0
622304,0.0
622305,0.0
622306,0.0
622307,0.0
622308,0.0
622309,0.0
622310,0.0
622311,0.0
622312,0.0
622313,0.0
622314,0.0
622315,0.0
622316,0.0
622317,0.0
622318,0.0
622319,0.0
622320,0.0
622321,0.0
622322,0.0
622323,0.0
622324,0.0
622325,0.0
622326,0.0
622327,0.0
622328,0.0
622329,0.0
622330,0.0
622331,0.0
622332,0.0
622333,0.0
622334,0.0
622335,0.0
622336,0.0
622337,0.0
622338,0.0
622339,0.0
622340,0.0
622341,0.0
622342,0.0
622343,0.0
622344,0.0
622345,0.0
622346,0.0
622347,0.0
622348,0.0
622349,0.0
622350,0.0
622351,0.0
622352,0.0
622353,0.0
622354,0.0
622355,0.0
622356,0.0
622357,0.0
622358,0.0
622359,0.0
622360,0.0
622361,0.0
622362,0.0
622363,0.0
622364,0.0
622365,0.0
622366,0.0
622367,0.0
622368,0.0
622369,0.0
622370,0.0
622371,0.0
622372,0.0
622373,0.0
622374,0.0
622375,0.0
622376,0.0
622377,0.0
622378,0.0
622379,0.0
622380,0.0
622381,0.0
622382,0.0
622383,0.0
622384,0.0
622385,0.0
622386,0.0
622387,0.0
622388,0.0
622389,0.0
622390,0.0
622391,0.0
622392,0.0
622393,0.0
622394,0.0
622395,0.0
622396,0.0
622397,0.0
622398,0.0
622399,0.0
622400,0.0
622401,4.264636e-20
622402,0.0
622403,0.0
622404,0.0
622405,0.0
622406,0.0
622407,0.0
622408,0.0
622409,0.0
622410,0.0
622411,0.0
622412,0.0
622413,0.0
622414,0.0
622415,0.0
622416,0.0
622417,0.0
622418,0.0
622419,0.0
622420,0.0
622421,0.0
622422,0.0
622423,0.0
622424,0.0
622425,0.0
622426,0.0
622427,0.0
622428,0.0
622429,0.0
622430,0.0
622431,0.0
622432,0.0
622433,0.0
622434,0.0
622435,0.0
622436,0.0
622437,2.0895435e-16
622438,0.0
622439,0.0
622440,0.0
622441,0.0
622442,0.0
622443,0.0
622444,0.0
622445,0.0
622446,0.0
622447,0.0
622448,0.0
622449,0.0
622450,0.0
622451,0.0
622452,0.0
622453,0.0
622454,0.0
622455,0.0
622456,0.0
622457,0.0
622458,0.0
622459,0.0
622460,0.0
622461,0.0
622462,0.0
622463,0.0
622464,0.0
622465,0.0
622466,0.0
622467,0.0
622468,0.0
622469,0.0
622470,0.0
622471,0.0
622472,0.0
622473,0.0
622474,0.0
622475,0.0
622476,0.0
622477,0.0
622478,0.0
622479,0.0
622480,0.0
622481,0.0
622482,0.0
622483,0.0
622484,0.0
622485,0.0
622486,0.0
622487,0.0
622488,0.0
622489,0.0
622490,0.0
622491,0.0
622492,0.0
622493,0.0
622494,0.0
622495,0.0
622496,0.0
622497,0.0
622498,0.0
622499,0.0
622500,0.0
622501,0.0
622502,0.0
622503,0.0
622504,0.0
622505,0.0
622506,0.0
622507,0.0
622508,0.0
622509,0.0
622510,0.0
622511,0.0
622512,0.0
622513,0.0
622514,0.0
622515,0.0
622516,0.0
622517,0.0
622518,0.0
622519,0.0
622520,0.0
622521,0.0
622522,0.0
622523,0.0
622524,0.0
622525,0.0
622526,0.0
622527,0.0
622528,0.0
622529,0.0
622530,0.0
622531,0.0
622532,0.0
622533,0.0
622534,0.00018669156
622535,0.0
622536,0.0
622537,0.0
622538,0.0
622539,0.0
622540,0.0
622541,0.0
622542,0.0
622543,0.0
622544,0.0
622545,0.0
622546,0.0
622547,0.0
622548,0.0
622549,0.0
622550,0.0
622551,0.0
622552,0.0
622553,0.0
622554,0.0
622555,0.0
622556,0.0
622557,0.0
622558,0.0
622559,0.0
622560,0.0
622561,0.0
622562,0.0
622563,0.0
622564,0.0
622565,0.0
622566,0.0
622567,0.0
622568,0.0
622569,0.0
622570,0.0
622571,0.0
622572,0.0
622573,0.0
622574,0.0
622575,0.0
622576,0.0
622577,0.0
622578,0.0
622579,0.0
622580,0.0
622581,0.0
622582,0.0
622583,0.0
622584,0.0
622585,0.0
622586,0.0
622587,0.0
622588,0.0
622589,0.0
622590,0.0
622591,0.0
622592,0.0
622593,0.0
622594,0.0
622595,0.0
622596,0.0
622597,0.0
622598,0.0
622599,0.0
622600,0.0
622601,0.0
622602,0.0
622603,0.0
622604,3.8203798e-10
622605,0.0
622606,0.0
622607,0.0
622608,0.0
622609,0.0
622610,0.0
622611,0.0
622612,0.0
622613,0.0
622614,0.0
622615,1.2336618e-24
622616,0.0
622617,0.0
622618,0.0
622619,0.0
622620,0.0
622621,0.0
622622,0.0
622623,0.0
622624,0.0
622625,0.0
622626,0.0
622627,0.0
622628,0.0
622629,0.0
622630,0.0
622631,0.0
622632,0.0
622633,0.0
622634,0.0
622635,0.0
622636,0.0
622637,0.0
622638,0.0
622639,0.0
622640,0.0
622641,0.0
622642,0.0
622643,0.0
622644,0.0
622645,0.0
622646,0.0
622647,0.0
622648,0.0
622649,0.0
622650,0.0
622651,0.0
622652,0.0
622653,0.0
622654,0.0
622655,0.0
622656,0.0
622657,0.0
622658,0.0
622659,0.0
622660,0.0
622661,0.0
622662,0.0
622663,0.0
622664,0.0
622665,1.6201855e-14
622666,0.0
622667,0.0
622668,0.0
622669,0.0
622670,0.0
622671,0.0
622672,0.0
622673,0.0
622674,0.0
622675,0.0
622676,0.0
622677,0.0
622678,0.0
622679,0.0
622680,0.0
622681,0.0
622682,0.0
622683,0.0
622684,0.0
622685,0.0
622686,0.0
622687,0.0
622688,0.0
622689,0.0
622690,0.0
622691,0.0
622692,0.0
622693,0.00267848
622694,0.0
622695,0.0
622696,0.0
622697,0.0
622698,0.0
622699,0.0
622700,0.0
622701,0.0
622702,0.0
622703,0.0
622704,0.0
622705,0.0
622706,0.0
622707,0.0
622708,0.0
622709,0.0
622710,0.0
622711,0.0
622712,0.0
622713,0.0
622714,0.0
622715,0.0
622716,0.0
622717,0.0
622718,0.0
622719,0.0
622720,0.0
622721,0.0
622722,0.0
622723,0.0
622724,0.0
622725,0.0
622726,0.0
622727,0.0
622728,0.0
622729,0.0
622730,0.0
622731,0.0
622732,0.0
622733,0.0
622734,0.0
622735,0.0
622736,0.0
622737,0.0
622738,0.0
622739,0.0
622740,0.0
622741,0.0
622742,0.0
622743,0.0
622744,0.0
622745,0.0
622746,0.0
622747,0.0
622748,0.0
622749,0.0
622750,0.0
622751,0.0
622752,0.0
622753,0.0
622754,0.0
622755,0.0
622756,0.0
622757,0.0
622758,0.0
622759,0.0
622760,0.0
622761,0.0
622762,0.0
622763,0.0
622764,0.0
622765,0.0
622766,0.0
622767,0.0
622768,0.0
622769,0.0
622770,0.0
622771,0.0
622772,0.0
622773,0.0
622774,0.0
622775,0.0
622776,0.0
622777,0.0
622778,0.0
622779,0.0
622780,0.0
622781,0.0
622782,0.0
622783,0.0
622784,0.0
622785,0.0
622786,0.0
622787,0.0
622788,0.0
622789,0.0
622790,0.0
622791,0.0
622792,0.0
622793,0.0
622794,0.0
622795,0.0
622796,0.0
622797,0.0
622798,0.0
622799,0.0
622800,0.0
622801,0.0
622802,0.0
622803,0.0
622804,0.0
622805,0.0
622806,0.0
622807,0.0
622808,0.0
622809,9.27597e-25
622810,0.0
622811,0.0
622812,0.0
622813,0.0
622814,0.0
622815,0.0
622816,0.0
622817,0.0
622818,0.0
622819,0.0
622820,0.0
622821,0.0
622822,0.0
622823,0.0
622824,0.0
622825,0.0
622826,0.0
622827,0.0
622828,0.0
622829,0.0
622830,0.0
622831,0.0
622832,0.0
622833,0.0
622834,0.0
622835,0.0
622836,0.0
622837,0.0
622838,0.0
622839,0.0
622840,0.0
622841,0.0
622842,0.0
622843,0.0
622844,0.0
622845,0.0
622846,0.0
622847,0.0
622848,0.0
622849,0.0
622850,0.0
622851,0.0
622852,0.0
622853,0.0
622854,0.0
622855,0.0
622856,0.0
622857,0.0
622858,0.0
622859,0.0
622860,0.0
622861,0.0
622862,0.0
622863,0.0
622864,0.0
622865,0.0
622866,0.0
622867,0.0
622868,0.0
622869,0.0
622870,0.0
622871,0.0
622872,0.0
622873,0.0
622874,0.0
622875,0.0
622876,0.0
622877,0.0
622878,0.0
622879,0.0
622880,0.0
622881,0.0
622882,0.0
622883,0.0
622884,0.0
622885,0.0
622886,0.0
622887,0.0
622888,0.0
622889,0.0
622890,0.0
622891,0.0
622892,0.0
622893,0.0
622894,0.0
622895,0.0
622896,0.0
622897,0.0
622898,0.0
622899,0.0
622900,0.0
622901,0.0
622902,0.0
622903,0.0
622904,0.0
622905,0.0
622906,0.0
622907,0.0
622908,0.0
622909,0.0
622910,0.0
622911,0.0
622912,0.0
622913,0.0
622914,0.0
622915,0.0
622916,0.0
622917,0.0
622918,0.0
622919,0.0
622920,0.0
622921,0.0
622922,0.0
622923,0.0
622924,0.0
622925,0.0
622926,0.0
622927,0.0
622928,0.0
622929,0.0
622930,0.0
622931,0.0
622932,0.0
622933,0.0
622934,0.0
622935,0.0
622936,0.0
622937,0.0
622938,0.0
622939,0.0
622940,0.0
622941,0.0
622942,0.0
622943,0.0
622944,0.0
622945,0.0
622946,0.0
622947,0.0
622948,0.0
622949,0.0
622950,0.0
622951,0.0
622952,0.0
622953,0.0
622954,0.0
622955,0.0
622956,0.0
622957,0.0
622958,0.0
622959,0.0
622960,0.0
622961,0.0
622962,0.0
622963,0.0
622964,0.0
622965,0.0
622966,0.0
622967,0.0
622968,0.0
622969,0.0
622970,0.0
622971,0.0
622972,0.0
622973,0.0
622974,0.0
622975,0.0
622976,0.0
622977,0.0
622978,0.0
622979,0.0
622980,0.0
622981,0.0
622982,0.0
622983,0.0
622984,0.0
622985,0.0
622986,0.0
622987,0.0
622988,0.0
622989,0.0
622990,0.0
622991,0.0
622992,0.0
622993,0.0
622994,0.0
622995,0.0
622996,4.1397747e-18
622997,0.0
622998,0.0
622999,0.0
623000,0.0
623001,0.0
623002,0.0
623003,0.0
623004,0.0
623005,0.0
623006,0.0
623007,0.0
623008,0.0
623009,0.0
623010,0.0
623011,0.0
623012,0.0
623013,0.0
623014,0.0
623015,0.0
623016,0.0
623017,0.0
623018,0.0
623019,0.0
623020,0.0
623021,0.0
623022,0.0
623023,0.0
623024,0.0
623025,0.0
623026,0.0
623027,0.0
623028,0.0
623029,0.0
623030,0.0
623031,0.0
623032,0.0
623033,0.0
623034,0.0
623035,0.0
623036,0.0
623037,0.0
623038,0.0
623039,0.0
623040,0.0
623041,0.0
623042,0.0
623043,0.0
623044,0.0
623045,0.0
623046,0.0
623047,0.0
623048,0.0
623049,0.0
623050,0.0
623051,0.0
623052,0.0
623053,0.0
623054,0.0
623055,0.0
623056,0.0
623057,0.0
623058,0.0
623059,0.0
623060,0.0
623061,0.0
623062,0.0
623063,0.0
623064,0.0
623065,0.0
623066,0.0
623067,0.0
623068,0.0
623069,0.0
623070,0.0
623071,0.0
623072,0.0
623073,0.0
623074,0.0
623075,0.0
623076,0.0
623077,0.0
623078,0.0
623079,0.0
623080,0.0
623081,0.0
623082,0.0
623083,0.0
623084,0.0
623085,0.0
623086,0.0
623087,0.0
623088,0.0
623089,0.0
623090,0.0
623091,0.0
623092,0.0
623093,0.0
623094,0.0
623095,0.0
623096,0.0
623097,0.0
623098,0.0
623099,0.0
623100,0.0
623101,0.0
623102,0.0
623103,0.0
623104,0.0
623105,0.0
623106,0.0
623107,0.0
623108,0.0
623109,0.0
623110,0.0
623111,0.0
623112,0.0
623113,0.0
623114,0.0
623115,0.0
623116,0.0
623117,0.0
623118,0.0
623119,0.0
623120,0.0
623121,0.0
623122,0.0
623123,0.0
623124,0.0
623125,0.0
623126,0.0
623127,0.0
623128,0.0
623129,0.0
623130,0.0
623131,0.0
623132,0.0
623133,0.0
623134,0.0
623135,0.0
623136,0.0
623137,0.0
623138,0.0
623139,0.0
623140,0.0
623141,0.0
623142,0.0
623143,0.0
623144,0.0
623145,0.0
623146,0.0
623147,0.0
623148,0.0
623149,0.0
623150,0.0
623151,0.0
623152,0.0
623153,0.0
623154,0.0
623155,0.0
623156,0.0
623157,0.0
623158,0.0
623159,0.0
623160,0.0
623161,0.0
623162,0.0
623163,0.0
623164,0.0
623165,0.0
623166,0.0
623167,0.0
623168,0.0
623169,0.0
623170,0.0
623171,0.0
623172,0.0
623173,0.0
623174,0.0
623175,0.0
623176,0.0
623177,0.0
623178,0.0
623179,0.0
623180,0.0
623181,0.0
623182,0.0
623183,0.0
623184,0.0
623185,0.0
623186,0.0
623187,0.0
623188,0.0
623189,0.0
623190,0.0
623191,0.0
623192,0.0
623193,0.0
623194,0.0
623195,3.347307e-31
623196,0.0
623197,0.0
623198,0.0
623199,0.0
623200,0.0
623201,0.0
623202,0.0
623203,0.0
623204,0.0
623205,0.0
623206,0.0
623207,0.0
623208,0.0
623209,0.0
623210,0.0
623211,0.0
623212,0.0
623213,0.0
623214,0.0
623215,0.0
623216,0.0
623217,0.0
623218,0.0
623219,0.0
623220,0.0
623221,0.0
623222,0.0
623223,0.0
623224,0.0
623225,0.0
623226,0.0
623227,0.0
623228,0.0
623229,0.0
623230,0.0
623231,0.0
623232,0.0
623233,0.0
623234,0.0
623235,0.0
623236,0.0
623237,0.0
623238,0.0
623239,0.0
623240,0.0
623241,0.0
623242,0.0
623243,0.0
623244,0.0
623245,0.0
623246,0.0
623247,0.0
623248,0.0
623249,0.0
623250,0.0
623251,0.0
623252,0.0
623253,0.0
623254,0.0
623255,0.0
623256,0.0
623257,0.0
623258,0.0
623259,0.0
623260,0.0
623261,0.0
623262,0.0
623263,0.0
623264,0.0
623265,0.0
623266,0.0
623267,0.0
623268,0.0
623269,0.0
623270,0.0
623271,0.0
623272,0.0
623273,0.0
623274,0.0
623275,0.0
623276,0.0
623277,0.0
623278,0.0
623279,0.0
623280,0.0
623281,0.0
623282,0.0
623283,0.0
623284,0.0
623285,0.0
623286,0.0
623287,0.0
623288,0.0
623289,0.0
623290,0.0
623291,0.0
623292,0.0
623293,0.0
623294,0.0
623295,0.0
623296,0.0
623297,0.0
623298,0.0
623299,0.0
623300,0.0
623301,0.0
623302,0.0
623303,0.0
623304,0.0
623305,0.0
623306,0.0
623307,0.0
623308,0.0
623309,0.0
623310,0.0
623311,0.0
623312,0.0
623313,0.0
623314,0.0
623315,0.0
623316,0.0
623317,0.0
623318,0.0
623319,0.0
623320,0.0
623321,0.0
623322,0.0
623323,0.0
623324,0.0
623325,0.0
623326,0.0
623327,0.0
623328,0.0
623329,0.0
623330,0.0
623331,0.0
623332,0.0
623333,0.00039210325
623334,0.0
623335,0.0
623336,0.0
623337,0.0
623338,0.0
623339,0.0
623340,0.0
623341,0.0
623342,0.0
623343,0.0
623344,0.0
623345,0.0
623346,0.0
623347,0.0
623348,0.0
623349,0.0
623350,0.0
623351,0.0
623352,0.0
623353,0.0
623354,0.0
623355,0.0
623356,0.0
623357,0.0
623358,0.36242384
623359,0.0
623360,0.0
623361,0.0
623362,0.0
623363,0.0
623364,0.0
623365,0.0
623366,0.0
623367,0.0
623368,0.0
623369,0.0
623370,0.0
623371,0.0
623372,0.0
623373,0.0
623374,0.0
623375,0.0
623376,0.0
623377,0.0
623378,0.0
623379,0.0
623380,0.0
623381,0.0
623382,0.0
623383,0.0
623384,0.0
623385,0.0
623386,0.0
623387,1.7387934e-24
623388,0.0
623389,0.0
623390,0.0
623391,0.0
623392,0.0
623393,0.0
623394,0.0
623395,0.0
623396,0.0
623397,0.0
623398,0.0
623399,0.0
623400,0.0
623401,0.0
623402,0.0
623403,0.0
623404,0.0
623405,0.0
623406,0.0
623407,0.0
623408,0.0
623409,0.0
623410,0.0
623411,0.0
623412,0.0
623413,0.0
623414,0.0
623415,0.0
623416,0.0
623417,0.0
623418,0.0
623419,0.0
623420,0.0
623421,0.0
623422,0.0
623423,0.0
623424,0.0
623425,0.0
623426,0.0
623427,0.0
623428,0.0
623429,0.0
623430,0.0
623431,0.0
623432,0.0
623433,0.0
623434,0.0
623435,0.0
623436,0.0
623437,0.0
623438,0.0
623439,0.0
623440,0.0
623441,0.0
623442,0.0
623443,0.0
623444,0.0
623445,0.0
623446,0.0
623447,0.0
623448,0.0
623449,0.0
623450,0.0
623451,0.0
623452,0.0
623453,0.0
623454,0.0
623455,0.0
623456,0.0
623457,0.0
623458,0.0
623459,0.0
623460,0.0
623461,0.0
623462,0.0
623463,0.0
623464,0.0
623465,0.0
623466,0.0
623467,0.0
623468,0.0
623469,1.1473869e-12
623470,0.0
623471,0.0
623472,0.0
623473,0.0
623474,0.0
623475,0.0
623476,0.0
623477,0.0
623478,0.0
623479,0.0
623480,0.0
623481,0.0
623482,0.0
623483,0.0
623484,0.0
623485,0.0
623486,0.0
623487,0.0
623488,0.0
623489,0.0
623490,0.0
623491,0.0
623492,0.0
623493,0.0
623494,0.0
623495,0.0
623496,0.0
623497,0.0
623498,0.0
623499,0.0
623500,0.0
623501,0.0
623502,0.0
623503,0.0
623504,0.0
623505,0.0
623506,0.0
623507,0.0
623508,0.0
623509,0.0
623510,1.437167e-17
623511,0.0
623512,0.0
623513,0.0
623514,0.0
623515,0.0
623516,0.0
623517,0.0
623518,0.0
623519,0.0
623520,0.0
623521,0.0
623522,0.0
623523,0.0
623524,0.0
623525,0.0
623526,0.0
623527,0.0
623528,0.0
623529,0.0
623530,0.0
623531,0.0
623532,0.0
623533,0.0
623534,0.0
623535,0.0
623536,0.0
623537,0.0
623538,0.0
623539,0.0
623540,0.0
623541,0.0
623542,0.0
623543,0.0
623544,0.0
623545,0.0
623546,0.0
623547,0.0
623548,0.0
623549,0.0
623550,0.0
623551,0.0
623552,0.0
623553,0.0
623554,0.0
623555,0.0
623556,0.0
623557,0.0
623558,0.0
623559,0.0
623560,0.0
623561,0.0
623562,0.0
623563,0.0
623564,0.0
623565,0.0
623566,0.0
623567,0.0
623568,0.0
623569,0.0
623570,0.0
623571,0.0
623572,0.0
623573,0.0
623574,0.0
623575,0.0
623576,0.0
623577,0.0
623578,0.0
623579,0.0
623580,0.0
623581,0.0
623582,0.0
623583,0.0
623584,0.0
623585,0.0
623586,0.0
623587,0.0
623588,0.0
623589,0.0
623590,0.0
623591,0.0
623592,0.0
623593,0.0
623594,0.0
623595,0.0
623596,0.0
623597,1.5479537e-18
623598,0.0
623599,0.0
623600,0.0
623601,0.0
623602,9.5130804e-07
623603,0.0
623604,0.36242384
623605,0.0
623606,0.0
623607,0.0
623608,0.0
623609,0.0
623610,0.0
623611,0.0
623612,0.0
623613,0.0
623614,0.0
623615,0.0
623616,0.0
623617,0.0
623618,0.0
623619,0.0
623620,0.0
623621,0.0
623622,0.0
623623,1.2341296e-10
623624,0.0
623625,0.0
623626,0.0
623627,0.0
623628,0.0
623629,0.0
623630,0.0
623631,0.0
623632,0.0
623633,0.0
623634,0.0
623635,0.0
623636,0.0
623637,0.0
623638,0.0
623639,0.0
623640,0.0
623641,0.0
623642,0.0
623643,0.6095731
623644,0.0
623645,0.0
623646,0.0
623647,0.0
623648,0.0
623649,0.0
623650,0.0
623651,0.0
623652,0.0
623653,0.0
623654,0.0
623655,0.0
623656,0.0
623657,0.0
623658,0.0
623659,0.0
623660,0.0
623661,0.0
623662,0.0
623663,0.0
623664,0.0
623665,0.0
623666,0.0
623667,0.0
623668,0.0
623669,0.0
623670,0.0
623671,0.0
623672,0.0
623673,0.0
623674,0.0
623675,0.0
623676,0.0
623677,0.0
623678,0.0
623679,0.0
623680,0.0
623681,0.0
623682,0.0
623683,0.0
623684,0.0
623685,0.0
623686,0.0
623687,0.0
623688,0.0
623689,0.0
623690,0.0
623691,0.0
623692,0.0
623693,0.0
623694,0.0
623695,0.0
623696,0.0
623697,0.0
623698,0.0
623699,0.0
623700,0.0
623701,0.0
623702,0.0
623703,0.0
623704,0.0
623705,0.0
623706,0.0
623707,0.0
623708,0.0
623709,0.0
623710,0.0
623711,0.0
623712,0.0
623713,0.0
623714,0.0
623715,0.0
623716,0.0
623717,0.0
623718,0.0
623719,0.0
623720,0.0
623721,0.0
623722,0.0
623723,0.0
623724,0.0
623725,0.0
623726,0.0
623727,0.0
623728,0.0
623729,0.0
623730,0.0
623731,0.0
623732,0.0
623733,0.0
623734,0.0
623735,0.0
623736,0.0
623737,0.0
623738,0.0
623739,0.0
623740,0.0
623741,0.0
623742,0.0
623743,0.0
623744,0.0
623745,0.0
623746,0.0
623747,0.0
623748,0.0
623749,0.0
623750,0.0
623751,0.0
623752,0.0
623753,0.0
623754,0.0
623755,0.0
623756,0.0
623757,0.0
623758,0.0
623759,0.0
623760,0.0
623761,0.0
623762,0.0
623763,0.0
623764,0.0
623765,0.0
623766,0.0
623767,0.0
623768,0.0
623769,0.0
623770,0.0
623771,0.0
623772,0.0
623773,0.0
623774,0.0
623775,0.0
623776,0.0
623777,0.0
623778,0.0
623779,0.0
623780,0.0
623781,0.0
623782,0.0
623783,0.0
623784,0.0
623785,0.0
623786,0.0
623787,0.0
623788,0.0
623789,0.0
623790,0.0
623791,0.0
623792,0.0
623793,0.0
623794,0.0
623795,0.0
623796,0.0
623797,0.0
623798,0.0
623799,0.0
623800,0.0
623801,0.0
623802,0.0
623803,0.0
623804,0.0
623805,0.0
623806,0.0
623807,0.0
623808,0.0
623809,0.0
623810,0.0
623811,0.0
623812,0.0
623813,0.0
623814,0.0
623815,0.0
623816,0.0
623817,0.0
623818,0.0
623819,0.0
623820,0.0
623821,0.0
623822,0.0
623823,0.0
623824,0.0
623825,0.0
623826,0.0
623827,0.0
623828,0.0
623829,0.0
623830,0.0
623831,0.0
623832,0.0
623833,0.0
623834,3.7980505e-30
623835,0.0
623836,0.0
623837,0.0
623838,0.0
623839,0.0
623840,0.0
623841,0.0
623842,0.0
623843,0.0
623844,0.0
623845,0.0
623846,0.0
623847,0.0
623848,0.0
623849,0.0
623850,0.0
623851,0.0
623852,0.0
623853,0.0
623854,0.0
623855,0.0
623856,0.0
623857,0.0
623858,0.0
623859,0.0
623860,0.0
623861,0.0
623862,0.0
623863,0.0
623864,0.0
623865,0.0
623866,0.0
623867,0.0
623868,0.0
623869,0.0
623870,0.0
623871,0.0
623872,0.0
623873,0.0
623874,0.0
623875,0.0
623876,0.0
623877,0.0
623878,0.0
623879,0.0
623880,0.0
623881,0.0
623882,0.0
623883,0.0
623884,0.0
623885,0.0
623886,0.0
623887,0.0
623888,0.0
623889,0.0
623890,0.0
623891,0.0
623892,0.0
623893,0.0
623894,0.0
623895,0.0
623896,0.0
623897,0.0
623898,0.0
623899,0.0
623900,0.0
623901,0.0
623902,0.0
623903,0.0
623904,0.0
623905,0.0
623906,0.0
623907,0.0
623908,0.0
623909,0.0
623910,0.0
623911,0.0
623912,0.0
623913,0.0
623914,0.0
623915,0.0
623916,0.0
623917,0.0
623918,0.0
623919,0.0
623920,0.0
623921,0.0
623922,0.0
623923,0.0
623924,0.0
623925,0.0
623926,0.0
623927,0.0
623928,0.0
623929,0.0
623930,0.0
623931,0.0
623932,0.0
623933,0.0
623934,0.0
623935,0.0
623936,0.0
623937,0.0
623938,0.0
623939,0.0
623940,0.0
623941,0.0
623942,0.0
623943,0.0
623944,0.0
623945,0.0
623946,0.0
623947,0.0
623948,0.0
623949,0.0
623950,0.0
623951,0.0
623952,0.0
623953,0.0
623954,0.0
623955,0.0
623956,0.0
623957,0.0
623958,0.0
623959,0.0
623960,0.0
623961,0.0
623962,0.0
623963,0.0
623964,0.0
623965,0.0
623966,0.0
623967,0.0
623968,0.0
623969,0.0
623970,0.0
623971,0.0
623972,0.0
623973,0.0
623974,0.0
623975,0.0
623976,0.0
623977,0.0
623978,0.0
623979,0.0
623980,0.0
623981,0.0
623982,0.0
623983,0.0
623984,0.0
623985,0.0
623986,0.0
623987,0.0
623988,0.0
623989,0.0
623990,0.0
623991,0.0
623992,0.0
623993,0.0
623994,0.0
623995,0.0
623996,0.0
623997,0.0
623998,0.0
623999,0.0
624000,0.0
624001,0.0
624002,0.0
624003,0.0
624004,0.0
624005,0.0
624006,0.0
624007,0.0
624008,0.0
624009,0.0
624010,0.0
624011,0.0
624012,0.0
624013,0.0
624014,0.0
624015,0.0
624016,0.0
624017,0.0
624018,0.0
624019,0.0
624020,0.0
624021,0.0
624022,0.0
624023,0.0
624024,0.0
624025,0.0
624026,0.0
624027,0.0
624028,0.0
624029,2.2557496e-07
624030,0.0
624031,0.0
624032,0.0
624033,0.0
624034,0.0
624035,0.0
624036,0.0
624037,0.0
624038,0.0
624039,0.0
624040,0.0
624041,0.0
624042,0.0
624043,0.0
624044,0.0
624045,0.0
624046,0.0
624047,0.0
624048,0.0
624049,0.0
624050,0.0
624051,0.0
624052,0.0
624053,0.0
624054,0.0
624055,0.0
624056,0.0
624057,0.0
624058,0.0
624059,0.0
624060,0.0
624061,0.0
624062,0.0
624063,0.0
624064,0.0
624065,0.0
624066,0.0
624067,0.0
624068,0.0
624069,0.0
624070,0.0
624071,0.0
624072,0.0
624073,0.0
624074,0.0
624075,0.0
624076,0.0
624077,0.0
624078,0.0
624079,0.0
624080,1.9706451e-28
624081,0.0
624082,0.0
624083,0.0
624084,0.0
624085,0.0
624086,0.0
624087,0.0
624088,0.0
624089,0.0
624090,0.0
624091,0.0
624092,0.0
624093,0.0
624094,0.0
624095,0.0
624096,0.0
624097,0.0
624098,0.0
624099,0.0
624100,0.0
624101,0.0
624102,0.0
624103,0.0
624104,0.0
624105,0.0
624106,0.0
624107,0.0
624108,0.0
624109,0.0
624110,0.0
624111,0.0
624112,0.0
624113,0.0
624114,0.0
624115,0.0
624116,0.0
624117,5.632844e-23
624118,0.0
624119,0.0
624120,0.0
624121,0.0
624122,0.0
624123,0.0
624124,0.0
624125,0.0
624126,0.0
624127,0.0
624128,0.0
624129,0.0
624130,0.0
624131,0.0
624132,0.0
624133,0.0
624134,0.0
624135,0.0
624136,0.0
624137,0.0
624138,0.0
624139,0.0
624140,0.0
624141,0.0
624142,0.0
624143,0.0
624144,0.0
624145,0.0
624146,0.0
624147,0.0
624148,0.0
624149,0.0
624150,0.0
624151,0.0
624152,0.0
624153,0.0
624154,0.0
624155,0.0
624156,0.0
624157,0.0
624158,0.0
624159,0.0
624160,0.0
624161,0.0
624162,0.0
624163,0.0
624164,0.0
624165,0.0
624166,0.0
624167,0.0
624168,0.0
624169,0.0
624170,0.0
624171,0.0
624172,0.0
624173,0.0
624174,0.0
624175,0.0
624176,0.0
624177,0.0
624178,0.0
624179,0.0
624180,0.0
624181,3.1183148e-19
624182,0.0
624183,0.0
624184,0.0
624185,0.0
624186,0.0
624187,0.0
624188,0.0
624189,0.0
624190,0.0
624191,0.0
624192,0.0
624193,0.0
624194,0.0
624195,0.0
624196,0.0
624197,0.0
624198,0.0
624199,0.0
624200,0.0
624201,0.0
624202,0.0
624203,0.0
624204,0.0
624205,0.0
624206,0.0
624207,0.0
624208,0.0
624209,0.0
624210,0.0
624211,0.0
624212,0.0
624213,0.0
624214,0.0
624215,0.0
624216,0.0
624217,0.0
624218,0.0
624219,0.0
624220,0.0
624221,0.0
624222,0.0
624223,0.0
624224,0.0
624225,0.0
624226,0.0
624227,0.0
624228,0.0
624229,0.0
624230,0.0
624231,0.0
624232,0.0
624233,0.0
624234,0.0
624235,0.0
624236,0.0
624237,0.0
624238,0.0
624239,0.0
624240,0.0
624241,0.0
624242,0.0
624243,0.0
624244,0.0
624245,0.0
624246,0.0
624247,0.0
624248,0.0
624249,0.0
624250,0.0
624251,0.0
624252,0.0
624253,0.0
624254,0.0
624255,0.0
624256,0.0
624257,0.0
624258,0.0
624259,0.0
624260,0.0
624261,0.0
624262,0.0
624263,0.0
624264,0.0
624265,0.0
624266,0.0
624267,0.0
624268,0.0
624269,0.0
624270,0.0
624271,0.0
624272,0.0
624273,0.0
624274,0.0
624275,0.0
624276,0.0
624277,0.0
624278,0.0
624279,0.0
624280,0.0
624281,0.0
624282,0.0
624283,0.0
624284,0.0
624285,0.0
624286,0.0
624287,0.0
624288,0.0
624289,0.0
624290,0.0
624291,0.0
624292,0.0
624293,0.0
624294,0.0
624295,0.0
624296,0.0
624297,0.0
624298,0.0
624299,0.0
624300,0.0
624301,0.0
624302,0.0
624303,0.0
624304,0.0
624305,0.0
624306,0.0
624307,0.0
624308,0.0
624309,0.0
624310,0.0
624311,0.0
624312,0.0
624313,0.0
624314,0.0
624315,0.0
624316,0.0
624317,0.0
624318,0.0
624319,0.0
624320,0.0
624321,0.0
624322,0.0
624323,0.0
624324,0.0
624325,0.0
624326,0.0
624327,0.0
624328,0.0
624329,0.0
624330,0.0
624331,0.0
624332,0.0
624333,0.0
624334,0.0
624335,0.0
624336,0.0
624337,0.0
624338,0.0
624339,0.0
624340,0.0
624341,0.0
624342,0.0
624343,0.0
624344,0.0
624345,0.0
624346,0.0
624347,0.0
624348,0.0
624349,0.0
624350,0.0
624351,0.0
624352,0.0
624353,0.0
624354,0.0
624355,0.0
624356,0.0
624357,0.0
624358,0.0
624359,0.0
624360,0.0
624361,0.0
624362,0.0
624363,0.0
624364,0.0
624365,0.0
624366,0.0
624367,0.0
624368,0.0
624369,0.0
624370,0.0
624371,0.0
624372,0.0
624373,0.0
624374,0.0
624375,0.0
624376,0.0
624377,0.0
624378,0.0
624379,0.0
624380,0.0
624381,0.0
624382,0.0
624383,0.0
624384,0.0
624385,0.0
624386,0.0
624387,0.0
624388,0.0
624389,0.0
624390,0.0
624391,0.0
624392,0.0
624393,0.0
624394,0.0
624395,0.0
624396,0.0
624397,0.0
624398,0.0
624399,0.0
624400,0.0
624401,0.0
624402,0.0
624403,0.0
624404,0.0
624405,0.0
624406,0.0
624407,0.0
624408,0.0
624409,0.0
624410,0.0
624411,0.0
624412,0.0
624413,0.0
624414,0.0
624415,0.0
624416,0.0
624417,0.0
624418,0.0
624419,0.0
624420,0.0
624421,0.0
624422,0.0
624423,0.0
624424,0.0
624425,0.0
624426,0.0
624427,0.0
624428,0.0
624429,0.0
624430,0.0
624431,0.0
624432,0.0
624433,0.0
624434,0.0
624435,0.0
624436,0.0
624437,0.0
624438,0.0
624439,0.0
624440,0.0
624441,0.0
624442,0.0
624443,0.0
624444,0.0
624445,0.0
624446,0.0
624447,0.0
624448,0.0
624449,0.0
624450,0.0
624451,0.0
624452,0.0
624453,0.0
624454,0.0
624455,0.0
624456,0.0
624457,0.0
624458,0.0
624459,0.0
624460,0.0
624461,0.0
624462,0.0
624463,0.0
624464,0.0
624465,0.0
624466,0.0
624467,0.0
624468,0.0
624469,0.0
624470,0.0
624471,0.0
624472,0.0
624473,0.0
624474,2.4375394e-19
624475,0.0
624476,0.0
624477,0.0
624478,0.0
624479,0.0
624480,0.0
624481,0.0
624482,0.0
624483,0.0
624484,0.0
624485,0.0
624486,0.0
624487,0.0
624488,0.0
624489,0.0
624490,0.0
624491,0.0
624492,0.0
624493,0.0
624494,0.0
624495,0.0
624496,0.0
624497,0.0
624498,0.0
624499,0.0
624500,0.0
624501,0.0
624502,0.0
624503,0.0
624504,0.0
624505,0.0
624506,0.0
624507,0.0
624508,0.0
624509,0.0
624510,0.0
624511,0.0
624512,0.0
624513,0.0
624514,0.0
624515,0.0
624516,0.0
624517,0.0
624518,0.0
624519,0.0
624520,0.0
624521,0.0
624522,0.0
624523,0.0
624524,0.0
624525,0.0
624526,0.0
624527,0.0
624528,0.0
624529,0.0
624530,0.0
624531,0.0
624532,0.0
624533,0.0
624534,0.0
624535,0.0
624536,0.0
624537,0.0
624538,0.0
624539,0.0
624540,0.0
624541,0.0
624542,0.0
624543,0.0
624544,0.0
624545,0.0
624546,0.0
624547,0.0
624548,0.0
624549,0.0
624550,0.0
624551,0.0
624552,0.0
624553,0.0
624554,0.0
624555,0.0
624556,0.0
624557,0.0
624558,0.0
624559,0.0
624560,0.0
624561,0.0
624562,0.0
624563,0.0
624564,0.0
624565,0.0
624566,0.0
624567,0.0
624568,0.0
624569,0.0
624570,0.0
624571,0.0
624572,0.0
624573,0.0
624574,0.0
624575,0.0
624576,0.0
624577,0.0
624578,0.0
624579,0.0
624580,0.0
624581,0.0
624582,0.0
624583,0.0
624584,0.0
624585,0.0
624586,0.0
624587,0.0
624588,0.0
624589,0.0
624590,0.0
624591,0.0
624592,0.0
624593,0.0
624594,0.0
624595,0.0
624596,0.0
624597,0.0
624598,0.0
624599,0.0
624600,0.0
624601,0.0
624602,0.0
624603,0.0
624604,0.0
624605,0.0
624606,0.0
624607,0.0
624608,0.0
624609,0.0
624610,0.0
624611,0.0
624612,0.0
624613,0.0
624614,0.0
624615,0.0
624616,0.0
624617,0.0
624618,0.0
624619,0.0
624620,0.0
624621,0.0
624622,1.3080996e-05
624623,0.0
624624,0.0
624625,0.0
624626,0.0
624627,0.0
624628,0.0
624629,0.0
624630,0.0
624631,0.0
624632,0.0
624633,0.0
624634,0.0
624635,0.0
624636,0.0
624637,0.0
624638,0.0
624639,0.0
624640,0.0
624641,0.0
624642,0.0
624643,0.0
624644,0.0
624645,0.0
624646,0.0
624647,0.0
624648,0.0
624649,0.0
624650,0.0
624651,0.0
624652,0.0
624653,0.0
624654,0.0
624655,0.0
624656,0.0
624657,0.0
624658,0.0
624659,0.0
624660,0.0
624661,0.0
624662,0.0
624663,0.0
624664,0.0
624665,0.0
624666,0.0
624667,0.0
624668,0.0
624669,0.0
624670,0.0
624671,0.0
624672,0.0
624673,0.0
624674,0.0
624675,0.0
624676,0.0
624677,0.0
624678,0.0
624679,0.0
624680,0.0
624681,0.0
624682,0.0
624683,0.0
624684,0.0
624685,0.0
624686,0.0
624687,0.0
624688,0.0
624689,0.0
624690,0.0
624691,0.0
624692,0.0
624693,0.0
624694,0.0
624695,0.0
624696,0.0
624697,0.0
624698,0.0
624699,0.0
624700,0.0
624701,0.0
624702,0.0
624703,0.0
624704,0.0
624705,0.0
624706,0.0
624707,0.0
624708,0.0
624709,0.0
624710,0.0
624711,0.0
624712,0.0
624713,0.0
624714,0.0
624715,0.0
624716,0.0
624717,0.0
624718,0.0
624719,0.0
624720,0.0
624721,0.0
624722,0.0
624723,0.0
624724,0.0
624725,0.0
624726,0.0
624727,0.0
624728,0.0
624729,0.0
624730,0.0
624731,0.0
624732,0.0
624733,0.0
624734,0.0
624735,0.0
624736,0.0
624737,0.0
624738,0.0
624739,0.0
624740,0.0
624741,0.0
624742,0.0
624743,0.0
624744,0.0
624745,0.0
624746,0.0
624747,0.0
624748,0.0
624749,0.0
624750,0.0
624751,0.0
624752,0.0
624753,0.0
624754,0.0
624755,0.0
624756,0.0
624757,0.0
624758,0.0
624759,0.0
624760,0.0
624761,0.0
624762,0.0
624763,0.0
624764,0.0
624765,0.0
624766,0.0
624767,0.0
624768,0.0
624769,0.0
624770,0.0
624771,0.0
624772,0.0
624773,0.0
624774,0.0
624775,0.0
624776,0.0
624777,0.0
624778,0.0
624779,0.0
624780,0.0
624781,0.0
624782,0.0
624783,1.276787e-22
624784,0.0
624785,0.0
624786,0.0
624787,0.0
624788,0.0
624789,0.0
624790,0.0
624791,0.0
624792,0.0
624793,0.0
624794,0.0
624795,0.0
624796,0.0
624797,0.0
624798,0.0
624799,0.0
624800,0.0
624801,0.0
624802,0.0
624803,0.0
624804,0.0
624805,0.0
624806,0.0
624807,0.0
624808,0.0
624809,0.0
624810,0.0
624811,0.0
624812,0.0
624813,0.0
624814,4.3308537e-27
624815,0.0
624816,0.0
624817,0.0
624818,0.0
624819,0.0
624820,0.0
624821,0.0
624822,0.0
624823,0.0
624824,0.0
624825,0.0
624826,0.0
624827,0.0
624828,0.0
624829,0.0
624830,0.0
624831,0.0
624832,0.0
624833,0.0
624834,0.0
624835,0.0
624836,0.0
624837,0.0
624838,0.0
624839,0.0
624840,0.0
624841,0.0
624842,0.0
624843,0.0
624844,0.0
624845,0.0
624846,0.0
624847,0.0
624848,0.0
624849,0.0
624850,0.0
624851,0.0
624852,0.0
624853,0.0
624854,0.0
624855,0.0
624856,0.0
624857,0.0
624858,0.0
624859,0.0
624860,0.0
624861,0.0
624862,0.0
624863,0.0
624864,0.0
624865,0.0
624866,0.0
624867,0.0
624868,0.0
624869,0.0
624870,0.0
624871,0.0
624872,0.0
624873,0.0
624874,0.0
624875,0.0
624876,0.0
624877,0.0
624878,0.0
624879,0.0
624880,0.0
624881,0.0
624882,0.0
624883,0.0
624884,0.0
624885,0.0
624886,0.0
624887,0.0
624888,0.0
624889,0.0
624890,0.0
624891,0.0
624892,0.0
624893,0.0
624894,0.0
624895,0.0
624896,0.0
624897,0.0
624898,0.0
624899,0.0
624900,0.0
624901,0.0
624902,0.0
624903,0.0
624904,0.0
624905,0.0
624906,0.0
624907,0.0
624908,0.0
624909,0.0
624910,0.0
624911,0.0
624912,0.0
624913,0.0
624914,0.0
624915,0.0
624916,0.0
624917,0.0
624918,0.0
624919,0.0
624920,0.0
624921,0.0
624922,0.0
624923,0.0
624924,0.0
624925,0.0
624926,0.0
624927,0.0
624928,0.0
624929,0.0
624930,0.0
624931,0.0
624932,0.0
624933,0.0
624934,0.0
624935,0.0
624936,0.0
624937,0.0
624938,0.0
624939,0.0
624940,0.0
624941,0.0
624942,0.0
624943,0.0
624944,0.0
624945,0.0
624946,0.0
624947,0.0
624948,0.0
624949,0.0
624950,0.0
624951,0.0
624952,0.0
624953,0.0
624954,0.0
624955,0.0
624956,0.0
624957,0.0
624958,0.0
624959,0.0
624960,0.0
624961,0.0
624962,0.0
624963,0.0
624964,0.0
624965,0.0
624966,0.0
624967,0.0
624968,0.0
624969,0.0
624970,0.0
624971,0.0
624972,0.0
624973,0.0
624974,0.0
624975,0.0
624976,0.0
624977,0.0
624978,0.0
624979,0.0
624980,0.0
624981,0.0
624982,0.0
624983,0.0
624984,0.0
624985,0.0
624986,0.0
624987,0.0
624988,0.0
624989,0.0
624990,0.0
624991,0.0
624992,0.0
624993,0.0
624994,0.0
624995,0.0
624996,0.0
624997,0.0
624998,0.0
624999,0.0
625000,0.0
625001,0.0
625002,0.0
625003,0.0
625004,0.0
625005,0.0
625006,0.0
625007,0.0
625008,0.0
625009,0.0
625010,0.0
625011,0.0
625012,0.0
625013,0.0
625014,0.0
625015,0.0
625016,0.0
625017,0.0
625018,0.0
625019,0.0
625020,0.0
625021,0.0
625022,0.0
625023,0.0
625024,0.0
625025,0.0
625026,0.0
625027,0.0
625028,0.0
625029,0.0
625030,0.0
625031,0.0
625032,0.0
625033,0.0
625034,0.0
625035,0.0
625036,0.0
625037,0.0
625038,0.0
625039,0.0
625040,0.0
625041,0.0
625042,0.0
625043,0.0
625044,0.0
625045,0.0
625046,0.0
625047,0.0
625048,0.0
625049,0.0
625050,0.0
625051,0.0
625052,0.0
625053,0.0
625054,0.0
625055,0.0
625056,0.0
625057,0.0
625058,0.0
625059,0.0
625060,0.0
625061,0.0
625062,0.0
625063,0.0
625064,0.0
625065,0.0
625066,0.0
625067,0.0
625068,0.0
625069,0.0
625070,0.0
625071,0.0
625072,0.0
625073,0.0
625074,0.0
625075,0.0
625076,0.0
625077,0.0
625078,0.0
625079,0.0
625080,0.0
625081,0.0
625082,0.0
625083,0.0
625084,0.0
625085,0.0
625086,0.0
625087,0.0
625088,0.0
625089,0.0
625090,0.0
625091,0.0
625092,0.0
625093,0.0
625094,0.0
625095,0.0
625096,0.0
625097,0.0
625098,1.08607685e-32
625099,0.0
625100,0.0
625101,0.0
625102,1.1334381e-15
625103,0.0
625104,0.0
625105,0.0
625106,0.0
625107,0.0
625108,0.0
625109,0.0
625110,0.0
625111,0.0
625112,0.0
625113,0.0
625114,0.0
625115,0.0
625116,0.0
625117,0.0
625118,0.0
625119,0.0
625120,0.0
625121,0.0
625122,0.0
625123,0.0
625124,0.0
625125,0.0
625126,0.0
625127,0.0
625128,0.0
625129,0.0
625130,0.0
625131,0.0
625132,0.0
625133,0.0
625134,0.0
625135,0.0
625136,0.0
625137,0.0
625138,0.0
625139,0.0
625140,0.0
625141,0.0
625142,0.0
625143,0.0
625144,0.0
625145,0.0
625146,0.0
625147,0.0
625148,0.0
625149,0.0
625150,0.0
625151,0.0
625152,0.0
625153,0.0
625154,0.0
625155,0.0
625156,0.0
625157,0.0
625158,0.0
625159,0.0
625160,0.0
625161,0.0
625162,0.0
625163,0.0
625164,0.0
625165,0.0
625166,0.0
625167,0.0
625168,0.0
625169,0.0
625170,0.0
625171,0.0
625172,0.0
625173,0.0
625174,0.0
625175,0.0
625176,0.0
625177,0.0
625178,0.0
625179,0.0
625180,0.0
625181,0.0
625182,0.0
625183,0.0
625184,0.0
625185,0.0
625186,0.0
625187,0.0
625188,0.0
625189,0.0
625190,0.0
625191,0.0
625192,0.0
625193,0.0
625194,0.0
625195,0.0
625196,0.0
625197,0.0
625198,0.0
625199,0.0
625200,0.0
625201,0.0
625202,0.0
625203,3.759884e-08
625204,0.0
625205,0.0
625206,0.0
625207,0.0
625208,0.0
625209,0.0
625210,0.0
625211,0.0
625212,0.0
625213,0.0
625214,2.7857067e-23
625215,0.0
625216,0.0
625217,0.0
625218,0.0
625219,0.0
625220,0.0
625221,0.0
625222,0.0
625223,0.0
625224,0.0
625225,0.0
625226,0.0
625227,0.0
625228,0.0
625229,0.0
625230,0.0
625231,0.0
625232,0.0
625233,0.0
625234,0.0
625235,0.0
625236,0.0
625237,0.0
625238,0.0
625239,0.0
625240,0.0
625241,0.0
625242,0.0
625243,0.0
625244,0.0
625245,0.0
625246,0.0
625247,0.0
625248,0.0
625249,0.0
625250,0.0
625251,0.0
625252,0.0
625253,0.0
625254,0.0
625255,0.0
625256,0.0
625257,0.0
625258,0.0
625259,0.0
625260,0.0
625261,0.0
625262,0.0
625263,0.0
625264,0.0
625265,0.0
625266,0.0
625267,0.0
625268,0.0
625269,0.0
625270,0.0
625271,0.0
625272,0.0
625273,0.0
625274,0.0
625275,0.0
625276,0.0
625277,0.0
625278,0.0
625279,0.0
625280,0.0
625281,0.0
625282,0.0
625283,0.0
625284,0.0
625285,0.0
625286,0.0
625287,0.0
625288,0.0
625289,0.0
625290,0.0
625291,0.0
625292,0.0
625293,0.0
625294,0.0
625295,0.0
625296,0.0
625297,0.0
625298,0.0
625299,0.0
625300,0.0
625301,0.0
625302,0.0
625303,0.0
625304,0.0
625305,0.0
625306,0.0
625307,0.0
625308,0.0
625309,0.0
625310,0.0
625311,0.0
625312,0.0
625313,0.0
625314,0.0
625315,0.0
625316,0.0
625317,0.0
625318,0.0
625319,0.0
625320,0.0
625321,0.0
625322,0.0
625323,0.0
625324,0.0
625325,0.0
625326,0.0
625327,0.0
625328,0.0
625329,0.0
625330,0.0
625331,0.0
625332,0.0
625333,0.0
625334,0.0
625335,0.0
625336,0.0
625337,0.0
625338,0.0
625339,0.0
625340,0.0
625341,0.0
625342,0.0
625343,0.0
625344,0.0
625345,0.0
625346,0.0
625347,0.0
625348,0.0
625349,0.0
625350,0.0
625351,0.0
625352,0.0
625353,0.0
625354,0.0
625355,0.0
625356,0.0
625357,0.0
625358,0.0
625359,0.0
625360,0.0
625361,0.0
625362,0.0
625363,0.0
625364,0.0
625365,0.0
625366,0.0
625367,0.0
625368,0.0
625369,0.0
625370,0.0
625371,0.0
625372,0.0
625373,0.0
625374,0.0
625375,0.0
625376,0.0
625377,0.0
625378,0.0
625379,0.0
625380,0.0
625381,0.0
625382,0.0
625383,0.0
625384,0.0
625385,0.0
625386,0.0
625387,0.0
625388,0.0
625389,0.0
625390,0.0
625391,0.0
625392,0.0
625393,0.0
625394,0.0
625395,0.0
625396,0.0
625397,0.0
625398,0.0
625399,0.0
625400,0.0
625401,0.0
625402,0.0
625403,0.0
625404,0.0
625405,0.0
625406,0.0
625407,0.0
625408,0.0
625409,0.0
625410,0.0
625411,0.0
625412,0.0
625413,0.0
625414,0.0
625415,0.0
625416,0.0
625417,0.0
625418,0.0
625419,0.0
625420,0.0
625421,0.0
625422,0.0
625423,0.0
625424,0.0
625425,0.0
625426,0.0
625427,0.0
625428,0.0
625429,0.0
625430,0.0
625431,0.0
625432,0.0
625433,0.0
625434,0.0
625435,0.0
625436,0.0
625437,0.0
625438,0.0
625439,0.0
625440,0.0
625441,0.0
625442,0.0
625443,0.0
625444,0.0
625445,0.0
625446,0.0
625447,0.0
625448,0.0
625449,0.0
625450,0.0
625451,0.0
625452,0.0
625453,0.0
625454,0.0
625455,0.0
625456,0.0
625457,0.0
625458,0.0
625459,0.0
625460,0.0
625461,0.0
625462,0.0
625463,0.0
625464,0.0
625465,0.0
625466,0.0
625467,0.0
625468,0.0
625469,0.0
625470,0.0
625471,0.0
625472,0.0
625473,0.0
625474,0.0
625475,0.0
625476,0.0
625477,0.0
625478,0.0
625479,0.0
625480,0.0
625481,0.0
625482,0.0
625483,0.0
625484,0.0
625485,0.0
625486,0.0
625487,0.0
625488,0.0
625489,0.0
625490,0.0
625491,0.0
625492,0.0
625493,0.0
625494,0.0
625495,0.0
625496,0.0
625497,0.0
625498,0.0
625499,0.008732757
625500,0.0
625501,0.0
625502,0.0
625503,0.0
625504,0.0
625505,0.0
625506,0.0
625507,0.0
625508,0.0
625509,0.0
625510,0.0
625511,0.0
625512,0.0
625513,0.0
625514,0.0
625515,0.0
625516,0.0
625517,0.0
625518,0.0
625519,0.0
625520,0.0
625521,0.0
625522,0.0
625523,0.0
625524,0.0
625525,0.0
625526,0.0
625527,0.0
625528,0.0
625529,0.0
625530,0.0
625531,0.0
625532,0.0
625533,0.0
625534,0.0
625535,0.0
625536,0.0
625537,0.0
625538,0.0
625539,0.0
625540,0.0
625541,0.0
625542,0.0
625543,0.0
625544,0.0
625545,0.0
625546,0.0
625547,0.0
625548,0.0
625549,0.0
625550,0.0
625551,0.0
625552,0.0
625553,0.0
625554,0.0
625555,0.0
625556,0.0
625557,0.0
625558,0.0
625559,0.0
625560,0.0
625561,0.0
625562,0.0
625563,0.0
625564,0.0
625565,0.0
625566,0.0
625567,0.0
625568,0.0
625569,0.0
625570,0.0
625571,0.0
625572,0.0
625573,0.0
625574,0.0
625575,0.0
625576,0.0
625577,0.0
625578,0.0
625579,0.0
625580,0.0
625581,0.0
625582,0.0
625583,0.0
625584,0.0
625585,0.0
625586,0.0
625587,0.0
625588,0.0
625589,0.0
625590,0.0
625591,0.0
625592,0.0
625593,0.0
625594,0.0
625595,0.0
625596,0.0
625597,0.0
625598,0.0
625599,0.0
625600,0.0
625601,0.0
625602,0.0
625603,0.0
625604,0.0
625605,0.0
625606,0.0
625607,0.0
625608,0.0
625609,0.0
625610,0.0
625611,0.0
625612,0.0
625613,0.0
625614,0.0
625615,0.0
625616,0.0
625617,0.0
625618,0.0
625619,0.0
625620,0.0
625621,0.0
625622,0.0
625623,0.0
625624,0.0
625625,0.0
625626,0.0
625627,0.0
625628,0.0
625629,0.0
625630,0.0
625631,0.0
625632,0.0
625633,0.0
625634,0.0
625635,0.0
625636,0.0
625637,0.0
625638,0.0
625639,0.0
625640,0.0
625641,0.0
625642,0.0
625643,0.0
625644,0.0
625645,0.0
625646,0.0
625647,0.0
625648,0.0
625649,0.0
625650,0.0
625651,0.0
625652,0.0
625653,0.0
625654,0.0
625655,0.0
625656,0.0
625657,0.0
625658,0.0
625659,0.13263714
625660,0.0
625661,0.0
625662,0.0
625663,0.0
625664,0.0
625665,0.0
625666,0.0
625667,0.0
625668,0.0
625669,0.0
625670,0.0
625671,0.0
625672,0.0
625673,0.0
625674,0.0
625675,0.0
625676,0.0
625677,0.0
625678,0.0
625679,0.0
625680,0.0
625681,0.0
625682,0.0
625683,0.0
625684,0.0
625685,0.0
625686,0.0
625687,0.0
625688,0.0
625689,0.0
625690,0.0
625691,0.0
625692,0.0
625693,0.0
625694,0.0
625695,0.0
625696,0.0
625697,0.0
625698,0.0
625699,0.0
625700,0.0
625701,0.0
625702,0.0
625703,0.0
625704,0.0
625705,0.0
625706,0.0
625707,0.0
625708,0.0
625709,0.0
625710,0.0
625711,0.0
625712,0.0
625713,0.0
625714,0.0
625715,0.0
625716,0.0
625717,0.0
625718,0.0
625719,0.0
625720,0.0
625721,0.0
625722,0.0
625723,0.0
625724,0.0
625725,0.0
625726,0.0
625727,0.0
625728,0.0
625729,0.0
625730,0.0
625731,0.0
625732,0.0
625733,0.0
625734,0.0
625735,0.0
625736,0.0
625737,0.0
625738,0.0
625739,0.0
625740,0.0
625741,0.0
625742,0.0
625743,0.0
625744,0.0
625745,0.0
625746,0.0
625747,0.0
625748,0.0
625749,0.0
625750,0.0
625751,0.0
625752,0.0
625753,0.0
625754,0.0
625755,1.2004103e-14
625756,0.0
625757,0.0
625758,0.0
625759,0.0
625760,0.0
625761,0.0
625762,0.0
625763,0.0
625764,0.0
625765,0.0
625766,0.0
625767,0.0
625768,0.0
625769,0.0
625770,0.0
625771,0.0
625772,0.0
625773,0.0
625774,0.0
625775,0.0
625776,0.0
625777,0.0
625778,0.0
625779,0.0
625780,0.0
625781,0.0
625782,0.0
625783,0.0
625784,0.0
625785,0.0
625786,0.0
625787,0.0
625788,0.0
625789,0.0
625790,0.0
625791,0.0
625792,0.0
625793,0.0
625794,0.0
625795,0.0
625796,0.0
625797,0.0
625798,0.0
625799,0.0
625800,0.0
625801,0.0
625802,0.0
625803,0.0
625804,0.0
625805,0.0
625806,0.0
625807,0.0
625808,0.0
625809,0.0
625810,0.0
625811,0.0
625812,0.0
625813,0.0
625814,0.0
625815,0.0
625816,0.0
625817,0.0
625818,0.0
625819,0.0
625820,0.0
625821,0.0
625822,0.0
625823,0.0
625824,0.0
625825,0.0
625826,0.0
625827,0.0
625828,0.0
625829,0.0
625830,0.0
625831,0.0
625832,0.0
625833,0.0
625834,0.0
625835,0.0
625836,0.0
625837,0.0
625838,0.0
625839,0.0
625840,0.0
625841,0.0
625842,0.0
625843,0.0
625844,0.0
625845,0.0
625846,0.0
625847,0.0
625848,0.0
625849,0.0
625850,0.0
625851,0.0
625852,0.0
625853,0.0
625854,0.0
625855,0.0
625856,0.0
625857,0.0
625858,0.0
625859,0.0
625860,0.0
625861,0.0
625862,0.0
625863,0.0
625864,0.0
625865,0.0
625866,0.0
625867,0.0
625868,0.0
625869,0.0
625870,0.0
625871,0.0
625872,0.0
625873,3.7902156e-25
625874,0.0
625875,0.0
625876,0.0
625877,0.0
625878,0.0
625879,0.0
625880,0.0
625881,0.0
625882,0.0
625883,0.0
625884,0.0
625885,0.0
625886,0.0
625887,0.0
625888,0.0
625889,0.0
625890,0.0
625891,0.0
625892,0.0
625893,0.0
625894,0.0
625895,0.0
625896,0.0
625897,0.1862088
625898,0.0
625899,0.0
625900,0.0
625901,0.0
625902,0.0
625903,0.0
625904,0.0
625905,0.0
625906,0.0
625907,0.0
625908,0.0
625909,0.0
625910,0.0
625911,0.0
625912,0.0
625913,0.0
625914,0.0
625915,0.0
625916,0.0
625917,0.0
625918,0.0
625919,0.0
625920,1.5051979e-22
625921,1.7474331e-29
625922,0.0
625923,0.0
625924,0.0
625925,0.0
625926,0.0
625927,0.0
625928,0.0
625929,0.0
625930,0.0
625931,0.0
625932,0.0
625933,0.0
625934,0.0
625935,0.0
625936,0.0
625937,0.0
625938,0.0
625939,0.0
625940,0.0
625941,2.0570935e-38
625942,0.0
625943,0.0
625944,0.0
625945,0.0
625946,0.0
625947,0.0
625948,0.0
625949,0.0
625950,0.0
625951,0.0
625952,0.0
625953,0.0
625954,0.0
625955,0.0
625956,0.0
625957,0.0
625958,0.0
625959,0.0
625960,0.0
625961,0.0
625962,0.0
625963,0.0
625964,0.0
625965,0.0
625966,0.0
625967,0.0
625968,0.0
625969,0.0
625970,0.0
625971,0.0
625972,0.0
625973,0.0
625974,0.0
625975,0.0
625976,0.0
625977,0.0
625978,0.0
625979,0.0
625980,0.0
625981,0.0
625982,0.0
625983,0.0
625984,0.0
625985,0.0
625986,0.0
625987,0.0
625988,0.0
625989,0.0
625990,0.0
625991,0.0
625992,0.0
625993,0.0
625994,0.0
625995,0.0
625996,0.0
625997,0.0
625998,0.0
625999,0.0
626000,0.0
626001,0.0
626002,0.0
626003,0.0
626004,0.0
626005,0.0
626006,0.0
626007,0.0
626008,0.0
626009,0.0
626010,0.0
626011,0.0
626012,0.0
626013,0.16068092
626014,0.0
626015,0.0
626016,0.0
626017,0.0
626018,0.0
626019,0.0
626020,0.0
626021,0.0
626022,0.0
626023,0.0
626024,0.0
626025,0.0
626026,0.0
626027,0.0
626028,0.0
626029,0.0
626030,0.0
626031,0.0
626032,0.0
626033,0.0
626034,0.0
626035,0.0
626036,0.0
626037,0.0
626038,0.0
626039,0.0
626040,0.0
626041,0.0
626042,0.0
626043,0.0
626044,0.0
626045,0.0
626046,0.0
626047,0.0
626048,0.0
626049,0.0
626050,0.0
626051,0.0
626052,0.0
626053,0.0
626054,0.0
626055,0.0
626056,0.0
626057,0.0
626058,0.0
626059,0.0
626060,0.0
626061,0.0
626062,0.0
626063,0.0
626064,0.0
626065,0.0
626066,0.0
626067,0.0
626068,0.0
626069,0.0
626070,0.0
626071,0.0
626072,0.0
626073,0.0
626074,0.0
626075,0.0
626076,0.0
626077,0.0
626078,0.0
626079,0.0
626080,0.0
626081,0.0
626082,0.0
626083,0.0
626084,0.0
626085,0.0
626086,0.0
626087,0.0
626088,0.0
626089,0.0
626090,0.0
626091,0.0
626092,0.0
626093,0.0
626094,0.0
626095,0.0
626096,0.0
626097,0.0
626098,0.0
626099,0.0
626100,0.0
626101,0.0
626102,0.0
626103,0.0
626104,0.0
626105,0.0
626106,0.0
626107,0.0
626108,0.0
626109,0.0
626110,0.0
626111,0.0
626112,0.0
626113,0.0
626114,0.0
626115,0.0
626116,0.0
626117,0.0
626118,4.018485e-12
626119,0.0
626120,0.0
626121,0.0
626122,0.0
626123,0.0
626124,0.0
626125,2.1463207e-09
626126,0.0
626127,0.36242384
626128,0.0
626129,0.0
626130,0.0
626131,0.0
626132,0.0
626133,0.0
626134,0.0
626135,0.0
626136,0.0
626137,0.0
626138,0.0
626139,0.0
626140,0.0
626141,0.0
626142,0.0
626143,0.0
626144,0.0
626145,0.0
626146,0.0
626147,0.0
626148,0.0
626149,0.0
626150,0.0
626151,0.0
626152,0.0
626153,0.0
626154,0.0
626155,0.0
626156,0.0
626157,0.0
626158,0.0
626159,0.0
626160,0.0
626161,0.0
626162,0.0
626163,0.0
626164,0.0
626165,0.0
626166,0.0
626167,0.0
626168,0.0
626169,0.0
626170,0.0
626171,0.0
626172,0.0
626173,0.0
626174,0.0
626175,3.4300717e-13
626176,0.0
626177,0.0
626178,0.0
626179,0.0
626180,0.0
626181,0.0
626182,0.0
626183,0.0
626184,0.0
626185,0.0
626186,0.0
626187,0.0
626188,0.0
626189,0.0
626190,0.0
626191,0.0
626192,0.0
626193,0.0
626194,0.0
626195,0.0
626196,1.2890715e-10
626197,0.0
626198,0.0
626199,0.0
626200,0.0
626201,0.0
626202,0.0
626203,0.0
626204,0.0
626205,0.0
626206,0.0
626207,0.0
626208,0.0
626209,0.0
626210,0.0
626211,0.0
626212,0.0
626213,0.0
626214,0.0
626215,0.0
626216,0.0
626217,0.0
626218,0.0
626219,0.0
626220,0.0
626221,0.0
626222,0.0
626223,0.0
626224,0.0
626225,0.0
626226,0.0
626227,0.0
626228,0.0
626229,8.607791e-38
626230,0.0
626231,0.0
626232,0.0
626233,0.0
626234,0.0
626235,0.0
626236,0.0
626237,0.0
626238,0.0
626239,0.0
626240,0.0
626241,0.0
626242,0.0
626243,0.0
626244,0.0
626245,0.0
626246,0.0
626247,0.0
626248,0.0
626249,0.0
626250,0.0
626251,0.0
626252,0.0
626253,0.0
626254,0.0
626255,0.0
626256,0.0
626257,0.0
626258,0.0
626259,0.0
626260,0.0
626261,0.0
626262,0.0
626263,0.0
626264,0.0
626265,0.0
626266,0.0
626267,0.0
626268,0.0
626269,0.0
626270,0.0
626271,0.0
626272,0.0
626273,0.0
626274,0.0
626275,0.0
626276,0.0
626277,0.0
626278,0.0
626279,0.0
626280,0.0
626281,0.0
626282,0.0
626283,0.0
626284,0.0
626285,0.0
626286,0.0
626287,0.0
626288,0.0
626289,0.0
626290,0.0
626291,0.0
626292,0.0
626293,0.0
626294,0.0
626295,0.0
626296,0.0
626297,0.0
626298,0.0
626299,0.0
626300,0.0
626301,0.0
626302,0.0
626303,0.0
626304,0.0
626305,0.0
626306,0.0
626307,0.0
626308,0.0
626309,0.0
626310,0.0
626311,0.0
626312,0.0
626313,0.0
626314,0.0
626315,0.0
626316,0.0
626317,0.0
626318,0.0
626319,0.0
626320,0.0
626321,0.0
626322,0.0
626323,0.0
626324,0.0
626325,0.0
626326,0.0
626327,0.0
626328,0.0
626329,0.0
626330,0.0
626331,0.0
626332,0.0
626333,0.0
626334,0.0
626335,0.0
626336,0.0
626337,0.0
626338,0.0
626339,0.0
626340,0.0
626341,0.0
626342,0.0
626343,0.0
626344,0.0
626345,0.0
626346,0.0
626347,0.0
626348,0.0
626349,0.0
626350,0.0
626351,0.0
626352,0.0
626353,0.0
626354,0.0
626355,0.0
626356,0.0
626357,0.0
626358,0.0
626359,0.0
626360,0.0
626361,0.0
626362,0.0
626363,0.0
626364,0.0
626365,0.0
626366,0.0
626367,0.0
626368,0.0
626369,0.0
626370,0.0
626371,0.0
626372,0.0
626373,0.0
626374,0.0
626375,0.0
626376,0.0
626377,0.0
626378,0.0
626379,0.0
626380,0.0
626381,0.0
626382,0.0
626383,0.0
626384,0.0
626385,0.0
626386,0.0
626387,0.0
626388,0.0
626389,0.0
626390,0.0
626391,0.0
626392,0.0
626393,0.0
626394,0.0
626395,0.0
626396,0.0
626397,0.0
626398,0.0
626399,0.0
626400,0.0
626401,0.0
626402,0.0
626403,0.0
626404,0.0
626405,0.0
626406,0.0
626407,0.0
626408,0.0
626409,0.0
626410,0.0
626411,0.0
626412,0.0
626413,0.0
626414,0.0
626415,0.0
626416,0.0
626417,0.0
626418,0.0
626419,0.0
626420,0.0
626421,0.0
626422,0.0
626423,0.0
626424,0.0
626425,0.0
626426,0.0
626427,0.0
626428,0.0
626429,0.0
626430,0.0
626431,0.0
626432,0.0
626433,0.0
626434,0.0
626435,0.0
626436,0.0
626437,0.0
626438,0.0
626439,0.0
626440,0.0
626441,0.0
626442,0.0
626443,0.0
626444,0.0
626445,0.0
626446,0.0
626447,0.0
626448,0.0
626449,0.0
626450,0.0
626451,0.0
626452,0.0
626453,0.0
626454,0.0
626455,0.0
626456,0.0
626457,0.0
626458,0.0
626459,0.0
626460,0.0
626461,0.0
626462,0.0
626463,0.0
626464,0.0
626465,0.0
626466,0.0
626467,0.0
626468,0.0
626469,0.0
626470,0.0
626471,0.0
626472,0.0
626473,0.0
626474,0.0
626475,0.0
626476,0.0
626477,0.0
626478,0.0
626479,0.0
626480,0.0
626481,0.0
626482,0.0
626483,0.0
626484,0.0
626485,0.0
626486,0.0
626487,0.0
626488,0.0
626489,0.0
626490,0.0
626491,0.0
626492,0.0
626493,0.0
626494,0.0
626495,0.0
626496,0.0
626497,0.0
626498,0.0
626499,0.0
626500,0.0
626501,0.0
626502,0.0
626503,0.0
626504,0.0
626505,0.0
626506,0.0
626507,0.0
626508,0.0
626509,0.0
626510,0.0
626511,0.0
626512,0.0
626513,0.0
626514,0.0
626515,0.0
626516,0.0
626517,0.0
626518,0.0
626519,0.0
626520,0.0
626521,0.0
626522,0.0
626523,0.0
626524,0.0
626525,0.0
626526,0.0
626527,0.0
626528,0.0
626529,0.0
626530,0.0
626531,0.0
626532,0.0
626533,0.0
626534,0.0
626535,0.0
626536,0.0
626537,0.0
626538,0.0
626539,0.0
626540,0.0
626541,0.0
626542,0.0
626543,0.0
626544,0.0
626545,0.0
626546,0.0
626547,0.0
626548,0.0
626549,0.0
626550,0.0
626551,0.0
626552,0.0
626553,0.0
626554,0.0
626555,0.0
626556,0.0
626557,0.0
626558,0.0
626559,0.0
626560,0.0
626561,0.0
626562,0.0
626563,0.0
626564,0.0
626565,0.0
626566,0.0
626567,0.0
626568,0.0
626569,0.0
626570,0.0
626571,0.0
626572,0.0
626573,0.0
626574,0.0
626575,0.0
626576,0.0
626577,0.0
626578,0.0
626579,0.0
626580,0.0
626581,0.0
626582,0.0
626583,0.0
626584,0.0
626585,0.0
626586,0.0
626587,0.0
626588,0.0
626589,0.0
626590,0.0
626591,0.0
626592,0.0
626593,0.0
626594,0.0
626595,0.0
626596,0.0
626597,0.0
626598,0.0
626599,0.0
626600,0.0
626601,0.0
626602,0.0
626603,0.0
626604,0.0
626605,0.0
626606,0.0
626607,0.0
626608,0.0
626609,0.0
626610,0.0
626611,0.0
626612,0.0
626613,0.0
626614,0.0
626615,0.0
626616,0.0
626617,0.0
626618,0.0
626619,0.0
626620,0.0
626621,0.0
626622,0.0
626623,0.0
626624,0.0
626625,0.0
626626,0.0
626627,0.0
626628,0.0
626629,0.0
626630,0.0
626631,0.0
626632,0.0
626633,0.029590031
626634,0.0
626635,0.0
626636,0.0
626637,0.0
626638,0.0
626639,0.0
626640,0.0
626641,0.0
626642,0.0
626643,0.0
626644,0.0
626645,0.0
626646,0.0
626647,0.0
626648,0.0
626649,0.0
626650,0.0
626651,0.0
626652,0.0
626653,0.0
626654,0.0
626655,0.0
626656,0.0
626657,0.0
626658,0.0
626659,0.0
626660,0.0
626661,0.0
626662,0.0
626663,0.0
626664,0.0
626665,0.0
626666,0.0
626667,0.0
626668,0.0
626669,0.0
626670,0.0
626671,0.0
626672,0.0
626673,0.0
626674,0.0
626675,0.0
626676,0.0
626677,0.0
626678,0.0
626679,0.0
626680,0.0
626681,0.0
626682,0.0
626683,0.0
626684,0.0
626685,0.0
626686,0.0
626687,0.0
626688,0.0
626689,0.0
626690,0.0
626691,0.0
626692,0.0
626693,0.0
626694,0.0
626695,0.0
626696,0.0
626697,0.0
626698,0.0
626699,0.0
626700,0.0
626701,0.0
626702,0.0
626703,0.0
626704,0.0
626705,0.0
626706,0.0
626707,0.0
626708,0.0
626709,0.0
626710,0.0
626711,0.0
626712,0.0
626713,0.0
626714,0.0
626715,0.0
626716,0.0
626717,0.0
626718,0.0
626719,0.0
626720,0.0
626721,0.0
626722,0.0
626723,0.0
626724,0.0
626725,0.0
626726,0.0
626727,0.0
626728,0.0
626729,0.0
626730,0.0
626731,0.0
626732,0.0
626733,0.0
626734,0.0
626735,0.0
626736,0.0
626737,0.0
626738,0.0
626739,0.0
626740,0.0
626741,0.0
626742,0.0
626743,0.0
626744,0.0
626745,0.0
626746,0.0
626747,0.0
626748,0.0
626749,0.0
626750,0.0
626751,0.0
626752,0.0
626753,0.0
626754,0.0
626755,0.0
626756,0.0
626757,0.0
626758,0.0
626759,0.0
626760,0.0
626761,0.0
626762,0.0
626763,0.0
626764,0.0
626765,0.0
626766,0.0
626767,0.0
626768,0.0
626769,0.0
626770,0.0
626771,0.0
626772,0.0
626773,0.0
626774,0.0
626775,0.0
626776,0.0
626777,0.0
626778,0.0
626779,0.0
626780,0.0
626781,0.0
626782,0.0
626783,0.0
626784,0.0
626785,0.0
626786,0.0
626787,0.0
626788,0.0
626789,0.0
626790,0.0
626791,0.0
626792,0.0
626793,0.0
626794,0.0
626795,0.0
626796,0.0
626797,0.0
626798,0.0
626799,0.0
626800,0.0
626801,0.0
626802,0.0
626803,0.0
626804,0.0
626805,0.0
626806,0.0
626807,0.0
626808,0.0
626809,0.0
626810,0.0
626811,0.0
626812,0.0
626813,0.0
626814,0.0
626815,0.0
626816,0.0
626817,0.0
626818,0.0
626819,0.0
626820,0.0
626821,0.0
626822,0.0
626823,0.0
626824,0.0
626825,0.0
626826,0.0
626827,0.0
626828,0.0
626829,0.0
626830,0.0
626831,0.0
626832,0.0
626833,0.0
626834,0.0
626835,0.0
626836,0.0
626837,0.0
626838,0.0
626839,0.0
626840,0.0
626841,0.0
626842,0.0
626843,0.0
626844,0.0
626845,0.0
626846,0.0
626847,0.0
626848,0.0
626849,0.0
626850,0.0
626851,0.0
626852,0.0
626853,0.0
626854,0.0
626855,0.0
626856,0.0
626857,0.0
626858,0.0
626859,0.0
626860,0.0
626861,0.0
626862,0.0
626863,0.0
626864,0.0
626865,0.0
626866,0.0
626867,0.0
626868,0.0
626869,0.0
626870,0.0
626871,0.0
626872,0.0
626873,0.0
626874,0.0
626875,0.0
626876,0.0
626877,0.0
626878,0.0
626879,0.0
626880,0.0
626881,0.0
626882,0.0
626883,0.0
626884,0.0
626885,0.0
626886,0.0
626887,0.0
626888,0.0
626889,0.0
626890,0.0
626891,0.0
626892,0.0
626893,0.0
626894,0.0
626895,0.0
626896,0.0
626897,0.0
626898,0.0
626899,0.0
626900,0.0
626901,0.0
626902,0.0
626903,0.0
626904,0.0
626905,0.0
626906,0.0
626907,0.0
626908,0.0
626909,0.0
626910,0.0
626911,0.0
626912,0.0
626913,0.0
626914,0.0
626915,0.0
626916,0.0
626917,1.3678484e-32
626918,0.0
626919,0.0
626920,0.0
626921,0.0
626922,0.0
626923,0.0
626924,0.0
626925,0.0
626926,0.0
626927,0.0
626928,0.0
626929,0.0
626930,0.0
626931,0.0
626932,0.0
626933,0.0
626934,0.0
626935,0.0
626936,0.0
626937,0.0
626938,0.0
626939,0.0
626940,0.0
626941,0.0
626942,0.0
626943,0.0
626944,0.0
626945,0.0
626946,0.0
626947,0.0
626948,0.0
626949,0.0
626950,0.0
626951,0.0
626952,0.0
626953,0.0
626954,0.0
626955,0.0
626956,0.0
626957,0.0
626958,0.0
626959,0.0
626960,0.0
626961,0.0
626962,0.0
626963,0.0
626964,0.0
626965,0.0
626966,0.0
626967,0.0
626968,0.0
626969,0.0
626970,0.0
626971,0.0
626972,0.0
626973,0.0
626974,0.0
626975,0.0
626976,2.8877426e-36
626977,0.0
626978,0.0
626979,0.0
626980,0.0
626981,0.0
626982,0.0
626983,0.0
626984,0.0
626985,0.0
626986,0.0
626987,0.0
626988,0.0
626989,0.0
626990,0.0
626991,0.0
626992,0.0
626993,0.0
626994,0.0
626995,0.0
626996,0.0
626997,0.0
626998,0.0
626999,0.0
627000,0.0
627001,0.0
627002,0.0
627003,0.0
627004,0.0
627005,0.0
627006,0.0
627007,0.0
627008,0.0
627009,0.0
627010,0.0
627011,0.0
627012,0.0
627013,0.0
627014,0.0
627015,0.0
627016,0.0
627017,0.0
627018,0.0
627019,0.0
627020,0.0
627021,0.0
627022,0.0
627023,0.0
627024,0.0
627025,0.0
627026,0.0
627027,0.0
627028,0.0
627029,0.0
627030,0.0
627031,0.0
627032,0.0
627033,0.0
627034,0.0
627035,0.0
627036,0.0
627037,0.0
627038,0.0
627039,0.0
627040,0.0
627041,0.0
627042,0.0
627043,0.0
627044,0.0
627045,0.0
627046,0.0
627047,0.0
627048,0.0
627049,0.0
627050,0.0
627051,0.0
627052,0.0
627053,0.0
627054,0.0
627055,0.0
627056,0.0
627057,0.0
627058,0.0
627059,0.0
627060,0.0
627061,0.0
627062,0.0
627063,0.0
627064,0.0
627065,0.0
627066,0.0
627067,0.0
627068,0.0
627069,3.77711e-25
627070,0.0
627071,0.0
627072,0.0
627073,0.0
627074,0.0
627075,0.0
627076,0.0
627077,0.0
627078,0.0
627079,0.0
627080,0.0
627081,0.0
627082,0.0
627083,0.0
627084,0.0
627085,0.0
627086,0.0
627087,0.0
627088,0.0
627089,0.0
627090,0.0
627091,0.0
627092,0.0
627093,0.0
627094,0.0
627095,0.0
627096,0.0
627097,0.0
627098,0.0
627099,0.0
627100,0.0
627101,0.0
627102,0.0
627103,0.0
627104,0.0
627105,2.2764694e-12
627106,0.0
627107,0.0
627108,0.0
627109,0.0
627110,0.0
627111,0.0
627112,0.0
627113,0.0
627114,0.0
627115,0.0
627116,0.0
627117,0.0
627118,0.0
627119,0.0
627120,0.0
627121,0.0
627122,0.0
627123,0.0
627124,0.0
627125,0.0
627126,0.0
627127,0.0
627128,0.0
627129,0.0
627130,0.0
627131,0.0
627132,0.0
627133,0.0
627134,0.0
627135,0.0
627136,0.0
627137,0.0
627138,0.0
627139,0.0
627140,0.0
627141,0.0
627142,0.0
627143,0.0
627144,0.0
627145,0.0
627146,0.0
627147,0.0
627148,0.0
627149,0.0
627150,0.0
627151,0.0
627152,0.0
627153,0.0
627154,0.0
627155,0.0
627156,0.0
627157,0.0
627158,0.0
627159,0.0
627160,0.0
627161,0.0
627162,0.0
627163,0.0
627164,0.0
627165,0.0
627166,0.0
627167,0.0
627168,0.0
627169,0.0
627170,0.0
627171,0.0
627172,0.0
627173,0.0
627174,0.0
627175,0.0
627176,0.0
627177,0.0
627178,0.0
627179,0.0
627180,0.0
627181,0.0
627182,0.0
627183,0.0
627184,0.0
627185,0.0
627186,0.0
627187,0.0
627188,0.0
627189,0.0
627190,0.0
627191,0.0
627192,0.0
627193,0.0
627194,0.0
627195,0.0
627196,0.0
627197,0.0
627198,0.0
627199,0.0
627200,0.0
627201,0.0
627202,3.7429396e-35
627203,0.0
627204,0.0
627205,0.0
627206,0.0
627207,0.0
627208,0.0
627209,0.0
627210,0.0
627211,0.0
627212,0.0
627213,0.0
627214,0.0
627215,0.0
627216,0.0
627217,0.0
627218,0.0
627219,0.0
627220,0.0
627221,0.0
627222,0.0
627223,0.0
627224,0.0
627225,0.0
627226,0.0
627227,0.0
627228,0.0
627229,0.0
627230,0.0
627231,0.0
627232,0.0
627233,4.4104277e-28
627234,0.0
627235,0.0
627236,0.0
627237,0.0
627238,0.0
627239,0.0
627240,0.0
627241,0.0
627242,0.0
627243,0.0
627244,0.0
627245,0.0
627246,0.0
627247,0.0
627248,0.0
627249,0.0
627250,0.0
627251,0.0
627252,0.0
627253,0.0
627254,0.0
627255,0.0
627256,0.0
627257,0.0
627258,0.0
627259,0.0
627260,0.0
627261,0.0
627262,0.0
627263,0.0
627264,0.0
627265,0.0
627266,0.0
627267,0.0
627268,0.0
627269,0.0
627270,0.0
627271,0.0
627272,0.0
627273,0.0
627274,0.0
627275,0.0
627276,0.0
627277,0.0
627278,0.0
627279,0.0
627280,0.0
627281,0.0
627282,0.0
627283,0.0
627284,0.0
627285,8.8256025e-10
627286,0.0
627287,0.0
627288,0.0
627289,0.0
627290,0.0
627291,0.0
627292,0.0
627293,0.0
627294,0.0
627295,0.0
627296,0.0
627297,0.0
627298,0.0
627299,0.0
627300,0.0
627301,0.0
627302,0.0
627303,0.0
627304,0.0
627305,0.0
627306,0.0
627307,0.0
627308,0.0
627309,0.0
627310,0.0
627311,0.0
627312,0.0
627313,0.0
627314,0.0
627315,0.0
627316,0.0
627317,0.0
627318,0.0
627319,0.0
627320,0.0
627321,0.0
627322,0.0
627323,0.0
627324,0.0
627325,0.0
627326,0.0
627327,0.0
627328,0.0
627329,0.0
627330,0.0
627331,0.0
627332,0.0
627333,0.0
627334,0.0
627335,0.0
627336,0.0
627337,0.0
627338,0.0
627339,0.0
627340,0.0
627341,0.0
627342,0.0
627343,0.0
627344,0.0
627345,0.0
627346,0.0
627347,0.0
627348,0.0
627349,0.0
627350,0.0
627351,0.0
627352,0.0
627353,0.0
627354,0.0
627355,0.0
627356,0.0
627357,2.7924166e-18
627358,3.0735413e-05
627359,0.0
627360,0.0
627361,0.0
627362,0.0
627363,0.0
627364,0.0
627365,0.0
627366,0.0
627367,0.0
627368,0.0
627369,0.0
627370,0.0
627371,0.0
627372,0.0
627373,0.0
627374,0.0
627375,0.0
627376,0.0
627377,0.0
627378,0.0
627379,0.0
627380,0.0
627381,0.0
627382,0.0
627383,0.0
627384,0.0
627385,0.0
627386,0.0
627387,0.0
627388,0.0
627389,0.0
627390,0.0
627391,0.0
627392,0.0
627393,0.0
627394,0.0
627395,0.0
627396,0.0
627397,0.0
627398,0.0
627399,0.0
627400,0.0
627401,0.0
627402,0.0
627403,0.0
627404,0.0
627405,0.0
627406,0.0
627407,0.0
627408,0.0
627409,0.0
627410,0.0
627411,0.0
627412,0.0
627413,0.0
627414,0.0
627415,0.0
627416,0.0
627417,0.0
627418,0.0
627419,0.0
627420,0.0
627421,0.0
627422,0.0
627423,0.0
627424,0.0
627425,0.0
627426,0.0
627427,0.0
627428,0.0
627429,0.0
627430,0.0
627431,0.0
627432,0.0
627433,0.0
627434,0.0
627435,0.0
627436,0.0
627437,0.0
627438,0.0
627439,0.0
627440,0.0
627441,0.0
627442,0.0
627443,0.0
627444,0.0
627445,0.0
627446,0.0
627447,0.0
627448,0.0
627449,0.0
627450,0.0
627451,0.0
627452,0.0
627453,0.0
627454,0.0
627455,0.0
627456,0.0
627457,0.0
627458,0.0
627459,0.0
627460,0.0
627461,0.0
627462,0.0
627463,0.0
627464,0.0
627465,0.0
627466,0.0
627467,0.0
627468,0.0
627469,0.0
627470,0.0
627471,0.0
627472,0.0
627473,0.0
627474,0.0
627475,0.0
627476,0.0
627477,0.0
627478,0.0
627479,0.0
627480,0.0
627481,0.0
627482,0.0
627483,0.0
627484,0.0
627485,0.0
627486,0.0
627487,0.0
627488,0.0
627489,0.0
627490,0.0
627491,0.0
627492,0.0
627493,0.0
627494,0.0
627495,0.0
627496,0.0
627497,0.0
627498,0.0
627499,0.0
627500,0.0
627501,0.0
627502,0.0
627503,0.0
627504,0.0
627505,0.0
627506,0.0
627507,0.0
627508,0.0
627509,0.0
627510,0.0
627511,0.0
627512,0.0
627513,4.072521e-05
627514,0.0
627515,0.0
627516,0.0
627517,0.0
627518,0.0
627519,0.0
627520,0.0
627521,0.0
627522,0.0
627523,0.0
627524,0.0
627525,0.0
627526,0.0
627527,0.0
627528,0.0
627529,0.0
627530,0.0
627531,0.0
627532,0.0
627533,0.0
627534,0.0
627535,0.0
627536,0.0
627537,0.0
627538,0.0
627539,0.0
627540,0.0
627541,0.0
627542,0.0
627543,0.0
627544,0.0
627545,0.0
627546,0.0
627547,0.0
627548,0.0
627549,0.0
627550,0.0
627551,0.0
627552,0.0
627553,0.0
627554,0.0
627555,0.0
627556,0.0
627557,0.0
627558,0.0
627559,0.0
627560,0.0
627561,0.0
627562,0.0
627563,0.0
627564,0.0
627565,0.0
627566,0.0
627567,0.0
627568,0.0
627569,0.0
627570,0.0
627571,0.0
627572,0.0
627573,0.0
627574,0.0
627575,0.0
627576,0.0
627577,0.0
627578,0.0
627579,0.0
627580,0.0
627581,0.0
627582,0.0
627583,0.0
627584,0.0
627585,0.0
627586,0.0
627587,0.0
627588,0.0
627589,0.0
627590,0.0
627591,0.0
627592,0.0
627593,0.0
627594,0.0
627595,0.0
627596,0.0
627597,0.0
627598,0.0
627599,0.0
627600,0.0
627601,0.0
627602,0.0
627603,0.0
627604,0.0
627605,0.0
627606,0.0
627607,0.0
627608,0.0
627609,0.0
627610,0.0
627611,0.0
627612,0.0
627613,0.0
627614,0.0
627615,0.0
627616,0.0
627617,0.0
627618,0.0
627619,0.0
627620,0.0
627621,0.0
627622,0.0
627623,0.0
627624,0.0
627625,0.0
627626,0.0
627627,0.0
627628,0.0
627629,0.0
627630,0.0
627631,0.0
627632,0.0
627633,0.0
627634,0.0
627635,0.0
627636,0.0
627637,0.0
627638,0.0
627639,0.0
627640,0.0
627641,0.0
627642,0.0
627643,0.0
627644,0.0
627645,0.0
627646,0.0
627647,0.0
627648,0.0
627649,0.0
627650,0.0
627651,0.0
627652,0.0
627653,0.0
627654,0.0
627655,0.0
627656,0.0
627657,0.0
627658,0.0
627659,0.0
627660,0.0
627661,0.0
627662,0.0
627663,0.0
627664,0.0
627665,0.0
627666,0.0
627667,0.0
627668,0.0
627669,0.0
627670,0.0
627671,0.0
627672,0.0
627673,0.0
627674,0.0
627675,0.0
627676,0.0
627677,0.0
627678,0.0
627679,0.0
627680,0.0
627681,0.0
627682,0.0
627683,0.0
627684,0.0
627685,0.0
627686,0.0
627687,0.0
627688,0.0
627689,0.0
627690,0.0
627691,0.0
627692,0.0
627693,0.0
627694,0.0
627695,0.0
627696,0.0
627697,0.0
627698,0.0
627699,0.0
627700,0.0
627701,0.0
627702,0.0
627703,0.0
627704,0.0
627705,0.0
627706,0.0
627707,0.0
627708,0.0
627709,0.0
627710,0.0
627711,0.0
627712,0.0
627713,0.0
627714,0.0
627715,0.0
627716,0.0
627717,0.0
627718,0.0
627719,0.0
627720,0.0
627721,0.0
627722,0.0
627723,0.0
627724,0.0
627725,0.0
627726,0.0
627727,0.0
627728,0.0
627729,0.0
627730,0.0
627731,0.0
627732,0.0
627733,0.0
627734,0.0
627735,0.0
627736,0.0
627737,0.0
627738,0.0
627739,0.0
627740,0.0
627741,0.0
627742,0.0
627743,0.0
627744,0.0
627745,0.0
627746,0.0
627747,0.0
627748,0.0
627749,0.0
627750,0.0
627751,0.0
627752,0.0
627753,0.0
627754,0.0
627755,0.0
627756,0.0
627757,0.0
627758,0.0
627759,0.0
627760,0.0
627761,0.0
627762,0.0
627763,0.0
627764,0.0
627765,0.0
627766,0.0
627767,0.0
627768,0.0
627769,0.0
627770,0.0
627771,0.0
627772,0.0
627773,0.0
627774,0.0
627775,0.0
627776,0.0
627777,0.0
627778,0.0
627779,0.0
627780,0.0
627781,0.0
627782,0.0
627783,0.0
627784,0.0
627785,0.0
627786,0.0
627787,0.0
627788,0.0
627789,0.0
627790,0.0
627791,0.0
627792,0.0
627793,0.0
627794,0.0
627795,0.0
627796,0.0
627797,0.0
627798,0.0
627799,0.0
627800,0.0
627801,0.0
627802,0.0
627803,0.0
627804,0.0
627805,0.0
627806,0.0
627807,0.0
627808,0.0
627809,0.0
627810,0.0
627811,0.0
627812,0.0
627813,0.0
627814,0.0
627815,0.0
627816,0.0
627817,0.0
627818,0.0
627819,0.0
627820,0.0
627821,0.0
627822,0.0
627823,0.0
627824,0.0
627825,0.0
627826,0.0
627827,0.0
627828,0.0
627829,0.0
627830,0.0
627831,0.0
627832,0.0
627833,0.0
627834,0.0
627835,0.0
627836,0.0
627837,0.0
627838,0.0
627839,0.0
627840,0.0
627841,0.0
627842,0.0
627843,0.0
627844,0.0
627845,0.0
627846,0.0
627847,0.0
627848,0.0
627849,0.0
627850,0.0
627851,0.0
627852,0.0
627853,0.0
627854,0.0
627855,0.0
627856,0.0
627857,0.0
627858,0.0
627859,0.0
627860,0.0
627861,0.0
627862,0.0
627863,0.0
627864,0.0
627865,0.0
627866,0.0
627867,0.0
627868,0.0
627869,0.0
627870,0.0
627871,0.0
627872,0.0
627873,0.0
627874,0.0
627875,0.0
627876,0.0
627877,0.0
627878,0.0
627879,0.0
627880,0.0
627881,0.0
627882,0.0
627883,0.0
627884,0.0
627885,0.0
627886,0.0
627887,0.0
627888,0.0
627889,0.0
627890,0.0
627891,0.0
627892,0.0
627893,0.0
627894,0.0
627895,0.0
627896,0.0
627897,0.0
627898,0.0
627899,0.0
627900,0.0
627901,0.0
627902,0.0
627903,0.0
627904,0.0
627905,0.0
627906,0.0
627907,0.0
627908,0.0
627909,0.0
627910,0.0
627911,0.0
627912,0.0
627913,0.0
627914,0.0
627915,0.0
627916,0.0
627917,0.0
627918,0.0
627919,0.0
627920,0.0
627921,0.0
627922,0.0
627923,0.0
627924,0.0
627925,0.0
627926,0.0
627927,0.0
627928,0.0
627929,0.0
627930,0.0
627931,0.0
627932,0.0
627933,0.0
627934,0.0
627935,0.0
627936,0.0
627937,0.0
627938,0.0
627939,0.0
627940,0.0
627941,0.0
627942,0.0
627943,0.0
627944,0.0
627945,0.0
627946,0.0
627947,0.0
627948,0.0
627949,0.0
627950,0.0
627951,0.0
627952,0.0
627953,0.0
627954,0.0
627955,0.0
627956,0.0
627957,0.0
627958,0.0
627959,0.0
627960,0.0
627961,0.0
627962,0.0
627963,0.0
627964,0.0
627965,0.0
627966,0.0
627967,0.0
627968,0.0
627969,0.0
627970,0.0
627971,0.0
627972,0.0
627973,0.0
627974,0.0
627975,0.0
627976,0.0
627977,0.0
627978,0.0
627979,0.0
627980,0.0
627981,0.0
627982,0.0
627983,0.0
627984,0.0
627985,0.0
627986,0.0
627987,0.0
627988,0.0
627989,0.0
627990,0.0
627991,0.0
627992,0.0
627993,0.0
627994,0.0
627995,0.0
627996,0.0
627997,0.0
627998,0.0
627999,0.0
628000,0.0
628001,0.0
628002,0.0
628003,0.0
628004,0.0
628005,0.0
628006,0.0
628007,0.0
628008,0.0
628009,0.0
628010,0.0
628011,0.0
628012,0.0
628013,0.0
628014,0.0
628015,0.0
628016,0.0
628017,0.0
628018,0.0
628019,0.0
628020,0.0
628021,0.0
628022,0.0
628023,0.0
628024,0.0
628025,0.0
628026,0.0
628027,0.0
628028,0.0
628029,0.0
628030,0.0
628031,0.0
628032,0.0
628033,0.0
628034,0.0
628035,0.0
628036,0.0
628037,0.0
628038,0.0
628039,0.0
628040,0.0
628041,0.0
628042,0.0
628043,0.0
628044,0.0
628045,0.0
628046,0.0
628047,0.0
628048,0.0
628049,0.0
628050,0.0
628051,0.0
628052,0.0
628053,0.0
628054,0.0
628055,0.0
628056,0.0
628057,0.0247934
628058,0.0
628059,0.0
628060,0.0
628061,0.0
628062,0.0
628063,0.0
628064,0.0
628065,0.0
628066,0.0
628067,0.0
628068,0.0
628069,0.0
628070,0.0
628071,0.0
628072,0.0
628073,0.0
628074,0.0
628075,0.0
628076,0.0
628077,0.0
628078,0.0
628079,0.0
628080,0.0
628081,0.0
628082,0.0
628083,0.0
628084,0.0
628085,0.0
628086,0.0
628087,0.0
628088,0.0
628089,0.0
628090,0.0
628091,0.0
628092,0.0
628093,0.0
628094,0.0
628095,0.0
628096,0.0
628097,0.0
628098,0.0
628099,0.0
628100,0.0
628101,0.0
628102,0.0
628103,0.0
628104,0.0
628105,0.0
628106,0.0
628107,0.0
628108,0.0
628109,0.0
628110,0.0
628111,0.0
628112,0.0
628113,0.0
628114,0.0
628115,0.0
628116,0.0
628117,0.0
628118,0.0
628119,0.0
628120,0.0
628121,0.0
628122,0.0
628123,0.0
628124,0.0
628125,0.0
628126,0.0
628127,0.0
628128,0.0
628129,0.0
628130,0.0
628131,0.0
628132,0.0
628133,0.0
628134,0.0
628135,0.0
628136,0.0
628137,0.0
628138,0.0
628139,0.0
628140,0.0
628141,0.0
628142,0.0
628143,0.0
628144,0.0
628145,0.0
628146,0.0
628147,0.0
628148,0.0
628149,0.0
628150,0.0
628151,0.0
628152,0.0
628153,0.0
628154,0.0
628155,0.0
628156,0.0
628157,0.0
628158,0.0
628159,0.0
628160,0.0
628161,0.0
628162,0.0
628163,0.0
628164,0.0
628165,0.0
628166,0.0
628167,0.0
628168,0.0
628169,0.0
628170,0.0
628171,0.0
628172,0.0
628173,0.0
628174,0.0
628175,0.0
628176,0.0
628177,0.0
628178,0.0
628179,0.0
628180,0.0
628181,0.0
628182,0.0
628183,0.0
628184,0.0
628185,0.0
628186,0.0
628187,0.0
628188,0.0
628189,0.0
628190,0.0
628191,0.0
628192,0.0
628193,0.0
628194,0.0
628195,0.0
628196,0.0
628197,0.0
628198,0.0
628199,0.0
628200,0.0
628201,1.215621e-38
628202,0.0
628203,0.0
628204,0.0
628205,0.0
628206,0.0
628207,0.0
628208,1.6778019e-34
628209,0.008222559
628210,0.0
628211,0.0
628212,0.0
628213,0.0
628214,0.0
628215,0.0
628216,0.0
628217,0.0
628218,0.0
628219,0.0
628220,0.0
628221,0.0
628222,0.0
628223,0.0
628224,0.0
628225,0.0
628226,0.0
628227,0.0
628228,0.0
628229,0.0
628230,0.0
628231,0.0
628232,0.0
628233,0.0
628234,0.0
628235,0.0
628236,0.0
628237,0.0
628238,0.0
628239,0.0
628240,0.0
628241,0.0
628242,0.0
628243,0.0
628244,0.0
628245,0.0
628246,0.0
628247,0.0
628248,0.0
628249,0.0
628250,0.0
628251,0.0
628252,0.0
628253,0.0
628254,0.0
628255,0.0
628256,0.0
628257,0.0
628258,0.0
628259,0.0
628260,0.0
628261,0.0
628262,0.0
628263,0.0
628264,0.0
628265,0.0
628266,0.0
628267,0.0
628268,0.0
628269,0.0
628270,0.0
628271,0.0
628272,0.0
628273,0.0
628274,0.0
628275,0.0
628276,0.0
628277,0.0
628278,0.0
628279,0.0
628280,0.0
628281,0.0
628282,0.0
628283,0.0
628284,0.0
628285,0.0
628286,0.0
628287,0.0
628288,0.0
628289,0.0
628290,0.0
628291,0.0
628292,0.0
628293,0.0
628294,0.0
628295,0.0
628296,0.0
628297,0.0
628298,0.0
628299,0.0
628300,0.0
628301,0.0
628302,0.0
628303,0.0
628304,0.0
628305,0.0
628306,0.0
628307,0.0
628308,0.0
628309,0.0
628310,0.0
628311,0.0
628312,0.0
628313,0.0
628314,0.0
628315,0.0
628316,0.0
628317,0.0
628318,0.0
628319,0.0
628320,0.0
628321,0.0
628322,0.0
628323,0.0
628324,0.0
628325,0.0
628326,0.0
628327,0.0
628328,0.0
628329,0.0
628330,4.1272904e-31
628331,0.0
628332,0.0
628333,0.0
628334,0.0
628335,0.0
628336,0.0
628337,0.0
628338,0.0
628339,0.0
628340,0.0
628341,0.0
628342,1.8190806e-38
628343,0.0
628344,0.0
628345,0.0
628346,0.0
628347,0.0
628348,0.0
628349,0.0
628350,0.0
628351,0.0
628352,0.0
628353,0.0
628354,0.0
628355,0.0
628356,0.0
628357,0.0
628358,0.0
628359,0.0
628360,0.0
628361,0.0
628362,0.0
628363,0.0
628364,0.0
628365,0.0
628366,0.0
628367,0.0
628368,0.0
628369,0.0
628370,0.0
628371,0.0
628372,0.0
628373,0.0
628374,0.0
628375,0.0
628376,0.0
628377,0.0
628378,0.0
628379,0.0
628380,0.0
628381,0.0
628382,0.0
628383,0.0
628384,0.0
628385,0.0
628386,0.0
628387,0.0
628388,0.0
628389,0.0
628390,0.0
628391,0.0
628392,0.0
628393,0.0
628394,0.0
628395,0.0
628396,0.0
628397,0.0
628398,0.0
628399,0.0
628400,0.0
628401,0.0
628402,0.0
628403,0.0
628404,0.0
628405,0.0
628406,0.0
628407,0.0
628408,0.0
628409,0.0
628410,0.0
628411,0.0
628412,0.0
628413,0.0
628414,0.0
628415,0.0
628416,0.0
628417,0.0
628418,0.0
628419,0.0
628420,0.0
628421,0.0
628422,0.0
628423,0.0
628424,0.0
628425,0.0
628426,0.0
628427,0.0
628428,0.0
628429,0.0
628430,0.0
628431,0.0
628432,0.0
628433,0.0
628434,0.0
628435,0.0
628436,0.0
628437,0.0
628438,0.0
628439,0.0
628440,0.0
628441,0.0
628442,0.0
628443,0.0
628444,0.0
628445,0.0
628446,0.0
628447,0.0
628448,0.0
628449,0.0
628450,0.0
628451,0.0
628452,0.0
628453,0.0
628454,0.0
628455,0.0
628456,0.0
628457,0.0
628458,0.0
628459,0.0
628460,0.0
628461,0.0
628462,0.0
628463,0.0
628464,0.0
628465,0.0
628466,0.0
628467,0.0
628468,0.0
628469,0.0
628470,0.0
628471,0.0
628472,0.0
628473,0.0
628474,0.0
628475,0.0
628476,0.0
628477,0.0
628478,0.0
628479,0.0
628480,0.0
628481,0.0
628482,0.0
628483,0.0
628484,0.0
628485,0.0
628486,0.0
628487,0.0
628488,0.0
628489,0.0
628490,0.0
628491,0.0
628492,0.0
628493,0.0
628494,0.0
628495,0.0
628496,0.0
628497,0.0
628498,0.0
628499,0.0
628500,4.013552e-27
628501,0.0
628502,0.0
628503,0.0
628504,0.0
628505,0.0
628506,0.0
628507,0.0
628508,0.0
628509,0.0
628510,0.0
628511,0.0
628512,0.0
628513,0.0
628514,0.0
628515,0.0
628516,0.0
628517,0.0
628518,0.0
628519,0.0
628520,0.0
628521,0.0
628522,0.0
628523,0.0
628524,0.0
628525,0.0
628526,0.0
628527,0.36242384
628528,0.0
628529,0.0
628530,0.0
628531,0.0
628532,0.0
628533,0.0
628534,0.0
628535,0.0
628536,0.0
628537,0.0
628538,0.0
628539,0.0
628540,0.0
628541,0.0
628542,0.0
628543,0.0
628544,0.0
628545,0.0
628546,0.0
628547,0.0
628548,0.0
628549,0.0
628550,0.0
628551,0.0
628552,0.0
628553,0.0
628554,0.0
628555,0.0
628556,0.0
628557,0.0
628558,0.0
628559,0.0
628560,0.0
628561,0.0
628562,0.0
628563,0.0
628564,0.0
628565,0.0
628566,0.0
628567,0.0
628568,0.0
628569,0.0
628570,0.0
628571,0.0
628572,0.0
628573,0.0
628574,0.0
628575,0.0
628576,0.0
628577,0.0
628578,0.0
628579,0.0
628580,0.0
628581,0.0
628582,0.0
628583,0.0
628584,0.0
628585,0.0
628586,0.0
628587,0.0
628588,0.0
628589,0.0
628590,0.0
628591,0.0
628592,0.0
628593,0.0
628594,0.0
628595,0.0
628596,0.0
628597,0.0
628598,0.0
628599,0.0
628600,0.0
628601,0.0
628602,0.0
628603,0.0
628604,0.0
628605,0.0
628606,0.0
628607,0.0
628608,0.0
628609,0.0
628610,0.0
628611,0.0
628612,0.0
628613,0.0
628614,0.0
628615,0.0
628616,0.0
628617,0.0
628618,0.0
628619,0.0
628620,0.0
628621,0.0
628622,0.0
628623,0.0
628624,0.0
628625,0.0
628626,0.0
628627,0.0
628628,0.0
628629,0.0
628630,0.0
628631,0.0
628632,0.0
628633,0.0
628634,0.0
628635,0.0
628636,0.0
628637,0.0
628638,0.0
628639,0.0
628640,0.0
628641,0.0
628642,0.0
628643,0.0
628644,0.0
628645,0.0
628646,0.0
628647,0.0
628648,0.0
628649,0.0
628650,0.0
628651,0.0
628652,0.0
628653,0.0
628654,0.0
628655,0.0
628656,0.0
628657,0.0
628658,0.0
628659,0.0
628660,0.0
628661,0.0
628662,0.0
628663,0.0
628664,0.0
628665,0.0
628666,0.0
628667,0.0
628668,0.0
628669,0.0
628670,0.0
628671,2.8826535e-24
628672,0.0
628673,0.0
628674,0.0
628675,0.0
628676,0.0
628677,0.0
628678,0.0
628679,0.0
628680,0.0
628681,0.0
628682,0.0
628683,0.0
628684,0.0
628685,0.0
628686,0.0
628687,0.0
628688,0.0
628689,0.0
628690,0.0
628691,0.0
628692,0.0
628693,0.0
628694,0.0
628695,0.0
628696,0.0
628697,0.0
628698,0.0
628699,0.0
628700,0.0
628701,0.0
628702,0.0
628703,0.0
628704,0.0
628705,0.0
628706,0.0
628707,0.0
628708,0.0
628709,0.0
628710,0.0
628711,0.0
628712,0.0
628713,0.0
628714,0.0
628715,0.0
628716,0.0
628717,0.0
628718,0.0
628719,0.0
628720,0.0
628721,0.0
628722,0.0
628723,0.0
628724,0.0
628725,0.0
628726,0.0
628727,0.0
628728,0.0
628729,0.0
628730,0.0
628731,0.0
628732,0.0
628733,0.0
628734,0.0
628735,0.0
628736,0.0
628737,0.0
628738,0.0
628739,0.0
628740,0.0
628741,0.0
628742,0.0
628743,0.0
628744,0.0
628745,0.0
628746,0.0
628747,0.0
628748,0.0
628749,0.0
628750,0.0
628751,0.0
628752,0.0
628753,0.0
628754,0.0
628755,0.0
628756,0.0
628757,0.0
628758,0.0
628759,0.0
628760,0.0
628761,0.0
628762,0.0
628763,0.0
628764,0.0
628765,0.0
628766,0.0
628767,0.0
628768,0.0
628769,0.0
628770,0.0
628771,0.0
628772,0.0
628773,0.0
628774,0.0
628775,0.0
628776,0.0
628777,0.0
628778,0.0
628779,0.0
628780,0.0
628781,0.0
628782,0.0
628783,0.0
628784,0.0
628785,0.0
628786,0.0
628787,0.0
628788,0.0
628789,0.0
628790,0.0
628791,0.0
628792,0.0
628793,0.0
628794,0.0
628795,0.0
628796,0.0
628797,0.0
628798,0.0
628799,0.0
628800,0.0
628801,0.0
628802,0.0
628803,0.0
628804,0.0
628805,0.0
628806,0.0
628807,0.0
628808,0.0
628809,0.0
628810,0.0
628811,0.0
628812,0.0
628813,0.0
628814,0.0
628815,0.0
628816,0.0
628817,0.0
628818,0.0
628819,0.0
628820,0.0
628821,0.0
628822,0.0
628823,0.0
628824,0.0
628825,0.0
628826,0.0
628827,0.0
628828,0.0
628829,0.0
628830,0.0
628831,0.0
628832,0.0
628833,0.0
628834,0.0
628835,0.0
628836,0.0
628837,0.0
628838,0.0
628839,0.0
628840,0.0
628841,0.0
628842,0.0
628843,0.0
628844,0.0
628845,0.0
628846,0.0
628847,0.0
628848,0.0
628849,0.0
628850,0.0
628851,0.0
628852,0.0
628853,0.0
628854,0.0
628855,0.0
628856,0.0
628857,0.0
628858,0.0
628859,0.0
628860,0.0
628861,0.0
628862,0.0
628863,0.0
628864,0.0
628865,0.0
628866,0.0
628867,0.0
628868,0.0
628869,0.0
628870,0.0
628871,0.0
628872,0.0
628873,0.0
628874,0.0
628875,0.0
628876,0.0
628877,0.0
628878,0.0
628879,0.0
628880,0.0
628881,0.0
628882,0.0
628883,0.0
628884,0.0
628885,0.0
628886,0.0
628887,0.0
628888,0.0
628889,0.0
628890,0.0
628891,0.0
628892,0.0
628893,0.0
628894,0.0
628895,0.0
628896,0.0
628897,0.0
628898,0.0
628899,0.0
628900,0.0
628901,0.0
628902,0.0
628903,0.0
628904,0.0
628905,0.0
628906,0.0
628907,0.0
628908,0.0
628909,0.0
628910,0.0
628911,0.0
628912,0.0
628913,0.0
628914,0.0
628915,0.0
628916,0.0
628917,0.0
628918,0.0
628919,0.0
628920,0.0
628921,0.0
628922,0.0
628923,0.0
628924,0.0
628925,0.0
628926,0.0
628927,0.0
628928,0.0
628929,0.0
628930,0.0
628931,0.0
628932,0.0
628933,0.0
628934,0.0
628935,0.0
628936,0.0
628937,0.0
628938,0.0
628939,0.0
628940,0.0
628941,0.0
628942,0.0
628943,0.0
628944,0.0
628945,2.1849808e-18
628946,0.0
628947,0.0
628948,0.0
628949,0.0
628950,0.0
628951,0.0
628952,0.0
628953,0.0
628954,0.0
628955,0.0
628956,0.0
628957,0.0
628958,0.0
628959,5.4239863e-36
628960,0.0
628961,0.0
628962,0.0
628963,0.0
628964,0.0
628965,0.0
628966,0.0
628967,0.0
628968,0.0
628969,0.0
628970,0.0
628971,0.0
628972,0.0
628973,0.0
628974,0.0
628975,0.0
628976,0.0
628977,0.0
628978,0.0
628979,0.0
628980,0.0
628981,0.0
628982,0.0
628983,0.0
628984,0.0
628985,0.0
628986,0.0
628987,0.0
628988,0.0
628989,0.0
628990,0.0
628991,0.0
628992,0.0
628993,0.0
628994,0.0
628995,0.0
628996,0.0
628997,0.0
628998,0.0
628999,0.0
629000,0.0
629001,0.0
629002,0.0
629003,0.0
629004,0.0
629005,0.0
629006,0.0
629007,0.0
629008,0.0
629009,0.0
629010,0.0
629011,0.0
629012,0.0
629013,0.0
629014,0.0
629015,0.0
629016,0.0
629017,0.0
629018,0.0
629019,0.0
629020,0.0
629021,0.0
629022,0.0
629023,0.0
629024,0.0
629025,0.0
629026,0.0
629027,0.0
629028,0.0
629029,0.0
629030,0.0
629031,0.0
629032,0.0
629033,0.0
629034,0.0
629035,0.0
629036,0.0
629037,0.0
629038,0.0
629039,0.0
629040,0.0
629041,0.0
629042,0.0
629043,0.0
629044,0.0
629045,0.0
629046,0.0
629047,0.0
629048,0.0
629049,0.0
629050,0.0
629051,0.0
629052,0.0
629053,0.0
629054,0.0
629055,0.0
629056,0.0
629057,0.0
629058,0.0
629059,0.0
629060,0.0
629061,0.0
629062,0.0
629063,0.0
629064,0.0
629065,0.0
629066,0.0
629067,0.0
629068,0.0
629069,0.0
629070,0.0
629071,0.0
629072,0.0
629073,0.0
629074,0.0
629075,0.0
629076,0.0
629077,0.0
629078,0.0
629079,0.0
629080,0.0
629081,0.0
629082,0.0
629083,1.4004737e-31
629084,0.0
629085,0.0
629086,0.0
629087,0.0
629088,0.0
629089,0.0
629090,0.0
629091,0.0
629092,0.0
629093,0.0
629094,0.0
629095,0.0
629096,0.0
629097,0.0
629098,0.0
629099,0.0
629100,0.0
629101,0.0
629102,0.0
629103,0.0
629104,0.0
629105,0.0
629106,0.0
629107,0.0
629108,0.0
629109,0.0
629110,0.0
629111,0.0
629112,0.0
629113,0.0
629114,0.0
629115,0.0
629116,0.0
629117,0.0
629118,0.0
629119,0.0
629120,0.0
629121,0.0
629122,0.0
629123,0.0
629124,0.0
629125,0.0
629126,0.0
629127,0.0
629128,0.0
629129,0.0
629130,0.0
629131,0.0
629132,0.0
629133,0.0
629134,0.0
629135,0.0
629136,0.0
629137,0.0
629138,0.0
629139,0.0
629140,0.0
629141,0.0
629142,0.0
629143,0.0
629144,0.0
629145,0.0
629146,0.0
629147,0.0
629148,0.0
629149,0.0
629150,0.0
629151,0.0
629152,0.0
629153,0.0
629154,0.0
629155,0.0
629156,0.0
629157,0.0
629158,0.0
629159,0.0
629160,0.0
629161,0.0
629162,0.0
629163,0.0
629164,0.0
629165,0.0
629166,0.0
629167,0.0
629168,0.0
629169,0.0
629170,0.0
629171,0.0
629172,0.0
629173,0.0
629174,0.0
629175,0.0
629176,0.0
629177,0.0
629178,0.0
629179,0.0
629180,0.0
629181,0.0
629182,0.0
629183,0.0
629184,0.0
629185,0.0
629186,0.0
629187,0.0
629188,0.0
629189,0.0
629190,0.0
629191,0.0
629192,0.0
629193,0.0
629194,0.0
629195,0.0
629196,0.0
629197,0.0
629198,0.0
629199,0.0
629200,0.0
629201,0.0
629202,0.0
629203,0.0
629204,0.0
629205,0.0
629206,5.478984e-16
629207,0.0
629208,0.0
629209,0.0
629210,0.0
629211,0.0
629212,0.0
629213,0.0
629214,0.0
629215,0.0
629216,0.0
629217,0.0
629218,0.0
629219,0.0
629220,0.0
629221,0.0
629222,0.0
629223,0.0
629224,0.0
629225,0.0
629226,0.0
629227,0.0
629228,7.7366195e-08
629229,0.0
629230,0.0
629231,0.0
629232,0.0
629233,0.0
629234,0.0
629235,0.0
629236,0.0
629237,0.0
629238,0.0
629239,0.0
629240,0.0
629241,0.0
629242,0.0
629243,0.0
629244,0.0
629245,0.0
629246,0.0
629247,0.0
629248,0.0
629249,0.0
629250,0.0
629251,0.0
629252,0.0
629253,0.0
629254,0.0
629255,0.0
629256,0.0
629257,0.0
629258,0.0
629259,0.0
629260,0.0
629261,0.0
629262,0.0
629263,0.0
629264,0.0
629265,0.0
629266,0.0
629267,0.0
629268,0.0
629269,0.0
629270,0.0
629271,0.0
629272,0.0
629273,0.0
629274,0.0
629275,0.0
629276,0.0
629277,0.0
629278,0.0
629279,0.0
629280,0.0
629281,0.0
629282,0.0
629283,0.0
629284,0.0
629285,0.0
629286,0.0
629287,0.0
629288,0.0
629289,0.0
629290,0.0
629291,1.1367205e-22
629292,0.0
629293,0.0
629294,0.0
629295,0.0
629296,0.0
629297,7.156572e-11
629298,0.0
629299,0.0
629300,0.0
629301,0.0
629302,0.0
629303,0.0
629304,0.0
629305,0.0
629306,0.0
629307,0.0
629308,0.0
629309,0.0
629310,0.0
629311,0.0
629312,0.0
629313,0.0
629314,0.0
629315,0.0
629316,0.0
629317,0.0
629318,0.0
629319,0.0
629320,0.0
629321,0.0
629322,0.0
629323,0.0
629324,0.0
629325,0.0
629326,0.0
629327,0.0
629328,0.0
629329,0.0
629330,0.0
629331,0.0
629332,0.0
629333,0.0
629334,0.0
629335,0.0
629336,0.0
629337,0.0
629338,0.0
629339,0.0
629340,0.0
629341,0.0
629342,0.0
629343,0.0
629344,0.0
629345,0.0
629346,0.0
629347,0.0
629348,0.0
629349,0.0
629350,0.0
629351,0.0
629352,0.0
629353,0.0
629354,0.0
629355,0.0
629356,0.0
629357,0.0
629358,0.0
629359,0.0
629360,0.0
629361,0.0
629362,0.0
629363,0.0
629364,0.0
629365,0.0
629366,0.0
629367,0.0
629368,0.0
629369,0.0
629370,0.0
629371,0.0
629372,0.0
629373,0.0
629374,0.0
629375,0.0
629376,0.0
629377,0.0
629378,0.0
629379,0.0
629380,0.0
629381,0.0
629382,0.0
629383,0.0
629384,0.0
629385,0.0
629386,0.0
629387,0.0
629388,0.0
629389,0.0
629390,0.0
629391,0.0
629392,0.0
629393,0.0
629394,0.0
629395,0.0
629396,0.0
629397,0.0
629398,0.0
629399,0.0
629400,0.0
629401,0.0
629402,0.0
629403,0.0
629404,0.0
629405,0.0
629406,0.0
629407,0.0
629408,0.0
629409,0.0
629410,0.0
629411,0.0
629412,0.0
629413,0.0
629414,0.0
629415,0.0
629416,0.0
629417,0.0
629418,0.0
629419,0.0
629420,0.0
629421,0.0
629422,0.0
629423,0.0
629424,0.0
629425,0.0
629426,0.0
629427,0.0
629428,0.0
629429,0.0
629430,0.0
629431,0.0
629432,0.0
629433,0.0
629434,0.0
629435,0.0
629436,0.0
629437,0.0
629438,0.0
629439,0.0
629440,0.0
629441,0.0
629442,0.0
629443,0.0
629444,0.0
629445,0.0
629446,0.0
629447,0.0
629448,0.0
629449,0.0
629450,0.0
629451,0.0
629452,0.0
629453,0.0
629454,0.0
629455,1.015397e-34
629456,0.0
629457,0.0
629458,0.0
629459,0.0
629460,0.0
629461,0.0
629462,0.0
629463,0.0
629464,0.0
629465,0.0
629466,0.0
629467,0.0
629468,0.0
629469,0.0
629470,0.0
629471,0.0
629472,0.0
629473,0.0
629474,0.0
629475,0.0
629476,0.0
629477,0.0
629478,0.0
629479,0.0
629480,0.0
629481,0.0
629482,0.0
629483,0.0
629484,0.0
629485,0.0
629486,0.0
629487,0.0
629488,0.0
629489,0.0
629490,0.16834442
629491,0.0
629492,0.0
629493,0.0
629494,0.0
629495,0.0
629496,0.0
629497,0.0
629498,0.0
629499,0.0
629500,0.0
629501,0.0
629502,0.0
629503,0.0
629504,0.0
629505,0.0
629506,0.0
629507,0.0
629508,0.0
629509,0.0
629510,0.0
629511,0.0
629512,0.0
629513,0.0
629514,0.0
629515,0.0
629516,0.0
629517,0.0
629518,0.0
629519,0.0
629520,0.0
629521,0.0
629522,0.0
629523,0.0
629524,0.0
629525,0.0
629526,0.0
629527,0.0
629528,0.0
629529,0.0
629530,0.0
629531,0.0
629532,0.0
629533,0.0
629534,0.0
629535,0.0
629536,0.0
629537,0.0
629538,0.0
629539,0.0
629540,0.0
629541,0.0
629542,0.0
629543,0.0
629544,0.0
629545,0.0
629546,0.0
629547,0.0
629548,0.0
629549,0.0
629550,0.0
629551,0.0
629552,0.0
629553,0.0
629554,0.0
629555,0.0
629556,2.4889322e-15
629557,0.0
629558,0.0
629559,0.0
629560,0.0
629561,0.0
629562,0.0
629563,0.0
629564,0.0
629565,0.0
629566,0.0
629567,0.0
629568,0.0
629569,0.0
629570,0.0
629571,0.0
629572,0.0
629573,7.941041e-30
629574,0.0
629575,0.0
629576,0.0
629577,0.0
629578,0.0
629579,0.0
629580,0.0
629581,0.0
629582,0.0
629583,0.0
629584,0.0
629585,0.0
629586,0.0
629587,0.0
629588,0.0
629589,0.0
629590,0.0
629591,0.0
629592,0.0
629593,0.0
629594,0.0
629595,0.0
629596,0.0
629597,0.0
629598,0.0
629599,0.0
629600,0.0
629601,0.0
629602,0.0
629603,0.0
629604,0.0
629605,0.0
629606,0.0
629607,0.0
629608,0.0
629609,0.0
629610,0.0
629611,0.0
629612,0.0
629613,0.0
629614,0.0
629615,0.0
629616,0.0
629617,0.0
629618,0.0
629619,0.0
629620,0.0
629621,0.0
629622,0.0
629623,0.0
629624,0.0
629625,0.0
629626,0.0
629627,0.0
629628,0.0
629629,0.0
629630,0.0
629631,0.0
629632,0.0
629633,0.0
629634,0.0
629635,0.0
629636,0.0
629637,0.0
629638,0.0
629639,0.0
629640,0.0
629641,0.0
629642,0.0
629643,0.0
629644,0.0
629645,0.0
629646,0.0
629647,0.0
629648,0.0
629649,0.0
629650,0.0
629651,0.0
629652,0.0
629653,0.0
629654,0.0
629655,0.0
629656,0.0
629657,0.0
629658,0.0
629659,0.0
629660,0.0
629661,0.0
629662,0.0
629663,0.0
629664,0.0
629665,0.0
629666,0.0
629667,0.0
629668,0.0
629669,0.0
629670,0.0
629671,0.0
629672,0.0
629673,0.0
629674,0.0
629675,0.0
629676,0.0
629677,0.0
629678,0.0
629679,0.0
629680,0.0
629681,0.0
629682,0.0
629683,0.0
629684,0.0
629685,0.0
629686,0.0
629687,0.0
629688,0.0
629689,0.0
629690,0.0
629691,0.0
629692,0.0
629693,0.0
629694,0.0
629695,0.0
629696,0.0
629697,0.0
629698,0.0
629699,0.0
629700,0.0
629701,0.0
629702,0.0
629703,0.0
629704,0.0
629705,0.0
629706,0.0
629707,0.0
629708,0.0
629709,0.0
629710,0.0
629711,0.0
629712,0.0
629713,0.0
629714,0.0
629715,0.0
629716,0.0
629717,0.0
629718,0.0
629719,0.0
629720,0.0
629721,0.0
629722,0.0
629723,0.0
629724,0.0
629725,0.0
629726,0.0
629727,0.0
629728,0.0
629729,0.0
629730,0.0
629731,0.0
629732,0.0
629733,0.0
629734,0.0
629735,0.0
629736,0.0
629737,0.0
629738,0.0
629739,0.0
629740,0.0
629741,0.0
629742,0.0
629743,0.0
629744,0.0
629745,0.0
629746,0.0
629747,0.0
629748,0.0
629749,0.0
629750,0.0
629751,0.0
629752,0.0
629753,0.0
629754,0.0
629755,0.0
629756,0.0
629757,0.0
629758,0.0
629759,0.0
629760,0.0
629761,0.0
629762,0.0
629763,0.0
629764,0.0
629765,0.0
629766,0.0
629767,0.0
629768,0.0
629769,0.0
629770,0.0
629771,0.0
629772,0.0
629773,0.0
629774,0.0
629775,0.0
629776,0.0
629777,0.0
629778,0.0
629779,0.0
629780,0.0
629781,0.0
629782,0.0
629783,0.0
629784,0.0
629785,0.0
629786,0.0
629787,0.0
629788,0.0
629789,0.0
629790,0.0
629791,0.0
629792,0.0
629793,0.0
629794,0.0
629795,0.0
629796,0.0
629797,0.0
629798,0.0
629799,0.0
629800,0.0
629801,0.0
629802,0.0
629803,0.0
629804,0.0
629805,0.0
629806,0.0
629807,0.0
629808,0.0
629809,0.0
629810,0.0
629811,0.0
629812,0.0
629813,0.0
629814,0.0
629815,0.0
629816,0.0
629817,0.0
629818,0.0
629819,0.0
629820,0.0
629821,0.0
629822,0.0
629823,0.0
629824,0.0
629825,0.0
629826,0.0
629827,0.0
629828,0.0
629829,0.0
629830,0.0
629831,0.0
629832,0.0
629833,0.0
629834,0.0
629835,0.0
629836,0.0
629837,0.0
629838,0.0
629839,0.0
629840,0.0
629841,0.0
629842,0.0
629843,0.0
629844,0.0
629845,0.0
629846,0.0
629847,0.0
629848,0.0
629849,0.0
629850,0.0
629851,0.0
629852,0.0
629853,0.0
629854,0.0
629855,0.0
629856,0.0
629857,0.0
629858,0.0
629859,0.0
629860,0.0
629861,0.0
629862,0.0
629863,0.0
629864,0.0
629865,0.0
629866,0.0
629867,0.0
629868,0.0
629869,0.0
629870,0.0
629871,0.0
629872,0.0
629873,0.0
629874,0.0
629875,0.0
629876,0.0
629877,0.0
629878,0.0
629879,0.0
629880,0.0
629881,0.0
629882,0.0
629883,0.0
629884,0.0
629885,0.0
629886,0.0
629887,0.0
629888,0.0
629889,0.0
629890,0.0
629891,0.0
629892,0.0
629893,0.0
629894,0.0
629895,0.0
629896,0.0
629897,0.0
629898,0.0
629899,0.0
629900,0.0
629901,0.0
629902,0.0
629903,0.0
629904,0.0
629905,0.0
629906,0.0
629907,0.0
629908,0.0
629909,0.0
629910,0.0
629911,0.0
629912,0.0
629913,0.0
629914,1.4452336e-15
629915,0.0
629916,0.0
629917,0.0
629918,0.0
629919,0.0
629920,0.0
629921,0.0
629922,0.0
629923,0.0
629924,0.0
629925,0.0
629926,0.0
629927,0.0
629928,0.0
629929,0.0
629930,0.0
629931,0.0
629932,0.0
629933,0.0
629934,0.0
629935,0.0
629936,0.0
629937,0.0
629938,0.0
629939,0.0
629940,0.0
629941,0.0
629942,0.0
629943,0.0
629944,0.0
629945,0.0
629946,0.0
629947,0.0
629948,0.0
629949,0.0
629950,0.0
629951,0.0
629952,0.0
629953,0.0
629954,0.0
629955,0.0
629956,0.0
629957,0.0
629958,0.0
629959,0.0
629960,0.0
629961,0.0
629962,0.0
629963,0.0
629964,0.0
629965,0.0
629966,0.0
629967,0.0
629968,0.0
629969,0.0
629970,0.0
629971,0.0
629972,0.0
629973,0.0
629974,0.0
629975,0.0
629976,0.0
629977,0.0
629978,0.0
629979,0.0
629980,0.0
629981,0.0
629982,0.0
629983,0.0
629984,0.0
629985,0.0
629986,0.0
629987,0.0
629988,0.0
629989,0.0
629990,0.0
629991,0.0
629992,0.0
629993,0.0
629994,0.0
629995,0.0
629996,0.0
629997,0.0
629998,0.0
629999,0.0
630000,0.0
630001,0.0
630002,0.0
630003,0.0
630004,0.0
630005,0.0
630006,0.0
630007,0.0
630008,0.0
630009,0.0
630010,0.0
630011,0.0
630012,0.0
630013,0.0
630014,0.0
630015,0.0
630016,0.0
630017,0.0
630018,0.0
630019,0.0
630020,0.0
630021,0.0
630022,0.0
630023,0.0
630024,0.0
630025,0.0
630026,0.0
630027,0.0
630028,0.0
630029,0.010053361
630030,0.0
630031,0.0
630032,1.8081225e-15
630033,0.0
630034,0.0
630035,0.0
630036,0.0
630037,0.0
630038,0.0
630039,0.0
630040,0.0
630041,0.0
630042,0.0
630043,0.0
630044,0.0
630045,0.0
630046,0.0
630047,0.0
630048,0.0
630049,0.0
630050,0.0
630051,0.0
630052,0.0
630053,0.0
630054,0.0
630055,0.0
630056,0.0
630057,0.0
630058,0.0
630059,0.0
630060,0.0
630061,0.0
630062,0.0
630063,0.0
630064,0.0
630065,0.0
630066,0.0
630067,0.0
630068,0.0
630069,0.0
630070,0.0
630071,0.0
630072,0.0
630073,0.0
630074,0.0
630075,0.0035197288
630076,0.0
630077,0.0
630078,0.0
630079,0.0
630080,0.0
630081,0.0
630082,0.0
630083,0.0
630084,0.0
630085,0.0
630086,0.0
630087,0.0
630088,0.0
630089,0.0
630090,0.0
630091,0.0
630092,0.0
630093,0.0
630094,0.0
630095,0.0
630096,0.0
630097,0.0
630098,0.0
630099,0.0
630100,0.0
630101,0.0
630102,0.0
630103,0.0
630104,0.0
630105,0.0
630106,0.0
630107,0.0
630108,0.0
630109,0.0
630110,0.0
630111,0.0
630112,0.0
630113,0.0
630114,0.0
630115,0.0
630116,0.0
630117,0.0
630118,0.0
630119,0.0
630120,0.0
630121,0.0
630122,0.0
630123,0.0
630124,0.0
630125,0.0
630126,0.0
630127,0.0
630128,0.0
630129,0.0
630130,0.0
630131,0.0
630132,0.0
630133,0.0
630134,0.0
630135,0.0
630136,0.0
630137,0.0
630138,0.0
630139,0.0
630140,0.0
630141,0.0
630142,0.0
630143,0.0
630144,0.0
630145,0.0
630146,0.0
630147,0.0
630148,0.0
630149,0.0
630150,0.0
630151,0.0
630152,0.0
630153,0.0
630154,0.0
630155,0.0
630156,0.0
630157,0.0
630158,0.0
630159,1.2588974e-05
630160,0.0
630161,0.0
630162,0.0
630163,0.0
630164,0.0
630165,0.0
630166,0.0
630167,0.0
630168,0.0
630169,0.0
630170,0.0
630171,0.0
630172,0.0
630173,0.0
630174,0.0
630175,0.0
630176,0.0
630177,0.0
630178,0.0
630179,0.0
630180,0.0
630181,0.0
630182,0.0
630183,0.0
630184,0.0
630185,0.0
630186,0.0
630187,0.0
630188,0.0
630189,0.0
630190,0.0
630191,0.0
630192,0.0
630193,0.0
630194,0.0
630195,0.0
630196,0.0
630197,0.0
630198,0.0
630199,0.0
630200,0.0
630201,0.0
630202,0.0
630203,0.0
630204,0.0
630205,0.0
630206,0.0
630207,0.0
630208,0.0
630209,0.0
630210,0.0
630211,0.0
630212,0.0
630213,0.0
630214,0.0
630215,0.0
630216,0.0
630217,0.0
630218,0.0
630219,0.0
630220,0.0
630221,0.0
630222,0.0
630223,0.0
630224,0.0
630225,0.0
630226,0.0
630227,0.0
630228,0.0
630229,0.0
630230,0.0
630231,0.0
630232,0.0
630233,0.0
630234,0.0
630235,0.0
630236,0.0
630237,0.0
630238,0.0
630239,0.0
630240,0.0
630241,0.0
630242,0.0
630243,0.0
630244,1.9318509e-06
630245,0.0
630246,0.0
630247,0.0
630248,0.0
630249,0.0
630250,0.0
630251,0.0
630252,0.0
630253,0.0
630254,0.0
630255,0.0
630256,0.0
630257,0.0
630258,0.0
630259,0.0
630260,0.0
630261,0.0
630262,0.0
630263,0.0
630264,0.0
630265,0.0
630266,0.0
630267,0.0
630268,0.0
630269,0.0
630270,0.0
630271,0.0
630272,0.0
630273,0.0
630274,0.0
630275,0.0
630276,0.0
630277,0.0
630278,0.0
630279,0.0
630280,0.0
630281,0.0
630282,0.0
630283,0.0
630284,0.0
630285,0.0
630286,0.0
630287,0.0
630288,0.0
630289,0.0
630290,0.0
630291,0.0
630292,0.0
630293,0.0
630294,0.0
630295,0.0
630296,0.0
630297,0.0
630298,0.0
630299,0.0
630300,0.0
630301,0.0
630302,0.0
630303,0.0
630304,0.0
630305,0.0
630306,0.0
630307,0.0
630308,0.0
630309,0.0
630310,0.0
630311,0.0
630312,0.0
630313,0.0
630314,0.0
630315,0.0
630316,0.0
630317,0.0
630318,0.0
630319,0.0
630320,0.0
630321,0.0
630322,0.0
630323,0.0
630324,0.0
630325,0.0
630326,0.0
630327,0.0
630328,0.0
630329,0.0
630330,0.0
630331,0.0
630332,0.0
630333,0.0
630334,0.0
630335,0.0
630336,0.0
630337,0.0
630338,0.0
630339,0.0
630340,0.0
630341,0.0
630342,0.0
630343,0.0
630344,0.0
630345,0.0
630346,0.0
630347,0.0
630348,0.0
630349,0.0
630350,0.0
630351,0.0
630352,0.0
630353,0.0
630354,0.0
630355,0.0
630356,0.0
630357,0.0
630358,0.0
630359,0.0
630360,0.0
630361,0.0
630362,0.0
630363,0.0
630364,0.0
630365,0.0
630366,0.0
630367,0.0
630368,0.0
630369,0.0
630370,0.0
630371,0.0
630372,0.0
630373,0.0
630374,0.0
630375,0.0
630376,0.0
630377,0.0
630378,0.0
630379,0.0
630380,0.0
630381,0.0
630382,0.0
630383,0.0
630384,0.0
630385,0.0
630386,0.0
630387,0.0
630388,0.0
630389,0.0
630390,0.0
630391,0.0
630392,0.0
630393,0.0
630394,0.0
630395,0.0
630396,0.0
630397,0.0
630398,0.0
630399,0.0
630400,0.0
630401,0.0
630402,0.0
630403,0.0
630404,0.0
630405,0.0
630406,0.0
630407,0.0
630408,0.0
630409,0.0
630410,0.0
630411,0.0
630412,0.0
630413,0.0
630414,0.0
630415,0.0
630416,0.0
630417,0.0
630418,0.0
630419,0.0
630420,0.0
630421,0.0
630422,0.0
630423,0.0
630424,0.0
630425,0.0
630426,0.0
630427,0.0
630428,0.0
630429,0.0
630430,0.0
630431,0.0
630432,0.0
630433,0.0
630434,0.0
630435,0.0
630436,0.0
630437,0.0
630438,0.0
630439,0.0
630440,0.0
630441,0.0
630442,0.0
630443,0.0
630444,0.0
630445,0.0
630446,0.0
630447,0.0
630448,0.0
630449,0.0
630450,0.0
630451,0.0
630452,0.0
630453,0.0
630454,0.0
630455,0.0
630456,0.0
630457,0.0
630458,0.0
630459,0.0
630460,0.0
630461,0.0
630462,0.0
630463,0.0
630464,0.0
630465,0.0
630466,0.0
630467,0.0
630468,0.0
630469,0.0
630470,0.0
630471,0.0
630472,0.0
630473,0.0
630474,0.0
630475,0.0
630476,0.0
630477,0.0
630478,0.0
630479,0.0
630480,0.0
630481,0.0
630482,0.0
630483,0.0
630484,0.0
630485,0.0
630486,0.0
630487,0.0
630488,0.0
630489,0.0
630490,0.0
630491,0.0
630492,0.0
630493,0.0
630494,0.0
630495,0.0
630496,0.0
630497,0.0
630498,0.0
630499,0.0
630500,0.0
630501,0.0
630502,0.0
630503,0.0
630504,0.0
630505,0.0
630506,0.0
630507,0.0
630508,0.0
630509,0.0
630510,0.0
630511,0.0
630512,0.0
630513,0.0
630514,0.0
630515,0.0
630516,0.0
630517,0.0
630518,0.0
630519,0.0
630520,0.0
630521,0.0
630522,0.0
630523,0.0
630524,0.0
630525,0.0
630526,0.0
630527,0.0
630528,0.0
630529,0.0
630530,0.0
630531,0.0
630532,0.0
630533,0.0
630534,0.0
630535,0.0
630536,0.0
630537,0.0
630538,0.0
630539,0.0
630540,0.0
630541,0.0
630542,0.0
630543,0.0
630544,0.0
630545,0.0
630546,0.0
630547,0.0
630548,0.0
630549,0.0
630550,0.0
630551,0.0
630552,0.0
630553,0.0
630554,0.0
630555,0.0
630556,0.0
630557,0.0
630558,0.0
630559,0.0
630560,0.0
630561,0.0
630562,0.0
630563,0.0
630564,0.0
630565,0.0
630566,0.0
630567,0.0
630568,0.0
630569,0.0
630570,0.0
630571,0.0
630572,0.0
630573,0.0
630574,0.0
630575,0.0
630576,0.0
630577,0.0
630578,0.0
630579,0.0
630580,0.0
630581,0.0
630582,0.0
630583,0.0
630584,0.0
630585,0.0
630586,0.0
630587,0.0
630588,0.0
630589,0.0
630590,0.0
630591,0.0
630592,0.0
630593,0.0
630594,0.0
630595,0.0
630596,0.0
630597,0.0
630598,0.0
630599,0.0
630600,0.0
630601,0.0
630602,0.0
630603,0.0
630604,0.0
630605,0.0
630606,0.0
630607,0.0
630608,0.0
630609,0.0
630610,0.0
630611,0.0
630612,0.0
630613,0.0
630614,0.0
630615,0.0
630616,0.0
630617,0.0
630618,0.0
630619,0.0
630620,0.0
630621,0.0
630622,0.0
630623,0.0
630624,0.0
630625,0.0
630626,0.0
630627,0.0
630628,0.0
630629,0.0
630630,0.0
630631,0.0
630632,0.0
630633,0.0
630634,0.0
630635,0.0
630636,0.0
630637,0.0
630638,0.0
630639,0.0
630640,0.0
630641,0.0
630642,0.0
630643,0.0
630644,0.0
630645,0.0
630646,0.0
630647,0.0
630648,0.0
630649,0.0
630650,0.0
630651,0.0
630652,0.0
630653,0.0
630654,0.0
630655,0.0
630656,0.0
630657,0.0
630658,0.0
630659,0.0
630660,0.0
630661,0.0
630662,0.0
630663,0.0
630664,0.0
630665,0.0
630666,0.0
630667,0.0
630668,0.0
630669,0.0
630670,0.0
630671,0.0
630672,0.0
630673,0.0
630674,0.0
630675,0.0
630676,0.0
630677,0.0
630678,0.0
630679,0.0
630680,0.0
630681,0.0
630682,0.0
630683,0.0
630684,0.0
630685,0.0
630686,0.0
630687,0.0
630688,0.0
630689,0.0
630690,0.0
630691,0.0
630692,0.0
630693,0.0
630694,0.0
630695,0.0
630696,0.0
630697,0.0
630698,0.0
630699,0.0
630700,0.0
630701,0.0
630702,0.0
630703,0.0
630704,0.0
630705,0.0
630706,0.0
630707,0.0
630708,0.0
630709,0.0
630710,0.0
630711,0.0
630712,0.0
630713,0.0
630714,0.0
630715,0.0
630716,0.0
630717,0.0
630718,0.0
630719,0.0
630720,0.0
630721,0.0
630722,0.0
630723,0.0
630724,0.0
630725,0.0
630726,0.0
630727,0.0
630728,0.0
630729,0.0
630730,0.0
630731,0.0
630732,0.0
630733,0.0
630734,0.0
630735,0.0
630736,0.0
630737,0.0
630738,0.0
630739,0.0
630740,0.0
630741,0.0
630742,0.0
630743,0.0
630744,0.0
630745,0.0
630746,0.0
630747,0.0
630748,0.0
630749,0.0
630750,0.0
630751,0.0
630752,0.0
630753,0.0
630754,0.0
630755,0.0
630756,0.0
630757,0.0
630758,0.0
630759,0.0
630760,0.0
630761,0.0
630762,0.0
630763,0.0
630764,0.0
630765,0.0
630766,0.0
630767,0.0
630768,0.0
630769,0.0
630770,0.0
630771,0.0
630772,0.0
630773,0.0
630774,0.0
630775,0.0
630776,0.0
630777,0.0
630778,0.0
630779,0.0
630780,0.0
630781,0.0
630782,0.0
630783,0.0
630784,0.0
630785,0.0
630786,0.0
630787,0.0
630788,0.0
630789,0.0
630790,0.0
630791,0.0
630792,0.0
630793,0.0
630794,0.0
630795,0.0
630796,0.0
630797,0.0
630798,0.0
630799,0.0
630800,0.0
630801,0.0
630802,0.0
630803,0.0
630804,0.0
630805,0.0
630806,0.0
630807,0.0
630808,0.0
630809,0.0
630810,0.0
630811,0.0
630812,0.0
630813,0.0
630814,0.0
630815,0.0
630816,0.0
630817,0.0
630818,0.0
630819,0.0
630820,0.0
630821,0.0
630822,0.0
630823,0.0
630824,0.0
630825,0.0
630826,0.0
630827,0.0
630828,0.0
630829,0.0
630830,0.0
630831,0.0
630832,0.0
630833,0.0
630834,0.0
630835,0.0
630836,0.0
630837,0.0
630838,0.0
630839,0.0
630840,0.0
630841,0.0
630842,0.0
630843,0.0
630844,0.0
630845,0.0
630846,0.0
630847,0.0
630848,0.0
630849,0.0
630850,0.0
630851,0.0
630852,0.0
630853,0.0
630854,0.0
630855,0.0
630856,0.0
630857,0.0
630858,0.0
630859,0.0
630860,0.0
630861,0.0
630862,0.0
630863,0.0
630864,0.0
630865,0.0
630866,0.0
630867,0.0
630868,0.0
630869,0.0
630870,0.0
630871,0.0
630872,0.0
630873,0.0
630874,0.0
630875,0.0
630876,0.0
630877,0.0
630878,0.0
630879,0.0
630880,0.0
630881,0.0
630882,0.0
630883,0.0
630884,0.0
630885,0.0
630886,0.0
630887,0.0
630888,0.0
630889,0.0
630890,0.0
630891,0.0
630892,0.0
630893,0.0
630894,0.0
630895,0.0
630896,0.0
630897,0.0
630898,0.0
630899,0.0
630900,0.0
630901,4.4133856e-15
630902,0.0
630903,0.0
630904,0.0
630905,0.0
630906,0.0
630907,0.0
630908,0.0
630909,0.0
630910,0.0
630911,0.0
630912,0.0
630913,0.0
630914,0.0
630915,0.0
630916,0.0
630917,0.0
630918,0.0
630919,0.0
630920,0.0
630921,0.0
630922,0.0
630923,0.0
630924,0.0
630925,0.0
630926,0.0
630927,1.6398148e-37
630928,0.0
630929,0.0
630930,0.0
630931,0.0
630932,0.0
630933,0.0
630934,0.0
630935,0.0
630936,0.0
630937,0.0
630938,0.0
630939,0.0
630940,2.651579e-29
630941,0.0
630942,0.0
630943,0.0
630944,0.0
630945,0.0
630946,0.0
630947,0.0
630948,0.0
630949,0.0
630950,0.0
630951,0.0
630952,0.0
630953,0.0
630954,0.0
630955,0.0
630956,0.0
630957,0.0
630958,0.0
630959,0.0
630960,0.0
630961,0.0
630962,0.0
630963,0.0
630964,0.0
630965,0.0
630966,0.0
630967,0.0
630968,0.0
630969,0.0
630970,0.0
630971,0.0
630972,0.0
630973,0.0
630974,0.0
630975,0.0
630976,0.0
630977,0.0
630978,0.0
630979,0.0
630980,0.0
630981,0.0
630982,0.0
630983,0.0
630984,0.0
630985,0.0
630986,0.0
630987,0.0
630988,0.0
630989,0.0
630990,0.0
630991,0.0
630992,0.0
630993,0.0
630994,0.0
630995,0.0
630996,0.0
630997,0.0
630998,0.0
630999,0.0
631000,0.0
631001,0.0
631002,0.0
631003,0.0
631004,0.0
631005,0.0
631006,0.0
631007,0.0
631008,0.0
631009,0.0
631010,0.15117325
631011,0.0
631012,0.0
631013,0.0
631014,0.0
631015,0.0
631016,0.0
631017,0.0
631018,0.0
631019,0.0
631020,0.0
631021,0.0
631022,0.0
631023,0.0
631024,0.0
631025,0.0
631026,0.0
631027,0.0
631028,0.0
631029,0.0
631030,0.0
631031,0.0
631032,0.0
631033,0.0
631034,0.0
631035,0.0
631036,0.0
631037,0.0
631038,0.0
631039,0.0
631040,0.0
631041,0.0
631042,0.0
631043,0.0
631044,0.0
631045,0.0
631046,0.0
631047,0.0
631048,0.0
631049,0.0
631050,0.0
631051,0.0
631052,0.0
631053,0.0
631054,0.0
631055,0.0
631056,0.0
631057,0.0
631058,0.0
631059,0.0
631060,0.0
631061,0.0
631062,0.0
631063,0.0
631064,0.0
631065,0.0
631066,0.0
631067,0.0
631068,0.0
631069,0.0
631070,0.0
631071,0.0
631072,0.0
631073,0.0
631074,0.0
631075,0.0
631076,0.0
631077,0.0
631078,0.0
631079,0.0
631080,0.0
631081,0.0
631082,0.0
631083,0.0
631084,0.0
631085,0.0
631086,0.0
631087,0.0
631088,0.0
631089,0.0
631090,0.0
631091,0.0
631092,0.0
631093,0.0
631094,0.0
631095,0.0
631096,0.0
631097,0.0
631098,0.0
631099,0.0
631100,0.0
631101,0.0
631102,0.0
631103,0.0
631104,0.0
631105,0.0
631106,0.0
631107,0.0
631108,0.0
631109,0.0
631110,0.0
631111,0.0
631112,0.0
631113,0.0
631114,0.0
631115,0.0
631116,0.0
631117,0.0
631118,0.0
631119,0.0
631120,0.0
631121,0.0
631122,0.0
631123,0.0
631124,0.0
631125,0.0
631126,0.0
631127,0.0
631128,0.0
631129,0.0
631130,0.0
631131,0.0
631132,0.0
631133,0.0
631134,0.0
631135,0.0
631136,0.0
631137,0.0
631138,0.0
631139,0.0
631140,0.0
631141,0.0
631142,0.0
631143,0.0
631144,0.0
631145,0.0
631146,0.0
631147,0.0
631148,0.0
631149,0.0
631150,0.0
631151,0.0
631152,0.0
631153,0.0
631154,0.0
631155,0.0
631156,0.0
631157,0.0
631158,0.0
631159,0.0
631160,0.0
631161,0.0
631162,0.0
631163,0.0
631164,0.0
631165,0.0
631166,0.0
631167,0.0
631168,0.0
631169,0.0
631170,0.0
631171,0.0
631172,0.0
631173,0.0
631174,0.0
631175,0.0
631176,0.0
631177,0.0
631178,0.0
631179,0.0
631180,0.0
631181,0.0
631182,0.0
631183,0.0
631184,0.0
631185,0.0
631186,0.0
631187,0.0
631188,0.0
631189,0.0
631190,0.0
631191,0.0
631192,0.0
631193,0.0
631194,0.0
631195,0.0
631196,0.0
631197,0.0
631198,0.0
631199,0.0
631200,0.0
631201,0.0
631202,0.0
631203,0.0
631204,0.0
631205,0.0
631206,0.0
631207,0.0
631208,0.0
631209,0.0
631210,0.0
631211,0.0
631212,0.0
631213,0.0
631214,0.0
631215,0.0
631216,0.0
631217,0.0
631218,0.0
631219,0.0
631220,0.0
631221,0.0
631222,0.0
631223,0.0
631224,0.0
631225,0.0
631226,0.0
631227,0.0
631228,0.0
631229,0.0
631230,0.0
631231,0.0
631232,0.0
631233,0.0
631234,0.0
631235,0.0
631236,0.0
631237,0.0
631238,0.0
631239,0.0
631240,0.0
631241,0.0
631242,0.0
631243,0.0
631244,0.0
631245,0.0
631246,0.0
631247,0.0
631248,0.0
631249,0.0
631250,0.0
631251,0.0
631252,0.0
631253,0.0
631254,0.0
631255,0.0
631256,0.0
631257,0.0
631258,0.0
631259,0.0
631260,0.0
631261,0.0
631262,0.0
631263,0.0
631264,0.0
631265,0.0
631266,0.0
631267,0.0
631268,0.0
631269,0.0
631270,0.0
631271,0.0
631272,0.0
631273,0.0
631274,0.0
631275,0.0
631276,0.0
631277,0.0
631278,0.0
631279,0.0
631280,0.0
631281,0.0
631282,0.0
631283,0.0
631284,0.0
631285,0.0
631286,0.0
631287,0.0
631288,0.0
631289,0.0
631290,0.0
631291,0.0
631292,0.0
631293,0.0
631294,0.0
631295,0.0
631296,0.0
631297,0.0
631298,0.0
631299,0.0
631300,0.0
631301,0.0
631302,0.0
631303,0.0
631304,0.0
631305,0.0
631306,0.0
631307,0.0
631308,0.0
631309,0.0
631310,0.0
631311,0.0
631312,0.0
631313,0.0
631314,0.0
631315,0.0
631316,0.0
631317,0.0
631318,0.0
631319,0.0
631320,0.0
631321,0.0
631322,0.0
631323,0.0
631324,0.0
631325,0.0
631326,0.0
631327,0.0
631328,0.0
631329,0.0
631330,0.0
631331,0.0
631332,0.0
631333,0.0
631334,0.0
631335,0.0
631336,0.0
631337,0.0
631338,0.0
631339,0.0
631340,0.0
631341,0.0
631342,0.0
631343,0.0
631344,0.0
631345,0.0
631346,0.0
631347,0.0
631348,0.0
631349,0.0
631350,0.0
631351,0.0
631352,0.0
631353,0.0
631354,0.0
631355,5.359208e-18
631356,0.0
631357,4.5876707e-38
631358,0.0
631359,0.0
631360,0.0
631361,0.0
631362,0.0
631363,0.0
631364,0.0
631365,0.0
631366,0.0
631367,0.0
631368,0.0
631369,0.0
631370,0.0
631371,0.0
631372,0.0
631373,0.0
631374,0.0
631375,0.0
631376,0.0
631377,0.0
631378,0.0
631379,0.0
631380,0.0
631381,0.0
631382,0.0
631383,0.0
631384,0.0
631385,0.0
631386,0.0
631387,0.0
631388,2.4507604e-34
631389,0.0
631390,0.0
631391,0.0
631392,0.0
631393,0.0
631394,0.0
631395,0.0
631396,0.0
631397,0.0
631398,0.0
631399,0.0
631400,0.0
631401,0.0
631402,0.0
631403,0.0
631404,0.0
631405,0.0
631406,0.0
631407,0.0
631408,0.0
631409,0.0
631410,0.0
631411,0.0
631412,0.0
631413,0.0
631414,0.0
631415,0.0
631416,7.2257933e-38
631417,0.0
631418,0.0
631419,0.0
631420,0.0
631421,0.0
631422,0.0
631423,0.0
631424,0.0
631425,0.0
631426,0.0
631427,0.0
631428,0.0
631429,0.0
631430,0.0
631431,0.0
631432,0.0
631433,0.0
631434,0.0
631435,0.0
631436,0.0
631437,0.0
631438,0.0
631439,0.0
631440,0.0
631441,0.0
631442,0.0
631443,0.0
631444,0.0
631445,0.0
631446,0.0
631447,0.0
631448,0.0
631449,0.0
631450,0.0
631451,0.0
631452,0.0
631453,0.0
631454,0.0
631455,0.0
631456,0.0
631457,0.0
631458,0.0
631459,0.0
631460,0.0
631461,0.0
631462,0.0
631463,0.0
631464,0.0
631465,0.0
631466,0.0
631467,0.0
631468,0.0
631469,0.0
631470,0.0
631471,0.0
631472,0.0
631473,0.0
631474,0.0
631475,0.0
631476,0.0
631477,0.0
631478,0.0
631479,0.0
631480,0.0
631481,0.0
631482,0.0
631483,0.0
631484,0.0
631485,0.0
631486,0.0
631487,0.0
631488,0.0
631489,0.0
631490,0.0
631491,0.0
631492,0.0
631493,0.0
631494,0.0
631495,0.0
631496,0.0
631497,0.0
631498,0.0
631499,0.0
631500,0.0
631501,0.0
631502,0.0
631503,0.0
631504,0.0
631505,0.0
631506,0.0
631507,0.0
631508,0.0
631509,0.0
631510,0.0
631511,0.0
631512,0.0
631513,0.0
631514,0.0
631515,0.0
631516,0.0
631517,0.0
631518,0.0
631519,0.0
631520,0.0
631521,0.0
631522,0.0
631523,0.0
631524,0.0
631525,0.0
631526,0.0
631527,0.0
631528,0.0
631529,0.0
631530,0.0
631531,0.0
631532,0.0
631533,0.0
631534,0.0
631535,0.0
631536,0.0
631537,0.0
631538,0.0
631539,0.0
631540,0.0
631541,0.0
631542,0.0
631543,0.0
631544,0.0
631545,0.0
631546,0.0
631547,0.0
631548,0.0
631549,0.0
631550,0.0
631551,0.0
631552,0.0
631553,0.0
631554,0.0
631555,0.0
631556,0.0
631557,0.0
631558,0.0
631559,0.0
631560,0.0
631561,0.0
631562,0.0
631563,0.0
631564,0.0
631565,0.0
631566,0.0
631567,0.0
631568,0.0
631569,0.0
631570,0.0
631571,0.0
631572,0.0
631573,0.0
631574,0.0
631575,0.0
631576,0.0
631577,0.0
631578,0.0
631579,0.0
631580,0.0
631581,0.0
631582,0.0
631583,0.0
631584,0.0
631585,0.0
631586,0.0
631587,0.0
631588,0.0
631589,0.36242384
631590,0.0
631591,0.0
631592,0.0
631593,0.0
631594,0.0
631595,0.0
631596,0.0
631597,0.0
631598,0.0
631599,0.0
631600,0.0
631601,0.0
631602,0.0
631603,0.0
631604,0.0
631605,0.0
631606,0.0
631607,0.0
631608,0.0
631609,0.0
631610,0.0
631611,0.0
631612,0.0
631613,0.0
631614,0.0
631615,0.0
631616,0.0
631617,0.0
631618,0.0
631619,0.0
631620,0.0
631621,0.0
631622,3.9665175e-36
631623,0.0
631624,0.0
631625,0.0
631626,0.0
631627,0.0
631628,0.0
631629,0.0
631630,0.0
631631,0.0
631632,0.0
631633,0.0
631634,0.0
631635,0.0
631636,0.0
631637,0.0
631638,0.0
631639,0.0
631640,0.0
631641,0.0
631642,0.0
631643,0.0
631644,0.0
631645,0.0
631646,0.0
631647,0.0
631648,0.0
631649,0.0
631650,0.0
631651,0.0
631652,1.2129643e-27
631653,0.0
631654,0.0
631655,0.0
631656,0.0
631657,0.0
631658,0.0
631659,0.0
631660,0.0
631661,0.0
631662,0.0
631663,0.0
631664,0.0
631665,0.0
631666,0.0
631667,0.0
631668,0.0
631669,0.0
631670,0.0
631671,0.0
631672,0.0
631673,0.0
631674,0.0
631675,0.0
631676,0.0
631677,1.0456304e-31
631678,0.0
631679,0.0
631680,0.0
631681,0.0
631682,0.0
631683,0.0
631684,9.0134647e-29
631685,0.0
631686,0.0
631687,0.0
631688,0.0
631689,0.0
631690,0.0
631691,0.0
631692,0.0
631693,0.0
631694,0.0
631695,0.0
631696,0.0
631697,0.0
631698,0.0
631699,0.0
631700,0.0
631701,0.0
631702,0.0
631703,0.0
631704,0.0
631705,0.0
631706,0.0
631707,0.0
631708,0.0
631709,0.0
631710,0.0
631711,0.0
631712,0.0
631713,0.0
631714,0.0
631715,0.0
631716,0.0
631717,0.0
631718,0.0
631719,0.0
631720,0.0
631721,0.0
631722,0.0
631723,0.0
631724,0.0
631725,0.0
631726,0.0
631727,0.0
631728,0.0
631729,0.0
631730,0.0
631731,0.0
631732,0.0
631733,0.0
631734,0.0
631735,0.0
631736,0.0
631737,0.0
631738,0.0
631739,0.0
631740,0.0
631741,0.0
631742,0.0
631743,0.0
631744,0.0
631745,0.0
631746,0.0
631747,0.0
631748,0.0
631749,0.0
631750,0.0
631751,0.0
631752,0.0
631753,0.0
631754,0.0
631755,0.0
631756,0.0
631757,0.0
631758,0.0
631759,0.0
631760,0.0
631761,0.0
631762,0.0
631763,0.0
631764,0.0
631765,0.0
631766,0.0
631767,0.0
631768,0.0
631769,0.0
631770,0.0
631771,0.0
631772,0.0
631773,0.0
631774,0.0
631775,0.0
631776,0.0
631777,0.0
631778,0.0
631779,0.0
631780,0.0
631781,0.0
631782,1.1320703e-19
631783,0.0
631784,0.0
631785,0.0
631786,0.0
631787,0.0
631788,0.0
631789,0.0
631790,0.0
631791,0.0
631792,0.0
631793,0.0
631794,0.0
631795,0.0
631796,0.0
631797,0.0
631798,0.0
631799,0.0
631800,0.0
631801,0.0
631802,0.0
631803,0.0
631804,0.0
631805,0.0
631806,0.0
631807,0.0
631808,0.0
631809,0.0
631810,0.0
631811,0.0
631812,0.0
631813,0.0
631814,0.0
631815,0.0
631816,0.0
631817,0.00016687205
631818,0.0
631819,0.0
631820,0.0
631821,0.0
631822,0.0
631823,0.0
631824,0.0
631825,0.0
631826,0.0
631827,0.0
631828,0.0
631829,0.0
631830,0.0
631831,0.0
631832,0.0
631833,0.0
631834,8.3640916e-10
631835,0.0
631836,0.0
631837,0.0
631838,0.0
631839,0.0
631840,0.0
631841,0.0
631842,0.0
631843,0.0
631844,0.0
631845,0.0
631846,0.0
631847,0.0
631848,0.0
631849,0.0
631850,0.0
631851,0.0
631852,0.0
631853,0.0
631854,0.0
631855,0.0
631856,0.0
631857,0.0
631858,0.0
631859,0.0
631860,0.0
631861,0.0
631862,0.0
631863,0.0
631864,0.0
631865,0.0
631866,0.0
631867,0.0
631868,0.0
631869,0.0
631870,0.0
631871,0.0
631872,0.0
631873,0.0
631874,0.0
631875,0.0
631876,0.0
631877,0.0
631878,0.0
631879,0.0
631880,0.0
631881,0.0
631882,0.0
631883,0.0
631884,0.0
631885,0.0
631886,0.0
631887,0.0
631888,0.0
631889,0.0
631890,0.0
631891,0.0
631892,0.0
631893,0.0
631894,0.0
631895,0.0
631896,0.0
631897,0.0
631898,0.0
631899,0.0
631900,0.0
631901,0.0
631902,0.0
631903,0.0
631904,0.0
631905,0.0
631906,0.0
631907,5.992392e-27
631908,0.0
631909,0.0
631910,0.0
631911,0.0
631912,0.0
631913,0.0
631914,0.0
631915,0.0
631916,0.0
631917,0.0
631918,0.0
631919,0.0
631920,0.0
631921,5.0416017e-18
631922,0.0
631923,0.0
631924,0.0
631925,0.0
631926,0.0
631927,0.0
631928,0.0
631929,0.0
631930,0.0
631931,0.0
631932,0.0
631933,0.0
631934,0.0
631935,0.0
631936,0.0
631937,0.0
631938,0.0
631939,0.0
631940,0.0
631941,0.0
631942,1.2378977e-20
631943,0.0
631944,0.0
631945,0.0
631946,0.0
631947,0.0
631948,0.0
631949,0.0
631950,0.0
631951,0.0
631952,0.0
631953,0.0
631954,0.0
631955,0.0
631956,0.0
631957,0.0
631958,0.0
631959,0.0
631960,0.0
631961,0.0
631962,0.0
631963,0.0
631964,0.0
631965,0.0
631966,0.0
631967,0.0
631968,0.0
631969,0.0
631970,0.0
631971,0.0
631972,0.0
631973,0.0
631974,0.0
631975,0.0
631976,0.0
631977,0.0
631978,0.0
631979,0.0
631980,0.0
631981,0.0
631982,0.0
631983,0.0
631984,0.0
631985,0.0
631986,0.0
631987,0.0
631988,0.0
631989,0.0
631990,0.0
631991,0.0
631992,0.0
631993,0.0
631994,0.0
631995,0.0
631996,0.0
631997,0.0
631998,0.0
631999,0.0
632000,0.0
632001,0.0
632002,0.0
632003,0.0
632004,0.0
632005,0.0
632006,0.0
632007,0.0
632008,0.0
632009,0.0
632010,0.0
632011,0.0
632012,0.0
632013,0.0
632014,0.0
632015,0.0
632016,0.0
632017,0.0
632018,0.0
632019,0.0
632020,0.0
632021,0.0
632022,0.0
632023,0.0
632024,0.0
632025,0.0
632026,0.0
632027,0.0
632028,0.0
632029,0.0
632030,0.0
632031,0.0
632032,0.0
632033,0.0
632034,0.0
632035,0.0
632036,0.0
632037,0.0
632038,1.0576123e-25
632039,0.0
632040,0.0
632041,0.0
632042,0.0
632043,0.0
632044,0.0
632045,0.0
632046,0.0
632047,0.0
632048,0.0
632049,0.0
632050,0.0
632051,0.0
632052,0.0
632053,0.0
632054,0.0
632055,0.0
632056,0.0
632057,0.0
632058,0.0
632059,0.0
632060,0.0
632061,0.0
632062,0.0
632063,0.0
632064,0.0
632065,0.0
632066,0.0
632067,0.0
632068,0.8641877
632069,0.0
632070,0.0
632071,0.0
632072,0.0
632073,0.0
632074,0.0
632075,0.0
632076,0.0
632077,0.0
632078,0.0
632079,0.0
632080,0.0
632081,0.0
632082,0.0
632083,0.0
632084,0.0
632085,0.0
632086,0.0
632087,0.0
632088,0.0
632089,0.0
632090,0.0
632091,0.0
632092,0.0
632093,0.0
632094,0.0
632095,2.8529566e-21
632096,0.0
632097,0.0
632098,0.0
632099,0.0
632100,0.0
632101,0.0
632102,0.0
632103,0.0
632104,0.0
632105,0.0
632106,0.0
632107,0.0
632108,0.0
632109,0.0
632110,0.0
632111,0.0
632112,0.0
632113,0.0
632114,0.0
632115,0.0
632116,0.0
632117,0.0
632118,0.0
632119,0.0
632120,0.0
632121,0.0
632122,0.0
632123,0.0
632124,0.0
632125,0.0
632126,0.0
632127,0.0
632128,0.0
632129,0.0
632130,0.0
632131,0.0
632132,0.0
632133,0.0
632134,0.0
632135,0.0
632136,0.0
632137,0.0
632138,0.0
632139,0.0
632140,0.0
632141,0.0
632142,0.0
632143,0.0
632144,0.0
632145,0.0
632146,0.0
632147,0.0
632148,0.0
632149,0.0
632150,0.0
632151,0.0
632152,0.0
632153,0.0
632154,0.0
632155,0.0
632156,0.0
632157,0.0
632158,0.0
632159,0.0
632160,0.0
632161,0.0
632162,0.0
632163,0.0
632164,0.0
632165,0.0
632166,0.0
632167,0.0
632168,0.0
632169,0.0
632170,0.0
632171,0.0
632172,0.0
632173,0.0
632174,0.0
632175,0.0
632176,0.0
632177,0.0
632178,0.0
632179,0.0
632180,0.0
632181,0.0
632182,0.0
632183,0.0
632184,0.0
632185,0.0
632186,0.0
632187,0.0
632188,0.0
632189,0.0
632190,0.0
632191,0.0
632192,0.0
632193,0.0
632194,1.1638762e-23
632195,0.0
632196,0.0
632197,0.0
632198,0.0
632199,0.0
632200,0.0
632201,0.0
632202,0.0
632203,0.0
632204,0.0
632205,0.0
632206,0.0
632207,0.0
632208,0.0
632209,0.0
632210,0.0
632211,0.0
632212,0.0
632213,0.0
632214,0.0
632215,0.0
632216,0.0
632217,0.0
632218,0.0
632219,0.0
632220,0.0
632221,0.0
632222,0.0
632223,0.0
632224,0.0
632225,0.0
632226,0.0
632227,0.0
632228,0.0
632229,0.0
632230,0.0
632231,0.0
632232,0.0
632233,0.0
632234,0.0
632235,0.0
632236,0.0
632237,0.0
632238,0.0
632239,0.0
632240,0.0
632241,0.0
632242,0.0
632243,0.0
632244,0.0
632245,0.0
632246,0.0
632247,0.0
632248,0.0
632249,0.0
632250,0.0
632251,0.0
632252,0.0
632253,0.0
632254,0.0
632255,0.0
632256,0.0
632257,0.0
632258,0.0
632259,0.0
632260,0.0
632261,0.0
632262,0.0
632263,0.0
632264,0.0
632265,0.0
632266,0.0
632267,0.0
632268,0.0
632269,0.0
632270,0.0
632271,0.0
632272,0.0
632273,0.0
632274,0.0
632275,0.0
632276,0.0
632277,0.0
632278,0.0
632279,0.0
632280,0.0
632281,0.0
632282,0.0
632283,0.0
632284,0.0
632285,0.0
632286,0.0
632287,0.0
632288,0.0
632289,0.0
632290,0.0
632291,0.0
632292,0.0
632293,0.0
632294,0.0
632295,0.0
632296,0.0
632297,0.0
632298,0.0
632299,0.0
632300,0.0
632301,0.0
632302,0.0
632303,0.0
632304,0.0
632305,0.0
632306,0.0
632307,0.0
632308,0.0
632309,0.0
632310,2.2438734e-32
632311,0.0
632312,0.0
632313,0.0
632314,0.0
632315,0.0
632316,9.7962086e-08
632317,0.0
632318,0.0
632319,0.0
632320,0.0
632321,0.0
632322,0.0
632323,0.0
632324,0.0
632325,0.0
632326,0.0
632327,0.0
632328,0.0
632329,0.0
632330,0.0
632331,0.0
632332,0.0
632333,0.0
632334,0.0
632335,0.0
632336,0.0
632337,0.0
632338,0.0
632339,0.0
632340,0.0
632341,0.0
632342,0.0
632343,0.0
632344,0.0
632345,0.0
632346,0.0
632347,0.0
632348,0.0
632349,0.0
632350,0.0
632351,0.0
632352,0.0
632353,0.0
632354,0.0
632355,0.0
632356,0.0
632357,0.0
632358,0.0
632359,0.0
632360,0.0
632361,0.0
632362,0.0
632363,0.0
632364,0.0
632365,0.0
632366,0.0
632367,0.0
632368,0.0
632369,0.0
632370,0.0
632371,0.0
632372,0.0
632373,0.0
632374,0.0
632375,0.0
632376,0.0
632377,0.0
632378,0.0
632379,0.0
632380,0.0
632381,0.0
632382,0.0
632383,0.0
632384,0.0
632385,0.0
632386,0.0
632387,0.0
632388,0.0
632389,0.0
632390,0.0
632391,0.0
632392,0.0
632393,0.0
632394,0.0
632395,0.0
632396,0.0
632397,0.0
632398,0.0
632399,0.0
632400,0.0
632401,0.0
632402,0.0
632403,0.0
632404,0.0
632405,0.0
632406,0.0
632407,0.0
632408,0.0
632409,0.0
632410,0.0
632411,0.0
632412,0.0
632413,0.0
632414,0.0
632415,0.0
632416,0.0
632417,0.0
632418,0.0
632419,0.0
632420,0.0
632421,0.0
632422,0.0
632423,0.0
632424,0.0
632425,0.0
632426,0.0
632427,0.0
632428,0.0
632429,0.0
632430,0.0
632431,0.0
632432,0.0
632433,0.0
632434,0.0
632435,0.0
632436,0.0
632437,0.0
632438,0.0
632439,0.0
632440,0.0
632441,0.0
632442,0.0
632443,0.0
632444,0.0
632445,0.0
632446,0.0
632447,0.0
632448,0.0
632449,0.0
632450,0.0
632451,0.0
632452,0.0
632453,0.0
632454,0.0
632455,0.0
632456,0.0
632457,0.0
632458,0.0
632459,0.0
632460,0.0
632461,0.0
632462,0.0
632463,0.007508129
632464,0.0
632465,0.0
632466,0.0
632467,0.0
632468,0.0
632469,0.0
632470,0.0
632471,2.3290259e-10
632472,0.0
632473,0.0
632474,0.0
632475,0.0
632476,0.0
632477,0.0
632478,0.0
632479,0.0
632480,0.0
632481,0.0
632482,0.0
632483,0.0
632484,0.0
632485,0.0
632486,0.0
632487,0.0
632488,0.0
632489,0.0
632490,0.0
632491,0.0
632492,0.0
632493,0.0
632494,0.0
632495,0.0
632496,0.0
632497,0.0
632498,0.0
632499,0.0
632500,0.0
632501,0.0
632502,0.0
632503,0.0
632504,0.0
632505,0.0
632506,0.0
632507,0.0
632508,0.0
632509,0.0
632510,0.0
632511,0.0
632512,0.0
632513,0.0
632514,0.0
632515,0.0
632516,0.0
632517,0.0
632518,0.0
632519,0.0
632520,0.0
632521,0.0
632522,0.0
632523,0.0
632524,0.0
632525,0.0
632526,0.0
632527,0.0
632528,0.0
632529,0.0
632530,0.0
632531,0.0
632532,0.0
632533,0.0
632534,0.0
632535,0.0
632536,0.0
632537,0.0
632538,0.0
632539,0.0
632540,0.0
632541,0.0
632542,0.0
632543,0.0
632544,0.0
632545,0.0
632546,0.0
632547,0.0
632548,0.0
632549,0.0
632550,0.0
632551,0.0
632552,0.0
632553,0.0
632554,0.0
632555,2.071459e-36
632556,0.0
632557,0.0
632558,0.0
632559,0.0
632560,0.0
632561,0.0
632562,0.0
632563,0.0
632564,0.0
632565,0.0
632566,0.0
632567,0.0
632568,0.0
632569,0.0
632570,0.0
632571,0.0
632572,0.0
632573,0.0
632574,0.0
632575,0.0
632576,0.0
632577,0.0
632578,0.0
632579,0.0
632580,0.0
632581,0.0
632582,0.0
632583,0.0
632584,0.0
632585,0.0
632586,0.0
632587,0.0
632588,0.0
632589,0.0
632590,0.0
632591,0.0
632592,0.0
632593,0.0
632594,0.0
632595,0.0
632596,0.0
632597,0.0
632598,0.0
632599,0.0
632600,0.0
632601,0.0
632602,0.0
632603,0.0
632604,0.0
632605,0.0
632606,0.0
632607,0.0
632608,0.0
632609,0.0
632610,0.0
632611,0.0
632612,0.0
632613,0.0
632614,0.0
632615,0.0
632616,0.0
632617,0.0
632618,0.0
632619,0.0
632620,0.0
632621,0.0
632622,0.0
632623,0.0
632624,0.0
632625,0.0
632626,0.0
632627,0.0
632628,0.0
632629,0.0
632630,0.0
632631,0.0
632632,0.0
632633,0.0
632634,0.0
632635,0.0
632636,0.0
632637,0.0
632638,0.0
632639,0.0
632640,0.0
632641,0.0
632642,0.0
632643,0.0
632644,0.0
632645,0.0
632646,0.0
632647,0.0
632648,0.0
632649,0.0011433363
632650,0.0
632651,0.0
632652,0.0
632653,0.0
632654,0.0
632655,0.0
632656,0.0
632657,0.0
632658,0.0
632659,0.0
632660,0.0
632661,0.0
632662,0.0
632663,0.0
632664,0.0
632665,0.0
632666,0.0
632667,0.0
632668,0.0
632669,0.0
632670,0.0
632671,0.0
632672,0.0
632673,0.0
632674,0.0
632675,0.0
632676,0.0
632677,0.0
632678,0.0
632679,0.0
632680,0.0
632681,0.0
632682,0.0
632683,0.0
632684,0.0
632685,0.0
632686,0.0
632687,0.0
632688,0.0
632689,0.0
632690,0.0
632691,0.0
632692,0.0
632693,0.0
632694,0.0
632695,0.0
632696,0.0
632697,0.0
632698,0.0
632699,0.0
632700,0.0
632701,0.0
632702,0.0
632703,0.0
632704,0.0
632705,0.0
632706,0.0
632707,0.0
632708,0.0
632709,0.0
632710,0.0
632711,0.0
632712,0.0
632713,0.0
632714,2.3834497e-31
632715,0.0
632716,0.0
632717,0.0
632718,0.0
632719,0.0
632720,0.0
632721,0.0
632722,0.0
632723,0.0
632724,0.0
632725,0.0
632726,0.0
632727,0.0
632728,0.0
632729,0.0
632730,0.0
632731,0.0
632732,0.0
632733,0.0
632734,0.0
632735,0.0
632736,0.0
632737,0.0
632738,0.0
632739,0.0
632740,0.0
632741,0.36242384
632742,0.0
632743,0.0
632744,0.0
632745,0.0
632746,0.0
632747,0.0
632748,0.0
632749,0.0
632750,0.0
632751,0.0
632752,0.0
632753,0.0
632754,0.0
632755,0.0
632756,0.0
632757,0.0
632758,0.0
632759,0.0
632760,0.0
632761,0.0
632762,0.0
632763,0.0
632764,0.0
632765,0.0
632766,0.0
632767,0.0
632768,0.0
632769,0.0
632770,0.0
632771,0.0
632772,0.0
632773,0.0
632774,0.0
632775,0.0
632776,0.0
632777,0.0
632778,0.0
632779,0.0
632780,0.0
632781,0.0
632782,0.0
632783,0.0
632784,0.0
632785,0.0
632786,0.0
632787,0.0
632788,0.0
632789,0.0
632790,0.0
632791,0.0
632792,0.0
632793,0.0
632794,0.0
632795,0.0
632796,0.0
632797,0.0
632798,0.0
632799,0.0
632800,0.0
632801,0.0
632802,0.0
632803,0.0
632804,0.0
632805,0.0
632806,0.0
632807,0.0
632808,0.0
632809,0.0
632810,0.0
632811,0.0
632812,0.0
632813,0.0
632814,0.0
632815,0.0
632816,0.0
632817,0.0
632818,0.0
632819,0.0
632820,0.0
632821,0.0
632822,0.0
632823,0.0
632824,0.0
632825,0.0
632826,0.0
632827,0.0
632828,0.0
632829,0.0
632830,0.0
632831,0.0
632832,0.0
632833,0.0
632834,0.0
632835,0.0
632836,0.0
632837,0.0
632838,0.0
632839,0.0
632840,0.0
632841,0.0
632842,0.0
632843,0.0
632844,0.0
632845,0.0
632846,0.0
632847,0.0
632848,0.0
632849,0.0
632850,0.0
632851,0.0
632852,0.0
632853,0.0
632854,0.0
632855,0.0
632856,0.0
632857,0.0
632858,0.0
632859,0.0
632860,0.0
632861,0.0
632862,0.0
632863,0.0
632864,0.0
632865,0.0
632866,0.0
632867,0.0
632868,0.0
632869,0.0
632870,0.0
632871,0.0
632872,0.0
632873,0.0
632874,0.0
632875,0.0
632876,0.0
632877,0.0
632878,0.0
632879,0.0
632880,0.0
632881,0.0
632882,0.0
632883,0.0
632884,0.0
632885,0.0
632886,0.0
632887,0.0
632888,0.0
632889,0.0
632890,0.0
632891,0.0
632892,0.0
632893,0.0
632894,0.0
632895,0.0
632896,0.0
632897,0.0
632898,0.0
632899,0.0
632900,0.0
632901,0.0
632902,0.0
632903,0.0
632904,0.0
632905,0.0
632906,0.0
632907,0.0
632908,0.0
632909,0.0
632910,0.0
632911,0.0
632912,0.0
632913,0.0
632914,0.0
632915,0.0
632916,0.0
632917,0.0
632918,0.0
632919,0.0
632920,0.0
632921,0.0
632922,0.0
632923,0.0
632924,0.0
632925,0.0
632926,0.0
632927,0.0
632928,0.0
632929,0.0
632930,0.0
632931,0.0
632932,0.0
632933,0.0
632934,0.0
632935,0.0
632936,0.0
632937,0.0
632938,0.0
632939,0.0
632940,0.0
632941,0.0
632942,0.0
632943,0.0
632944,0.0
632945,0.0
632946,0.0
632947,0.0
632948,0.0
632949,0.0
632950,0.0
632951,0.0
632952,0.0
632953,0.0
632954,0.0
632955,0.0
632956,0.0
632957,0.0
632958,0.0
632959,0.0
632960,0.0
632961,0.0
632962,0.0
632963,0.0
632964,0.0
632965,0.0
632966,0.0
632967,0.0
632968,0.0
632969,0.0
632970,0.0
632971,0.0
632972,0.0
632973,1.2338452e-32
632974,0.0
632975,0.0
632976,0.0
632977,0.0
632978,0.0
632979,0.0
632980,0.0
632981,0.0
632982,0.0
632983,0.0
632984,0.0
632985,0.0
632986,0.0
632987,0.0
632988,0.0
632989,0.0
632990,0.0
632991,0.0
632992,0.0
632993,0.0
632994,0.0
632995,0.0
632996,0.0
632997,0.0
632998,0.0
632999,0.0
633000,0.0
633001,0.0
633002,0.0
633003,0.0
633004,0.0
633005,0.0
633006,0.0
633007,0.0
633008,0.0
633009,0.0
633010,0.0
633011,0.0
633012,0.0
633013,0.0
633014,0.0
633015,0.0
633016,0.0
633017,0.0
633018,0.0
633019,0.0
633020,0.0
633021,0.0
633022,0.0
633023,0.0
633024,0.0
633025,0.0
633026,8.638194e-21
633027,0.0
633028,0.0
633029,0.0
633030,0.0
633031,0.0
633032,0.0
633033,0.0
633034,0.0
633035,0.0
633036,0.0
633037,0.0
633038,0.0
633039,0.0
633040,0.0
633041,0.0
633042,0.0
633043,0.0
633044,0.0
633045,0.0
633046,0.0
633047,0.0
633048,0.0
633049,0.0
633050,0.0
633051,0.0
633052,0.0
633053,0.0
633054,0.0
633055,0.0
633056,0.0
633057,0.0
633058,0.0
633059,0.0
633060,0.0
633061,0.0
633062,0.0
633063,0.0
633064,0.0
633065,0.0
633066,0.0
633067,0.0
633068,0.0
633069,0.0
633070,0.0
633071,0.0
633072,0.0
633073,0.0
633074,0.0
633075,0.0
633076,0.0
633077,0.0
633078,0.0
633079,0.0
633080,0.0
633081,0.0
633082,0.0
633083,0.0
633084,0.0
633085,0.0
633086,0.0
633087,0.0
633088,0.0
633089,0.0
633090,0.0
633091,0.0
633092,0.0
633093,0.0
633094,0.0
633095,0.0
633096,0.0
633097,0.0
633098,0.0
633099,0.0
633100,0.0
633101,0.0
633102,0.0
633103,0.0
633104,0.0
633105,0.0
633106,0.0
633107,0.0
633108,0.0
633109,0.0
633110,0.0
633111,0.0
633112,0.0
633113,0.0
633114,0.0
633115,0.0
633116,0.0
633117,0.0
633118,0.0
633119,0.0
633120,0.0
633121,0.0
633122,0.0
633123,0.0
633124,0.0
633125,0.0
633126,0.0
633127,0.0
633128,0.0
633129,0.0
633130,0.0
633131,0.0
633132,0.0
633133,0.0
633134,0.0
633135,0.0
633136,0.0
633137,0.0
633138,0.0
633139,0.0
633140,0.0
633141,0.0
633142,0.0
633143,0.0
633144,0.0
633145,0.0
633146,0.0
633147,0.0
633148,0.0
633149,0.0
633150,0.0
633151,0.0
633152,0.0
633153,0.0
633154,0.0
633155,0.0
633156,0.0
633157,0.0
633158,0.0
633159,0.0
633160,0.0
633161,0.0
633162,0.0
633163,0.0
633164,0.0
633165,0.0
633166,0.0
633167,0.0
633168,0.0
633169,0.0
633170,0.0
633171,0.0
633172,0.0
633173,0.0
633174,0.0
633175,0.0
633176,0.0
633177,0.0
633178,0.0
633179,0.0
633180,0.0
633181,0.0
633182,0.0
633183,0.0
633184,0.0
633185,0.0
633186,0.0
633187,0.0
633188,0.0
633189,0.0
633190,0.0
633191,0.0
633192,0.0
633193,0.0
633194,0.0
633195,0.0
633196,0.0
633197,0.0
633198,0.0
633199,0.0
633200,0.0
633201,0.0
633202,0.0
633203,0.0
633204,0.0
633205,0.0
633206,0.0
633207,0.0
633208,0.0
633209,0.0
633210,0.0
633211,0.0
633212,0.0
633213,0.0
633214,0.0
633215,0.0
633216,0.0
633217,0.0
633218,0.0
633219,0.0
633220,0.0
633221,0.0
633222,0.0
633223,0.0
633224,0.0
633225,0.0
633226,0.0
633227,0.0
633228,0.0
633229,0.0
633230,0.0
633231,0.0
633232,0.0
633233,0.0
633234,0.0
633235,0.0
633236,0.0
633237,0.0
633238,0.0
633239,0.0
633240,0.0
633241,0.0
633242,0.0
633243,0.0
633244,0.0
633245,0.0
633246,0.0016284791
633247,0.0
633248,0.0
633249,0.0
633250,0.0
633251,0.0
633252,0.0
633253,0.0
633254,0.0
633255,0.0
633256,0.0
633257,0.0
633258,0.0
633259,0.0
633260,0.0
633261,0.0
633262,0.0
633263,0.0
633264,0.0
633265,0.0
633266,0.0
633267,0.0
633268,0.0
633269,0.0
633270,0.0
633271,0.0
633272,0.0
633273,0.0
633274,0.0
633275,0.0
633276,0.0
633277,0.0
633278,0.0
633279,0.0
633280,0.0
633281,0.0
633282,0.0
633283,0.0
633284,0.0
633285,0.0
633286,0.0
633287,0.0
633288,0.0
633289,0.0
633290,0.0
633291,0.0
633292,0.0
633293,0.0
633294,0.0
633295,0.0
633296,0.0
633297,0.0
633298,0.0
633299,0.0
633300,0.0
633301,0.0
633302,0.0
633303,0.0
633304,0.0
633305,0.0
633306,0.0
633307,0.0
633308,0.0
633309,0.0
633310,0.0
633311,0.0
633312,0.0
633313,0.0
633314,0.0
633315,0.0
633316,0.0
633317,0.0
633318,0.0
633319,0.0
633320,0.0
633321,0.0
633322,0.0
633323,0.0
633324,0.0
633325,0.0
633326,0.0
633327,0.0
633328,0.0
633329,0.0
633330,0.0
633331,0.0
633332,0.0
633333,0.0
633334,0.0
633335,0.0
633336,0.0
633337,0.0
633338,0.0
633339,0.0
633340,0.0
633341,0.0
633342,0.0
633343,0.0
633344,0.0
633345,0.0
633346,0.0
633347,0.0
633348,0.0
633349,0.0
633350,0.0
633351,0.0
633352,0.0
633353,0.0
633354,0.0
633355,0.0
633356,0.0
633357,0.0
633358,0.0
633359,0.0
633360,0.0
633361,0.0
633362,0.0
633363,0.0
633364,0.0
633365,0.0
633366,0.0
633367,0.0
633368,0.0
633369,0.0
633370,0.0
633371,0.0
633372,0.0
633373,0.0
633374,0.0
633375,2.892117e-07
633376,0.0
633377,0.0
633378,0.0
633379,0.0
633380,0.0
633381,0.0
633382,0.0
633383,0.0
633384,0.0
633385,0.0
633386,0.0
633387,0.0
633388,0.0
633389,0.0
633390,0.0
633391,0.0
633392,0.0
633393,0.0
633394,0.0
633395,0.0
633396,0.0
633397,0.0
633398,0.0
633399,0.0
633400,0.0
633401,0.0
633402,0.0
633403,0.0
633404,0.0
633405,0.0
633406,0.0
633407,0.0
633408,0.0
633409,0.0
633410,0.0
633411,0.0
633412,0.0
633413,0.0
633414,0.0
633415,0.0
633416,0.0
633417,0.0
633418,0.0
633419,0.0
633420,0.0
633421,0.0
633422,0.0
633423,0.0
633424,0.0
633425,0.0
633426,0.0
633427,0.0
633428,0.0
633429,0.0
633430,0.0
633431,0.0
633432,0.0
633433,0.0
633434,0.0
633435,0.0
633436,0.0
633437,0.0
633438,0.0
633439,0.0
633440,0.0
633441,0.0
633442,0.0
633443,0.0
633444,6.37285e-38
633445,0.0
633446,0.0
633447,0.0
633448,0.0
633449,0.0
633450,0.0
633451,0.0
633452,0.0
633453,0.0
633454,0.0
633455,0.0
633456,0.0
633457,0.0
633458,0.0
633459,0.0
633460,0.0
633461,0.0
633462,0.0
633463,0.0
633464,0.0
633465,0.0
633466,0.0
633467,0.0
633468,0.0
633469,0.0
633470,0.0
633471,0.0
633472,0.0
633473,0.0
633474,0.0
633475,0.0
633476,0.0
633477,0.0
633478,0.0
633479,0.0
633480,0.0
633481,0.0
633482,0.0
633483,0.0
633484,0.0
633485,0.0
633486,0.0
633487,0.0
633488,0.0
633489,0.0
633490,0.0
633491,0.0
633492,0.0
633493,0.0
633494,0.0
633495,0.0
633496,0.0
633497,0.0
633498,0.0
633499,0.0
633500,0.0
633501,0.0
633502,0.0
633503,0.0
633504,0.0
633505,0.0
633506,0.0
633507,0.0
633508,0.0
633509,0.0
633510,1.3925267e-22
633511,0.0
633512,0.0
633513,0.0
633514,0.0
633515,0.0
633516,0.0
633517,0.0
633518,0.0
633519,0.0
633520,0.0
633521,0.0
633522,0.0
633523,0.0
633524,7.036951e-24
633525,0.0
633526,0.0
633527,0.0
633528,0.0
633529,0.0
633530,0.0
633531,0.0
633532,0.0
633533,0.0
633534,0.0
633535,0.0
633536,0.0
633537,0.0
633538,0.0
633539,0.0
633540,0.0
633541,0.0
633542,0.0
633543,0.0
633544,0.0
633545,0.0
633546,0.0
633547,0.0
633548,0.0
633549,0.0
633550,5.701898e-22
633551,0.0
633552,0.0
633553,0.0
633554,0.0
633555,0.0
633556,0.0
633557,0.0
633558,0.0
633559,0.0
633560,0.0
633561,0.0
633562,0.0
633563,0.0
633564,0.0
633565,0.0
633566,0.0
633567,0.0
633568,0.0
633569,0.0
633570,0.0
633571,0.0
633572,0.0
633573,0.0
633574,0.0
633575,0.0
633576,0.0
633577,0.0
633578,0.0
633579,0.0
633580,0.0
633581,0.0
633582,0.0
633583,0.0
633584,0.0
633585,0.0
633586,0.0
633587,0.0
633588,0.0
633589,0.0
633590,0.0
633591,0.0
633592,0.0
633593,0.0
633594,0.0
633595,0.0
633596,0.0
633597,0.0
633598,0.0
633599,0.0
633600,0.0
633601,0.0
633602,0.0
633603,0.0
633604,0.0
633605,0.0
633606,0.0
633607,0.0
633608,0.0
633609,0.0
633610,0.0
633611,0.0
633612,0.0
633613,0.0
633614,0.0
633615,0.0
633616,0.0
633617,0.0
633618,0.0
633619,0.0
633620,0.0
633621,0.0
633622,0.0
633623,0.0
633624,0.0
633625,0.0
633626,0.0
633627,0.0
633628,0.0
633629,0.0
633630,0.0
633631,0.0
633632,0.0
633633,0.0
633634,0.0
633635,0.0
633636,0.0
633637,0.0
633638,0.0
633639,0.0
633640,0.0
633641,0.0
633642,0.0
633643,0.0
633644,0.0
633645,0.0
633646,0.0
633647,0.0
633648,0.0
633649,0.0
633650,0.0
633651,0.0
633652,0.0
633653,0.0
633654,0.0
633655,0.0
633656,0.0
633657,0.0
633658,0.0
633659,0.0
633660,0.0
633661,0.0
633662,0.0
633663,0.0
633664,0.0
633665,0.0
633666,0.0
633667,0.0
633668,0.0
633669,0.0
633670,0.0
633671,0.0
633672,0.0
633673,0.0012836049
633674,0.0
633675,0.0
633676,0.0
633677,0.0
633678,0.0
633679,0.0
633680,0.0
633681,0.0
633682,0.0
633683,0.0
633684,0.0
633685,0.0
633686,0.0
633687,0.0
633688,0.0
633689,0.0
633690,0.0
633691,0.0
633692,0.0
633693,0.0
633694,0.0
633695,0.0
633696,0.0
633697,0.0
633698,0.0
633699,0.0
633700,0.0
633701,0.0
633702,5.1984492e-09
633703,0.0
633704,0.0
633705,0.0
633706,0.0
633707,0.0
633708,0.0
633709,0.0
633710,0.0
633711,0.0
633712,0.0
633713,0.0
633714,0.0
633715,0.0
633716,0.0
633717,0.0
633718,0.0
633719,0.0
633720,0.0
633721,0.0
633722,0.0
633723,0.0
633724,0.0
633725,0.0
633726,0.0
633727,0.0
633728,0.0
633729,0.0
633730,0.0
633731,0.0
633732,0.0
633733,0.0
633734,0.0
633735,0.0
633736,0.0
633737,0.0
633738,0.0
633739,0.0
633740,0.0
633741,0.0
633742,0.0
633743,0.0
633744,0.0
633745,0.0
633746,0.0
633747,0.0
633748,0.0
633749,0.0
633750,0.0
633751,0.0
633752,0.0
633753,0.0
633754,0.0
633755,0.0
633756,0.0
633757,0.0
633758,0.0
633759,0.0
633760,0.0
633761,0.0
633762,0.0
633763,0.0
633764,0.0
633765,0.0
633766,0.0
633767,0.0
633768,0.0
633769,0.0
633770,0.0
633771,0.0
633772,0.0
633773,0.0
633774,0.0
633775,0.0
633776,0.0
633777,0.0
633778,0.0
633779,0.0
633780,0.0
633781,0.0
633782,0.0
633783,0.0
633784,0.0
633785,0.0
633786,0.0
633787,0.0
633788,0.0
633789,0.0
633790,0.0653514
633791,0.0
633792,0.0
633793,0.0
633794,0.0
633795,0.0
633796,0.0
633797,0.0
633798,0.0
633799,0.0
633800,0.0
633801,0.0
633802,0.0
633803,0.0
633804,0.0
633805,0.0
633806,0.0
633807,0.0
633808,0.0
633809,0.0
633810,0.0
633811,0.0
633812,0.0
633813,0.0
633814,0.0
633815,0.0
633816,0.0
633817,0.0
633818,0.0
633819,0.0
633820,0.0
633821,0.0
633822,0.0
633823,0.0
633824,0.0
633825,0.0
633826,0.0
633827,0.0
633828,0.0
633829,0.0
633830,0.0
633831,0.0
633832,0.0
633833,0.0
633834,0.0
633835,0.0
633836,0.0
633837,0.0
633838,0.0
633839,0.0
633840,0.0
633841,0.0
633842,0.0
633843,0.0
633844,0.0
633845,0.0
633846,0.0
633847,0.0
633848,0.0
633849,0.0
633850,0.0
633851,0.0
633852,0.0
633853,0.0
633854,0.0
633855,0.0
633856,0.0
633857,0.0
633858,0.0
633859,0.0
633860,0.0
633861,0.0
633862,0.0
633863,0.0
633864,0.0
633865,0.0
633866,0.0
633867,1.1266106e-29
633868,0.0
633869,0.0
633870,0.0
633871,0.0
633872,0.0
633873,0.0
633874,0.0
633875,0.0
633876,0.0
633877,0.0
633878,0.0
633879,0.0
633880,0.0
633881,0.0
633882,0.0
633883,0.0
633884,0.0
633885,0.0
633886,4.2076396e-21
633887,0.0
633888,0.0
633889,0.0
633890,0.0
633891,0.0
633892,0.0
633893,0.0
633894,0.0
633895,0.0
633896,0.0
633897,0.0
633898,0.0
633899,0.0
633900,0.0
633901,0.0
633902,0.0
633903,0.0
633904,0.0
633905,0.0
633906,0.0
633907,0.0
633908,0.0
633909,0.0
633910,0.0
633911,0.0
633912,0.0
633913,0.0
633914,0.0
633915,0.0
633916,0.0
633917,0.0
633918,0.0
633919,0.0
633920,0.0
633921,0.0
633922,0.0
633923,0.0
633924,0.0
633925,0.0
633926,0.0
633927,0.0
633928,0.0
633929,0.0
633930,0.0
633931,0.0
633932,0.0
633933,0.0
633934,0.0
633935,0.0
633936,0.0
633937,0.0
633938,0.0
633939,0.0
633940,0.0
633941,0.0
633942,0.0
633943,0.0
633944,0.0
633945,0.0
633946,0.0
633947,0.0
633948,0.0
633949,0.0
633950,3.1948967e-33
633951,0.0
633952,0.0
633953,0.0
633954,0.0
633955,0.0
633956,0.0
633957,0.0
633958,0.0
633959,0.0
633960,0.0
633961,0.0
633962,0.0
633963,0.0
633964,0.0
633965,0.0
633966,0.0
633967,0.0
633968,0.0
633969,0.0
633970,0.0
633971,0.0
633972,0.0
633973,0.0
633974,0.0
633975,0.0
633976,0.0
633977,0.0
633978,0.0
633979,0.0
633980,0.0033731288
633981,0.0
633982,0.0
633983,0.0
633984,0.0
633985,0.0
633986,0.0
633987,0.0
633988,0.0
633989,0.0
633990,0.0
633991,0.0
633992,0.0
633993,0.0
633994,0.0
633995,0.0
633996,0.0
633997,0.0
633998,0.0
633999,0.0
634000,0.0
634001,0.0
634002,0.0
634003,0.0
634004,0.0
634005,0.0
634006,2.1779207e-21
634007,0.0
634008,0.0
634009,0.0
634010,0.0
634011,0.0
634012,0.0
634013,0.0
634014,0.0
634015,0.0
634016,0.0
634017,0.0
634018,0.0
634019,0.0
634020,0.0
634021,0.0
634022,0.0
634023,0.0
634024,0.0
634025,0.0
634026,0.0
634027,0.0
634028,0.0
634029,0.0
634030,0.0
634031,0.0
634032,0.0
634033,0.0
634034,0.0
634035,0.0
634036,0.0
634037,0.0
634038,0.0
634039,0.0
634040,0.0
634041,0.0
634042,0.0
634043,0.0
634044,0.0
634045,0.0
634046,0.0
634047,0.0
634048,0.0
634049,0.0
634050,0.0
634051,0.0
634052,0.0
634053,0.0
634054,0.0
634055,0.0
634056,0.0
634057,0.0
634058,0.0
634059,0.0
634060,0.0
634061,0.0
634062,0.0
634063,0.0
634064,0.0
634065,0.0
634066,0.0
634067,0.0
634068,0.0
634069,0.0
634070,0.0
634071,0.0
634072,0.0
634073,0.0
634074,0.0
634075,0.0
634076,0.0
634077,0.0
634078,0.0
634079,0.0
634080,0.0
634081,0.0
634082,0.0
634083,0.0
634084,0.0
634085,0.0
634086,0.0
634087,0.0
634088,0.0
634089,0.0
634090,0.0
634091,0.0
634092,0.0
634093,0.0
634094,0.0
634095,0.0
634096,0.0
634097,0.0
634098,0.0
634099,0.0
634100,0.0
634101,0.0
634102,0.0
634103,0.0
634104,0.0
634105,0.0
634106,0.0
634107,0.0
634108,0.0
634109,0.0
634110,0.0
634111,0.0
634112,0.0
634113,0.0
634114,0.0
634115,0.0
634116,0.0
634117,0.0
634118,0.0
634119,0.0
634120,0.0
634121,0.0
634122,0.0
634123,0.0
634124,0.0
634125,0.0
634126,0.0
634127,0.0
634128,0.0
634129,0.0
634130,0.0
634131,0.0
634132,0.0
634133,0.0
634134,0.0
634135,0.0
634136,0.0
634137,0.0
634138,0.0
634139,0.0
634140,0.0
634141,0.0
634142,0.0
634143,0.0
634144,0.0
634145,0.0
634146,0.0
634147,0.0
634148,0.0
634149,0.0
634150,0.0
634151,0.0
634152,0.0
634153,0.0
634154,0.0
634155,0.0
634156,0.0
634157,0.0
634158,0.0
634159,0.0
634160,0.0
634161,0.0
634162,0.0
634163,0.0
634164,0.0
634165,0.0
634166,0.0
634167,0.0
634168,0.0
634169,0.0
634170,0.0
634171,0.0
634172,0.0
634173,0.0
634174,0.0
634175,0.0
634176,0.0
634177,0.0
634178,0.0
634179,0.0
634180,0.0
634181,0.0
634182,0.0
634183,0.0
634184,0.0
634185,0.0
634186,0.0
634187,0.0
634188,0.0
634189,0.0
634190,0.0
634191,0.0
634192,0.0
634193,0.0
634194,0.0
634195,0.0
634196,0.0
634197,0.0
634198,0.0
634199,0.0
634200,0.0
634201,0.0
634202,0.0
634203,0.0
634204,0.0
634205,0.0
634206,0.0
634207,0.0
634208,0.0
634209,0.0
634210,0.0
634211,0.0
634212,0.0
634213,0.0
634214,0.0
634215,0.0
634216,0.0
634217,0.0
634218,0.0
634219,0.0
634220,0.0
634221,0.0
634222,0.0
634223,0.0
634224,0.0
634225,0.0
634226,0.0
634227,0.0
634228,0.0
634229,0.0
634230,0.0
634231,0.0
634232,0.0
634233,0.0
634234,0.0
634235,0.0
634236,0.0
634237,0.0
634238,0.0
634239,0.0
634240,0.0
634241,0.0
634242,0.0
634243,0.0
634244,0.0
634245,0.0
634246,0.0
634247,0.0
634248,0.0
634249,0.0
634250,0.0
634251,0.0
634252,0.0
634253,0.0
634254,0.0
634255,0.0
634256,0.0
634257,0.0076374346
634258,0.0
634259,0.0
634260,0.0
634261,0.0
634262,0.0
634263,0.0
634264,0.0
634265,0.0
634266,0.0
634267,0.0
634268,0.0
634269,0.0
634270,0.0
634271,0.0
634272,0.0
634273,0.0
634274,0.0
634275,0.0
634276,0.0
634277,0.0
634278,0.0
634279,0.0
634280,0.0
634281,0.0
634282,0.0
634283,0.0
634284,0.0
634285,0.0
634286,0.0
634287,0.0
634288,0.0
634289,0.0
634290,0.0
634291,0.0
634292,0.0
634293,0.0
634294,0.0
634295,0.0
634296,0.0
634297,0.0
634298,0.0
634299,0.0
634300,0.0
634301,0.0
634302,0.0
634303,0.0
634304,0.0
634305,0.0
634306,0.0
634307,0.0
634308,0.0
634309,0.0
634310,0.36242384
634311,0.0
634312,0.0
634313,0.0
634314,0.0
634315,0.0
634316,0.0
634317,0.0
634318,0.0
634319,0.0
634320,0.0
634321,0.0
634322,0.0
634323,0.0
634324,0.0
634325,0.0
634326,0.0
634327,0.0
634328,0.0
634329,0.0
634330,0.0
634331,0.0
634332,0.0
634333,0.0
634334,0.0
634335,0.0
634336,0.0
634337,0.0
634338,0.0
634339,0.0
634340,0.0
634341,0.0
634342,0.0
634343,0.0
634344,0.0
634345,0.0
634346,0.0
634347,0.0
634348,0.0
634349,0.0
634350,0.0
634351,0.0
634352,0.0
634353,0.0
634354,0.0
634355,0.0
634356,0.0
634357,0.0
634358,0.0
634359,0.0
634360,0.0
634361,0.0
634362,0.0
634363,0.0
634364,0.0
634365,0.0
634366,0.0
634367,0.0
634368,0.0
634369,0.0
634370,0.0
634371,0.0
634372,0.0
634373,0.0
634374,0.0
634375,0.0
634376,0.0
634377,0.0
634378,0.0
634379,0.0
634380,0.0
634381,0.0
634382,0.0
634383,0.0
634384,0.0
634385,0.0
634386,0.0
634387,0.0
634388,0.0
634389,0.0
634390,0.0
634391,0.0
634392,0.0
634393,0.0
634394,0.0
634395,0.0
634396,0.0
634397,0.0
634398,0.0
634399,0.0
634400,0.0
634401,0.0
634402,0.0
634403,0.0
634404,0.0
634405,0.0
634406,0.0
634407,0.0
634408,0.0
634409,0.0
634410,0.0
634411,0.0
634412,0.0
634413,0.0
634414,0.0
634415,0.0
634416,0.0
634417,0.0
634418,0.0
634419,0.0
634420,0.0
634421,0.0
634422,0.0
634423,0.0
634424,0.0
634425,0.0
634426,0.0
634427,0.0
634428,0.0
634429,0.0
634430,0.0
634431,0.0
634432,0.0
634433,0.0
634434,0.0
634435,0.0
634436,0.0
634437,0.0
634438,0.0
634439,0.0
634440,0.0
634441,0.0
634442,0.0
634443,0.0
634444,0.0
634445,0.0
634446,0.0
634447,0.0
634448,0.0
634449,0.0
634450,0.0
634451,0.0
634452,0.0
634453,0.0
634454,0.0
634455,0.0
634456,0.0
634457,0.0
634458,0.0
634459,0.0
634460,0.0
634461,2.682859e-34
634462,0.0
634463,0.0
634464,0.0
634465,0.0
634466,0.0
634467,0.0
634468,0.0
634469,0.0
634470,0.0
634471,0.0
634472,0.0
634473,0.0
634474,0.0
634475,0.0
634476,0.0
634477,0.0
634478,0.0
634479,0.0
634480,0.0
634481,0.0
634482,0.0
634483,0.0
634484,0.0
634485,0.0
634486,0.0
634487,0.0
634488,0.0
634489,0.0
634490,0.0
634491,0.0
634492,0.0
634493,0.0
634494,0.0
634495,0.0
634496,0.0
634497,0.0
634498,0.0
634499,0.0
634500,0.0
634501,0.0
634502,0.0
634503,0.0
634504,0.0
634505,0.0
634506,0.0
634507,0.0
634508,0.0
634509,0.0
634510,0.0
634511,0.0
634512,0.0
634513,0.0
634514,0.0
634515,0.0
634516,0.0
634517,0.0
634518,0.00052984955
634519,0.0
634520,0.0
634521,0.0
634522,0.0
634523,0.0
634524,0.0
634525,0.0
634526,0.0
634527,0.0
634528,0.0
634529,9.937993e-20
634530,0.0
634531,0.0
634532,0.0
634533,0.0
634534,0.0
634535,0.0
634536,0.0
634537,0.0
634538,0.0
634539,0.0
634540,0.0
634541,0.0
634542,0.0
634543,0.0
634544,0.0
634545,0.0
634546,0.0
634547,0.0
634548,0.0
634549,0.0
634550,0.36242384
634551,0.0
634552,0.0
634553,0.10191487
634554,0.0
634555,0.0
634556,0.0
634557,0.0
634558,0.0
634559,0.0
634560,0.0
634561,0.0
634562,0.0
634563,0.0
634564,0.0
634565,0.0
634566,0.0
634567,0.0
634568,1.4211008e-32
634569,0.0
634570,0.0
634571,0.0
634572,0.0
634573,0.0
634574,0.0
634575,0.0
634576,0.0
634577,0.0
634578,0.0
634579,0.0
634580,0.0
634581,0.0
634582,0.0
634583,0.0
634584,0.0
634585,0.0
634586,0.0
634587,0.0
634588,0.0
634589,0.0
634590,0.0
634591,0.0
634592,0.0
634593,0.0
634594,0.0
634595,0.0
634596,0.0
634597,0.0
634598,0.0
634599,0.0
634600,0.0
634601,0.0
634602,0.0
634603,0.0
634604,0.0
634605,0.0
634606,0.0
634607,0.0
634608,0.0
634609,0.0
634610,0.0
634611,0.0
634612,0.0
634613,0.0
634614,0.0
634615,0.0
634616,0.0
634617,0.0
634618,0.0
634619,0.0
634620,0.0
634621,0.0
634622,0.0
634623,0.0
634624,0.0
634625,0.0
634626,0.0
634627,0.0
634628,0.0
634629,0.0
634630,0.0
634631,0.0
634632,0.0
634633,0.0
634634,0.0
634635,0.0
634636,0.0
634637,0.0
634638,0.0
634639,0.0
634640,0.0
634641,0.0
634642,0.0
634643,0.0
634644,0.0
634645,0.0
634646,0.46656337
634647,0.0
634648,0.0
634649,0.0
634650,0.0
634651,0.0
634652,0.0
634653,0.0
634654,0.0
634655,0.0
634656,0.0
634657,0.0
634658,0.0
634659,0.0
634660,0.0
634661,0.0
634662,0.0
634663,0.0
634664,0.0
634665,0.0
634666,0.0
634667,0.0
634668,0.0
634669,0.0
634670,0.0
634671,0.0
634672,0.0
634673,0.0
634674,0.0
634675,0.0
634676,0.0
634677,0.0
634678,0.0
634679,0.0
634680,0.0
634681,0.0
634682,0.0
634683,0.0
634684,0.0
634685,0.0
634686,0.0
634687,0.0
634688,0.0
634689,0.0
634690,0.0
634691,0.0
634692,0.0
634693,0.0
634694,0.0
634695,0.0
634696,0.0
634697,0.0
634698,0.0
634699,0.0
634700,0.0
634701,0.0
634702,0.0
634703,0.0
634704,0.0
634705,0.0
634706,0.0
634707,0.0
634708,0.0
634709,0.0
634710,0.0
634711,0.0
634712,0.0
634713,0.0
634714,0.0
634715,0.0
634716,0.0
634717,0.0
634718,0.0
634719,0.0
634720,0.0
634721,0.0
634722,0.0
634723,0.0
634724,0.012976462
634725,0.0
634726,0.0
634727,0.0
634728,0.0
634729,0.0
634730,0.0
634731,0.0
634732,0.0
634733,0.0
634734,0.0
634735,0.0
634736,0.0
634737,0.0
634738,0.0
634739,0.0
634740,0.0
634741,0.0
634742,0.0
634743,0.0
634744,0.0
634745,0.0
634746,0.0
634747,0.0
634748,0.0
634749,0.0
634750,0.0
634751,0.0
634752,0.0
634753,0.0
634754,0.0
634755,0.0
634756,0.0
634757,0.0
634758,0.0
634759,0.0
634760,0.0
634761,0.0
634762,0.0
634763,0.0
634764,0.0
634765,0.0
634766,0.0
634767,0.0
634768,0.0
634769,0.0
634770,0.0
634771,0.0
634772,0.0
634773,0.0
634774,0.0
634775,0.0
634776,0.0
634777,0.0
634778,0.0
634779,0.0
634780,0.0
634781,0.0
634782,0.0
634783,0.0
634784,0.0
634785,0.0
634786,0.0
634787,0.0
634788,0.0
634789,0.0
634790,0.0
634791,0.0
634792,0.0
634793,0.0
634794,0.0
634795,0.0
634796,0.0
634797,0.0
634798,0.0
634799,0.0
634800,0.0
634801,0.0
634802,0.0
634803,0.0
634804,0.0
634805,0.0
634806,0.0
634807,0.0
634808,0.0
634809,0.0
634810,0.0
634811,0.0
634812,0.0
634813,0.0
634814,0.0
634815,0.0
634816,0.0
634817,0.0
634818,0.0
634819,0.0
634820,0.0
634821,0.0
634822,0.0
634823,0.0
634824,0.0
634825,0.0
634826,0.0
634827,0.0
634828,0.0
634829,0.0
634830,0.0
634831,0.0
634832,0.0
634833,0.0
634834,0.0
634835,0.0
634836,0.0
634837,0.0
634838,0.0
634839,0.0
634840,0.0
634841,0.0
634842,0.0
634843,0.0
634844,0.0
634845,0.0
634846,0.0
634847,0.0
634848,0.0
634849,0.0
634850,0.0
634851,0.0
634852,0.0
634853,0.0
634854,0.0
634855,0.0
634856,0.0
634857,0.0
634858,0.0
634859,0.0
634860,0.0
634861,0.0
634862,0.0
634863,0.0
634864,0.0
634865,0.0
634866,0.0
634867,0.0
634868,0.0
634869,0.0
634870,0.0
634871,0.0
634872,0.0
634873,0.0
634874,0.0
634875,0.0
634876,0.0
634877,0.0
634878,0.0
634879,0.0
634880,0.0
634881,0.0
634882,0.0
634883,0.0
634884,0.0
634885,0.0
634886,0.0
634887,0.0
634888,0.0
634889,0.0
634890,0.0
634891,0.0
634892,0.0
634893,0.0
634894,0.0
634895,0.0
634896,0.0
634897,0.0
634898,0.0
634899,0.0
634900,2.8091643e-14
634901,0.0
634902,0.0
634903,0.0
634904,0.0
634905,0.0
634906,0.0
634907,0.0
634908,0.0
634909,0.0
634910,0.0
634911,0.0
634912,0.0
634913,0.0
634914,0.0
634915,0.0
634916,0.0
634917,0.0
634918,0.0
634919,0.0
634920,0.0
634921,0.0
634922,0.0
634923,0.0
634924,0.0
634925,0.0
634926,0.0
634927,0.0
634928,0.0
634929,0.0
634930,0.0
634931,0.0
634932,0.0
634933,0.0
634934,0.0
634935,0.0
634936,0.0
634937,0.0
634938,0.0
634939,0.0
634940,0.0
634941,0.0
634942,0.0
634943,0.0
634944,0.0
634945,0.0
634946,0.0
634947,0.0
634948,0.0
634949,0.0
634950,2.8096124e-38
634951,0.0
634952,0.0
634953,0.0
634954,0.0
634955,0.0
634956,0.0
634957,0.0
634958,0.0
634959,0.0
634960,0.0
634961,0.0
634962,0.0
634963,0.0
634964,0.0
634965,0.0
634966,0.0
634967,0.0
634968,0.0
634969,0.0
634970,0.0
634971,9.446198e-39
634972,0.0
634973,0.0
634974,0.0
634975,2.0396905e-32
634976,0.0
634977,0.0
634978,0.0
634979,0.0
634980,0.0
634981,0.0
634982,0.0
634983,0.0
634984,0.0
634985,0.0
634986,0.0
634987,0.0
634988,0.0
634989,0.0
634990,0.0
634991,0.0
634992,0.0
634993,0.0
634994,0.0
634995,0.0
634996,0.0
634997,0.0
634998,0.0
634999,0.0
635000,0.0
635001,0.0
635002,0.0
635003,0.0
635004,0.0
635005,4.3956524e-33
635006,0.0
635007,0.0
635008,0.0
635009,0.0
635010,0.0
635011,0.0
635012,0.0
635013,0.0
635014,0.0
635015,0.0
635016,0.0
635017,0.0
635018,0.0
635019,0.0
635020,0.0
635021,0.0
635022,0.0
635023,0.0
635024,0.0
635025,0.0
635026,0.0
635027,0.0
635028,0.0
635029,0.0
635030,0.0
635031,0.0
635032,0.0
635033,0.0
635034,0.0
635035,0.0
635036,0.0
635037,0.0
635038,0.0
635039,0.36242384
635040,0.0
635041,0.0
635042,0.0
635043,0.0
635044,0.0
635045,0.0
635046,0.0
635047,0.0
635048,0.0
635049,0.0
635050,0.0
635051,0.0
635052,0.0
635053,0.0
635054,0.0
635055,0.0
635056,0.0
635057,0.0
635058,0.0
635059,2.6994233e-15
635060,0.0
635061,0.0
635062,0.0
635063,0.0
635064,0.0
635065,0.0
635066,0.0
635067,0.0
635068,0.0
635069,0.0
635070,0.0
635071,0.0
635072,0.0
635073,0.0
635074,0.0
635075,0.0
635076,0.0
635077,0.0
635078,0.0
635079,0.0
635080,0.0
635081,0.0
635082,0.0
635083,0.0
635084,0.0
635085,0.0
635086,0.0
635087,0.0
635088,0.0
635089,0.0
635090,0.0
635091,3.639502e-12
635092,0.0
635093,0.0
635094,0.0
635095,0.0
635096,0.0
635097,0.0
635098,0.0
635099,0.0
635100,0.0
635101,0.0
635102,0.0
635103,0.0
635104,0.0
635105,0.0
635106,0.0
635107,0.0
635108,0.0
635109,0.0
635110,0.0
635111,0.0
635112,0.0
635113,0.0
635114,0.0
635115,0.0
635116,0.0
635117,0.0
635118,0.0
635119,0.0
635120,0.0
635121,0.0
635122,0.0
635123,0.0
635124,0.0
635125,0.0
635126,0.0
635127,0.0
635128,0.0
635129,0.0
635130,0.0
635131,0.0
635132,0.0
635133,0.0
635134,0.0
635135,0.0
635136,0.0
635137,0.0
635138,0.0
635139,0.0
635140,0.0
635141,0.0
635142,0.0
635143,0.0
635144,0.0
635145,0.0
635146,0.0
635147,0.0
635148,0.0
635149,0.0
635150,0.0
635151,0.0
635152,0.0
635153,0.0
635154,0.0
635155,0.0
635156,0.0
635157,0.0
635158,0.0
635159,0.0
635160,0.0
635161,0.0
635162,0.0
635163,0.0
635164,0.0
635165,0.0
635166,0.0
635167,0.0
635168,0.0
635169,0.0
635170,0.0
635171,0.0
635172,0.0
635173,0.0
635174,0.0
635175,0.0
635176,0.0
635177,0.0
635178,0.0
635179,0.0
635180,0.0
635181,0.0
635182,0.0
635183,0.0
635184,0.0
635185,0.0
635186,0.0
635187,0.0
635188,0.0
635189,0.0
635190,0.0
635191,0.0
635192,0.0
635193,0.0
635194,0.0
635195,0.0
635196,0.0
635197,0.0
635198,0.0
635199,0.0
635200,0.0
635201,0.0
635202,0.0
635203,0.0
635204,0.0
635205,0.0
635206,0.0
635207,0.0
635208,0.0
635209,0.0
635210,0.0
635211,0.0
635212,0.0
635213,0.0
635214,0.0
635215,0.0
635216,0.0
635217,0.0
635218,0.0
635219,0.0
635220,0.0
635221,0.0
635222,0.0
635223,0.0
635224,0.0
635225,0.0
635226,0.0
635227,0.0
635228,0.0
635229,0.0
635230,0.0
635231,0.0
635232,0.0
635233,0.0
635234,0.0
635235,0.0
635236,0.0
635237,0.0
635238,0.0
635239,0.0
635240,0.0
635241,0.0
635242,0.0
635243,0.0
635244,0.0
635245,0.0
635246,0.0
635247,0.0
635248,0.0
635249,0.0
635250,0.0
635251,0.0
635252,0.0
635253,0.0
635254,0.0
635255,0.0
635256,0.0
635257,0.0
635258,0.0
635259,0.0
635260,0.0
635261,0.0
635262,0.0
635263,0.0
635264,0.0
635265,0.0
635266,0.0
635267,0.0
635268,0.0
635269,0.0
635270,0.0
635271,0.0
635272,0.0
635273,0.0
635274,0.0
635275,0.0
635276,0.0
635277,0.0
635278,0.0
635279,0.0
635280,0.0
635281,0.0
635282,0.0
635283,0.0
635284,0.0
635285,0.0
635286,0.0
635287,0.0
635288,0.0
635289,0.0
635290,0.0
635291,0.0
635292,0.0
635293,0.0
635294,0.0
635295,0.0
635296,0.0
635297,0.0
635298,0.0
635299,0.0
635300,0.0
635301,0.0
635302,0.0
635303,0.0
635304,0.0
635305,0.0
635306,0.0
635307,0.0
635308,0.0
635309,0.0
635310,0.0
635311,0.0
635312,0.0
635313,0.0
635314,0.0
635315,0.0
635316,0.0
635317,0.0
635318,0.0
635319,0.0
635320,0.0
635321,0.0
635322,0.0
635323,0.0
635324,0.0
635325,0.0
635326,0.0
635327,0.0
635328,0.0
635329,0.0
635330,0.0
635331,0.0
635332,0.0
635333,0.0
635334,0.0
635335,0.0
635336,0.0
635337,0.0
635338,0.0
635339,0.0
635340,0.0
635341,0.0
635342,0.0
635343,0.0
635344,0.0
635345,0.0
635346,0.0
635347,0.0
635348,0.0
635349,0.0
635350,0.0
635351,0.0
635352,0.0
635353,0.0
635354,0.0
635355,0.0
635356,0.0
635357,0.0
635358,0.0
635359,0.0
635360,0.0
635361,0.0
635362,0.0
635363,0.0
635364,0.0
635365,0.9999739
635366,0.0
635367,0.0
635368,0.0
635369,8.714774e-23
635370,0.0
635371,0.0
635372,0.0
635373,0.0
635374,0.0
635375,0.0
635376,0.0
635377,0.0
635378,0.0
635379,0.0
635380,0.0
635381,0.0
635382,0.0
635383,0.0
635384,0.0
635385,0.0
635386,0.0
635387,0.0
635388,0.0
635389,0.0
635390,0.0
635391,0.0
635392,0.0
635393,0.0
635394,0.0
635395,1.0188002e-33
635396,0.0
635397,0.0
635398,0.0
635399,0.0
635400,0.0
635401,0.0
635402,0.0
635403,0.0
635404,0.0
635405,0.0
635406,0.0
635407,0.0
635408,0.0
635409,0.0
635410,0.0
635411,0.0
635412,0.0
635413,0.0
635414,0.0
635415,0.0
635416,0.0
635417,0.0
635418,0.0
635419,0.0
635420,0.0
635421,0.0
635422,0.0
635423,0.0
635424,0.0
635425,0.0
635426,0.0
635427,0.0
635428,0.0
635429,0.025195526
635430,0.0
635431,0.0
635432,0.0
635433,0.0
635434,0.0
635435,0.0
635436,0.0
635437,0.0
635438,0.0
635439,0.0
635440,0.0
635441,0.0
635442,0.0
635443,0.0
635444,0.0
635445,0.0
635446,0.0
635447,0.0
635448,0.0
635449,0.0
635450,0.0
635451,0.0
635452,0.0
635453,0.0
635454,0.0
635455,0.0
635456,0.0
635457,0.0
635458,0.0
635459,0.0
635460,0.0
635461,0.0
635462,0.0
635463,0.0
635464,0.0
635465,0.0
635466,0.0
635467,0.0
635468,0.0
635469,0.0
635470,0.0
635471,0.0
635472,0.0
635473,0.0
635474,0.0
635475,0.0
635476,0.0
635477,0.0
635478,0.0
635479,0.0
635480,0.0
635481,0.0
635482,0.0
635483,0.0
635484,0.0
635485,0.0
635486,0.0
635487,0.0
635488,0.0
635489,0.0
635490,0.0
635491,0.0
635492,0.0
635493,0.0
635494,0.0
635495,0.0
635496,0.0
635497,0.0
635498,0.0
635499,0.0
635500,0.0
635501,0.0
635502,0.0
635503,0.0
635504,0.0
635505,0.0
635506,0.0
635507,0.0
635508,0.0
635509,0.0
635510,0.0
635511,0.0
635512,0.0
635513,0.0
635514,0.0
635515,0.0
635516,0.040726192
635517,0.0
635518,0.0
635519,0.0
635520,0.0
635521,0.0
635522,4.575536e-25
635523,0.0
635524,0.0
635525,0.0
635526,0.0
635527,3.6628073e-10
635528,0.0
635529,0.0
635530,0.0
635531,0.0
635532,0.0
635533,0.0
635534,0.0
635535,0.0
635536,0.0
635537,0.0
635538,0.0
635539,0.0
635540,0.0
635541,0.0
635542,0.0
635543,0.0
635544,0.0
635545,0.0
635546,0.0
635547,0.0
635548,0.0
635549,0.0
635550,0.0
635551,0.0
635552,0.0
635553,0.0
635554,0.0
635555,0.0
635556,0.0
635557,0.0
635558,0.0
635559,0.0
635560,0.0
635561,0.0
635562,0.0
635563,0.0
635564,0.0
635565,0.0
635566,0.0
635567,0.0
635568,0.0
635569,0.0
635570,0.0
635571,0.0
635572,0.0
635573,0.0
635574,0.0
635575,0.0
635576,0.0
635577,0.0
635578,0.0
635579,0.0
635580,0.0
635581,4.0266845e-17
635582,0.0
635583,0.0
635584,0.0
635585,0.0
635586,0.0
635587,0.0
635588,0.0
635589,0.0
635590,0.0
635591,0.0
635592,0.0
635593,0.0
635594,0.0
635595,0.0
635596,0.14116815
635597,0.0
635598,0.0
635599,0.0
635600,0.0
635601,0.0
635602,0.0
635603,0.0
635604,0.0
635605,0.0
635606,0.0
635607,0.0
635608,0.0
635609,7.275989e-25
635610,0.0
635611,0.0
635612,0.0
635613,0.0
635614,0.0
635615,0.0
635616,0.0
635617,0.0
635618,0.0
635619,0.0
635620,0.0
635621,0.0
635622,0.0
635623,0.0
635624,0.0
635625,0.0
635626,0.0
635627,0.0
635628,0.0
635629,0.0
635630,0.0
635631,0.0
635632,0.0
635633,0.0
635634,0.0
635635,0.0
635636,0.0
635637,0.0
635638,0.0
635639,0.0
635640,0.0
635641,0.0
635642,0.0
635643,0.0
635644,0.0
635645,0.0
635646,0.0
635647,0.0
635648,0.0
635649,0.0
635650,0.0
635651,0.0
635652,0.0
635653,0.0
635654,0.0
635655,0.0
635656,0.0
635657,0.0
635658,0.0
635659,0.0
635660,0.0
635661,0.0
635662,0.0
635663,0.0
635664,0.0
635665,0.0
635666,0.0
635667,0.0
635668,0.0
635669,0.0
635670,0.0
635671,0.0
635672,0.0
635673,0.0
635674,0.0
635675,0.0
635676,0.0
635677,0.0
635678,0.0
635679,0.0
635680,0.0
635681,0.0
635682,0.0
635683,1.2745765e-24
635684,0.0
635685,0.0
635686,0.0
635687,0.0
635688,0.0
635689,0.0
635690,0.0
635691,0.0
635692,0.0
635693,0.0
635694,0.0
635695,0.0
635696,0.0
635697,0.0
635698,0.0
635699,0.0
635700,0.0
635701,0.0
635702,0.0
635703,0.0
635704,0.0
635705,0.0
635706,0.0
635707,0.0
635708,0.0
635709,0.0
635710,0.0
635711,0.0
635712,0.0
635713,0.0
635714,0.0
635715,0.0
635716,0.0
635717,0.0
635718,0.0
635719,0.0
635720,0.0
635721,0.0
635722,0.0
635723,0.0
635724,0.0
635725,0.0
635726,0.0
635727,0.0
635728,0.0
635729,0.0
635730,0.0
635731,0.0
635732,0.0
635733,0.0
635734,0.0
635735,0.0
635736,0.0
635737,0.0
635738,0.0
635739,0.0
635740,0.0
635741,0.0
635742,0.0
635743,0.0
635744,0.0
635745,0.0
635746,0.0
635747,0.0
635748,0.0
635749,0.0
635750,0.0
635751,0.0
635752,0.0
635753,0.0
635754,0.0
635755,0.0
635756,0.0
635757,0.0
635758,0.0
635759,0.0
635760,0.0
635761,0.0
635762,0.0
635763,0.0
635764,0.0
635765,0.0
635766,0.0
635767,0.0
635768,0.0
635769,0.0
635770,0.0
635771,0.0
635772,0.0
635773,0.0
635774,0.0
635775,0.0
635776,0.0
635777,0.0
635778,0.0
635779,0.0
635780,0.0
635781,0.0
635782,0.0
635783,0.0
635784,0.0
635785,0.0
635786,0.0
635787,0.0
635788,0.0
635789,0.0
635790,0.0
635791,0.0
635792,0.0
635793,0.0
635794,0.0
635795,0.0
635796,0.0
635797,0.0
635798,0.0
635799,0.0
635800,0.0
635801,0.0
635802,0.0
635803,0.0
635804,0.0
635805,0.0
635806,0.0
635807,0.0
635808,0.0
635809,0.0
635810,2.3856145e-31
635811,0.0
635812,0.0
635813,0.0
635814,0.0
635815,0.0
635816,0.0
635817,0.0
635818,0.0
635819,0.0
635820,0.0
635821,0.0
635822,0.0
635823,0.0
635824,0.0
635825,0.0
635826,0.0
635827,0.0
635828,0.0
635829,0.0
635830,0.0
635831,0.0
635832,0.0
635833,0.0
635834,0.0
635835,0.0
635836,0.0
635837,0.0
635838,0.0
635839,0.0
635840,0.0
635841,0.0
635842,0.0
635843,0.0
635844,0.0
635845,0.0
635846,0.0
635847,0.0
635848,0.0
635849,0.0
635850,2.3310453e-31
635851,0.0
635852,0.0
635853,0.0
635854,0.0
635855,0.0
635856,0.0
635857,0.0
635858,0.0
635859,0.0
635860,0.0
635861,0.0
635862,0.0
635863,0.0
635864,0.0
635865,0.0
635866,0.0
635867,0.0
635868,0.0
635869,0.0
635870,2.0511176e-28
635871,0.0
635872,0.0
635873,0.0
635874,0.0
635875,0.0
635876,0.0
635877,0.0
635878,0.0
635879,0.0
635880,0.0
635881,0.0
635882,0.0
635883,0.0
635884,0.0
635885,0.0
635886,0.0
635887,0.0
635888,0.0
635889,0.0
635890,0.0
635891,0.0
635892,7.2479444e-05
635893,0.0
635894,0.0
635895,0.0
635896,0.0
635897,0.0
635898,0.0
635899,0.0
635900,0.0
635901,0.0
635902,0.0
635903,0.0
635904,0.0
635905,0.0
635906,0.0
635907,0.0
635908,0.0
635909,0.0
635910,0.0
635911,0.0
635912,0.0
635913,0.0
635914,0.0
635915,0.0
635916,0.0
635917,0.0
635918,0.0
635919,0.0
635920,0.0
635921,0.0
635922,0.0
635923,0.0
635924,0.0
635925,0.0
635926,0.0
635927,0.0
635928,0.0
635929,0.0
635930,0.0
635931,0.0
635932,0.0
635933,0.0
635934,0.0
635935,0.0
635936,0.0
635937,0.0
635938,0.0
635939,0.0
635940,0.0
635941,0.0
635942,0.0
635943,0.0
635944,0.0
635945,0.0
635946,0.0
635947,0.0
635948,0.0
635949,0.0
635950,0.0
635951,0.0
635952,0.0
635953,0.0
635954,0.0
635955,0.0
635956,0.0
635957,0.0
635958,0.0
635959,0.0
635960,0.0
635961,0.0
635962,0.0
635963,0.0
635964,0.0
635965,0.0
635966,0.0
635967,0.0
635968,0.0
635969,0.0
635970,0.0
635971,0.0
635972,0.0
635973,0.0
635974,0.0
635975,0.0
635976,0.0
635977,0.0
635978,0.0
635979,0.0
635980,0.0
635981,0.0
635982,0.0
635983,0.0
635984,0.0
635985,0.0
635986,0.0
635987,0.0
635988,0.0
635989,0.0
635990,0.0
635991,0.0
635992,0.0
635993,0.0
635994,0.0
635995,0.0
635996,0.0
635997,0.0
635998,0.0
635999,0.0
636000,0.0
636001,0.0
636002,0.0
636003,0.0
636004,0.0
636005,0.0
636006,0.0
636007,0.0
636008,0.0
636009,0.0
636010,0.0
636011,0.0
636012,0.0
636013,0.0
636014,0.0
636015,0.0
636016,0.0
636017,0.0
636018,0.0
636019,0.0
636020,0.0
636021,0.0
636022,0.0
636023,0.0
636024,0.0
636025,0.0
636026,0.0
636027,0.0
636028,0.0
636029,0.0
636030,0.0
636031,0.0
636032,0.0
636033,0.0
636034,0.0
636035,0.0
636036,0.0
636037,0.0
636038,0.0
636039,0.0
636040,0.0
636041,0.0
636042,0.0
636043,0.0
636044,0.0
636045,0.0
636046,0.0
636047,0.0
636048,0.0
636049,0.0
636050,0.0
636051,0.0
636052,0.0
636053,0.0
636054,0.0
636055,0.0
636056,0.0
636057,0.0
636058,0.0
636059,0.0
636060,2.274244e-30
636061,0.0
636062,0.0
636063,0.0
636064,0.0
636065,0.0
636066,0.0
636067,0.0
636068,0.0
636069,0.0
636070,0.0
636071,0.0
636072,0.0
636073,0.0
636074,0.0
636075,0.0
636076,0.0
636077,0.0
636078,0.0
636079,0.0
636080,0.0
636081,0.0
636082,0.0
636083,0.0
636084,0.0
636085,0.0
636086,0.0
636087,0.0
636088,0.0
636089,0.0
636090,0.0
636091,0.0
636092,0.0
636093,0.0
636094,0.0
636095,0.0
636096,0.0
636097,0.0
636098,0.0
636099,0.0
636100,0.0
636101,0.0
636102,0.0
636103,0.0
636104,0.0
636105,0.0
636106,0.0
636107,0.0
636108,0.0
636109,0.0
636110,0.0
636111,0.0
636112,0.0
636113,0.0
636114,0.0
636115,0.0
636116,0.0
636117,0.0
636118,0.0
636119,0.0
636120,0.0
636121,0.0
636122,0.0
636123,0.0
636124,0.0
636125,0.0
636126,0.0
636127,0.0
636128,0.0
636129,0.0
636130,0.0
636131,0.0
636132,0.0
636133,0.0
636134,0.0
636135,0.0
636136,0.0
636137,0.0
636138,0.0
636139,0.0
636140,0.0
636141,0.0
636142,0.0
636143,3.575412e-26
636144,0.0
636145,0.0
636146,0.0
636147,0.0
636148,0.0
636149,0.0
636150,0.0
636151,0.0
636152,0.0
636153,0.0
636154,0.0
636155,0.0
636156,0.0
636157,0.0
636158,0.0
636159,0.0
636160,0.0
636161,0.0
636162,0.0
636163,0.0
636164,0.0
636165,0.0
636166,0.0
636167,0.0
636168,1.2766017e-30
636169,0.0
636170,0.0
636171,0.0
636172,0.0
636173,0.0
636174,0.0
636175,0.0
636176,0.0
636177,0.0
636178,0.0
636179,0.0
636180,0.0
636181,0.0
636182,0.0
636183,0.0
636184,0.0
636185,0.0
636186,0.0
636187,0.0
636188,0.0
636189,0.0
636190,0.0
636191,0.0
636192,0.0
636193,0.0
636194,0.0
636195,0.0
636196,0.0
636197,0.0
636198,0.0
636199,0.0
636200,0.0
636201,0.0
636202,0.0
636203,0.0
636204,0.0
636205,0.0
636206,0.0
636207,0.0
636208,0.0
636209,1.8637243e-13
636210,0.0
636211,0.0
636212,0.0
636213,0.0
636214,0.0
636215,0.0
636216,0.0
636217,0.0
636218,0.0
636219,0.0
636220,0.0
636221,0.0
636222,0.0
636223,0.0
636224,0.0
636225,0.0
636226,0.0
636227,0.0
636228,0.0
636229,0.0
636230,0.0
636231,0.0
636232,0.0
636233,0.0
636234,0.0
636235,0.0
636236,0.0
636237,0.0
636238,0.0
636239,0.0
636240,0.0
636241,0.0
636242,0.0
636243,0.0
636244,0.0
636245,0.0
636246,0.0
636247,0.0
636248,0.0
636249,0.0
636250,0.0
636251,0.0
636252,0.0
636253,0.0
636254,0.0
636255,0.0
636256,0.0
636257,0.0
636258,0.0
636259,0.0
636260,0.0
636261,0.0
636262,0.0
636263,0.0
636264,0.0
636265,0.0
636266,0.0
636267,0.0
636268,0.0
636269,0.0
636270,0.0
636271,0.0
636272,0.0
636273,0.0
636274,0.0
636275,0.0
636276,0.0
636277,0.0
636278,0.0
636279,0.0
636280,0.0
636281,0.0
636282,0.0
636283,0.0
636284,0.0
636285,0.0
636286,0.0
636287,0.0
636288,0.0
636289,0.0
636290,0.0
636291,0.0
636292,0.0
636293,0.0
636294,0.0
636295,0.0
636296,0.0
636297,0.0
636298,0.0
636299,0.0
636300,0.0
636301,0.0
636302,0.0
636303,0.0
636304,0.0
636305,0.0
636306,0.0
636307,0.0
636308,0.0
636309,0.0
636310,0.0
636311,0.0
636312,0.0
636313,0.0
636314,0.0
636315,0.0
636316,0.0
636317,0.0
636318,0.0
636319,0.0
636320,0.0
636321,0.0
636322,0.0
636323,0.0
636324,0.0
636325,0.0
636326,0.0
636327,0.0
636328,0.0
636329,0.0
636330,0.0
636331,0.0
636332,0.0
636333,0.0
636334,0.0
636335,0.0
636336,0.0
636337,0.0
636338,0.0
636339,0.0
636340,0.0
636341,0.0
636342,0.0
636343,0.0
636344,0.0
636345,0.0
636346,0.0
636347,0.0
636348,0.0
636349,0.0
636350,0.0
636351,0.0
636352,0.0
636353,0.0
636354,0.0
636355,0.0
636356,0.0
636357,0.0
636358,0.0
636359,0.0
636360,0.0
636361,0.0
636362,0.0
636363,0.0
636364,0.0
636365,0.0
636366,0.0
636367,0.0
636368,0.0
636369,0.0
636370,0.0
636371,0.0
636372,0.0
636373,0.0
636374,0.0
636375,0.0
636376,0.0
636377,0.0
636378,0.0
636379,0.0
636380,0.0
636381,0.0
636382,0.0
636383,0.0
636384,0.0
636385,0.0
636386,0.0
636387,0.0
636388,0.0
636389,0.0
636390,0.0
636391,0.0
636392,0.0
636393,0.0
636394,0.0
636395,0.0
636396,0.0
636397,0.0
636398,0.0
636399,0.0
636400,0.0
636401,0.0
636402,0.0
636403,0.0
636404,0.0
636405,0.0
636406,0.0
636407,0.0
636408,0.0
636409,0.0
636410,0.0
636411,0.0
636412,0.0
636413,0.0
636414,0.0
636415,0.0
636416,0.0
636417,0.0
636418,0.0
636419,0.0
636420,0.0
636421,0.0
636422,0.0
636423,0.0
636424,0.0
636425,0.0
636426,0.0
636427,0.0
636428,0.0
636429,0.0
636430,0.0
636431,0.0
636432,0.0
636433,0.0
636434,0.0
636435,0.0
636436,0.0
636437,0.00057171227
636438,0.0
636439,0.0
636440,0.0
636441,0.0
636442,0.0
636443,0.0
636444,0.0
636445,0.0
636446,0.0
636447,0.0
636448,0.0
636449,0.0
636450,0.0
636451,0.0
636452,0.0
636453,0.0
636454,0.0
636455,0.0
636456,0.0
636457,0.0
636458,0.0
636459,0.0
636460,0.0
636461,0.0
636462,0.0
636463,0.0
636464,0.0
636465,0.0
636466,0.0
636467,0.0
636468,0.0
636469,0.0
636470,0.0
636471,0.0
636472,0.0
636473,0.0
636474,0.0
636475,0.0
636476,0.0
636477,0.0
636478,0.0
636479,0.0
636480,0.0
636481,0.0
636482,1.8261473e-20
636483,0.0
636484,0.0
636485,0.0
636486,0.0
636487,0.0
636488,0.0
636489,0.0
636490,0.0
636491,0.0
636492,0.0
636493,0.0
636494,0.0
636495,0.0
636496,0.0
636497,0.0
636498,0.0
636499,3.9612064e-07
636500,0.0
636501,0.0
636502,0.0
636503,0.0
636504,0.0
636505,0.0
636506,0.0
636507,0.0
636508,0.0
636509,0.0
636510,0.0
636511,0.0
636512,0.0
636513,0.0
636514,0.0
636515,0.0
636516,0.0
636517,0.0
636518,0.0
636519,0.0
636520,0.0
636521,0.0
636522,0.0
636523,0.0
636524,0.0
636525,0.0
636526,0.0
636527,0.0
636528,0.0
636529,0.0
636530,0.0
636531,0.0
636532,0.0
636533,0.0
636534,0.0
636535,0.03595452
636536,0.0
636537,0.0
636538,0.0
636539,0.0
636540,0.0
636541,0.0
636542,0.0
636543,0.0
636544,0.0
636545,0.0
636546,0.0
636547,0.0
636548,0.0
636549,0.0
636550,0.0
636551,0.0
636552,0.0
636553,0.0
636554,0.0
636555,0.0
636556,0.0
636557,0.0
636558,0.0
636559,0.0
636560,0.0
636561,0.0
636562,0.0
636563,0.0
636564,0.0
636565,0.0
636566,0.0
636567,0.0
636568,2.9986033e-26
636569,0.0
636570,0.0
636571,0.0
636572,0.0
636573,0.0
636574,0.0
636575,0.0
636576,0.0
636577,0.0
636578,0.0
636579,0.0
636580,0.0
636581,0.0
636582,0.0
636583,0.0
636584,0.0
636585,0.0
636586,0.0
636587,0.0
636588,0.0
636589,0.0
636590,0.0
636591,0.0
636592,0.0
636593,0.0
636594,0.0
636595,0.0
636596,0.0
636597,0.0
636598,0.0
636599,0.0
636600,0.0
636601,0.0
636602,0.0
636603,0.0
636604,0.0
636605,0.0
636606,0.0
636607,0.0
636608,0.0
636609,0.0
636610,0.0
636611,0.0
636612,0.0
636613,0.0
636614,0.0
636615,0.0
636616,0.0
636617,0.0
636618,0.0
636619,0.0
636620,0.0
636621,0.0
636622,0.0
636623,0.0
636624,0.0
636625,0.0
636626,0.0
636627,0.0
636628,0.0022449903
636629,0.0
636630,0.0
636631,0.0
636632,0.0
636633,0.0
636634,0.0
636635,0.0
636636,0.0
636637,0.0
636638,0.0
636639,0.0
636640,0.0
636641,0.0
636642,0.0
636643,0.0
636644,0.0
636645,0.0
636646,0.0
636647,0.0
636648,0.0
636649,0.0
636650,0.0
636651,0.0
636652,0.0
636653,0.0
636654,0.0
636655,0.0
636656,0.0
636657,0.0
636658,0.0
636659,0.0
636660,0.0
636661,0.0
636662,0.0
636663,0.0
636664,0.0
636665,0.0
636666,0.0
636667,0.0
636668,0.0
636669,0.0
636670,0.0
636671,0.0
636672,0.0
636673,0.17557113
636674,0.0
636675,0.0
636676,0.0
636677,0.0
636678,0.0
636679,0.0
636680,0.0
636681,0.0
636682,0.0
636683,0.0
636684,0.0
636685,0.0
636686,0.0
636687,0.0
636688,0.0
636689,0.0
636690,0.0
636691,0.0
636692,0.0
636693,0.0
636694,0.0
636695,0.0
636696,0.0
636697,0.0
636698,0.0
636699,0.0
636700,0.0
636701,0.0
636702,0.0
636703,0.0
636704,0.0
636705,0.0
636706,0.0
636707,0.0
636708,0.0
636709,0.0
636710,0.0
636711,0.0
636712,0.0
636713,0.0
636714,0.0
636715,0.0
636716,0.0
636717,0.0
636718,0.0
636719,0.0
636720,0.0
636721,0.0
636722,0.0
636723,0.0
636724,0.0
636725,0.0
636726,0.0
636727,0.0
636728,0.0
636729,0.0
636730,0.0
636731,0.0
636732,0.0
636733,0.0
636734,0.0
636735,0.0
636736,0.0
636737,0.0
636738,0.0
636739,0.0
636740,0.0
636741,0.0
636742,0.0
636743,0.0
636744,0.0
636745,0.0
636746,0.0
636747,0.0
636748,0.0
636749,0.0
636750,0.0
636751,0.0
636752,0.0
636753,0.0
636754,0.0
636755,0.0
636756,0.0
636757,0.0
636758,0.0
636759,0.0
636760,0.0
636761,0.0
636762,0.0
636763,0.0
636764,0.0
636765,0.0
636766,0.0
636767,0.0
636768,0.0
636769,0.0
636770,0.0
636771,0.0
636772,0.0
636773,0.0
636774,0.0
636775,0.0
636776,0.0
636777,0.0
636778,0.0
636779,0.0
636780,0.0
636781,0.0
636782,0.0
636783,0.0
636784,0.0
636785,0.0
636786,0.0
636787,0.0
636788,0.0
636789,0.0
636790,0.0
636791,0.0
636792,0.0
636793,0.0
636794,4.3892005e-26
636795,0.0
636796,0.0
636797,0.0
636798,0.0
636799,0.0
636800,0.0
636801,0.0
636802,0.0
636803,0.0
636804,0.0
636805,0.0
636806,0.0
636807,0.0
636808,0.0
636809,0.0
636810,0.0
636811,0.0
636812,0.0
636813,0.0
636814,0.0
636815,0.0
636816,0.0
636817,0.0
636818,0.0
636819,0.0
636820,0.0
636821,0.0
636822,0.0
636823,0.0
636824,0.0
636825,0.0
636826,0.0
636827,0.0
636828,0.0
636829,0.0
636830,0.0
636831,0.0
636832,0.0
636833,0.0
636834,0.0
636835,0.0
636836,0.0
636837,0.0
636838,0.0
636839,0.0
636840,0.0
636841,0.0
636842,0.0
636843,0.0
636844,0.0
636845,0.0
636846,0.0
636847,0.0
636848,0.0
636849,0.0
636850,0.0
636851,0.0
636852,0.0
636853,0.0
636854,0.0
636855,0.0
636856,0.0
636857,0.0
636858,0.0
636859,0.0
636860,0.0
636861,0.0
636862,0.0
636863,0.0
636864,0.0
636865,0.0
636866,0.0
636867,0.0
636868,0.0
636869,2.1583161e-24
636870,0.0
636871,0.0
636872,0.0
636873,0.0
636874,0.0
636875,0.0
636876,0.0
636877,0.0
636878,0.0
636879,0.0
636880,0.0
636881,0.0
636882,0.0
636883,0.0
636884,0.0
636885,0.0
636886,0.0
636887,0.0
636888,0.0
636889,0.0
636890,0.0
636891,0.0
636892,0.0
636893,0.0
636894,0.0
636895,0.0
636896,0.0
636897,0.0
636898,0.0
636899,0.0
636900,0.0
636901,0.0
636902,0.0
636903,0.0
636904,0.0
636905,0.0
636906,0.0
636907,0.0
636908,0.0
636909,0.0
636910,0.0
636911,0.0
636912,0.0
636913,0.0
636914,0.0
636915,0.0
636916,0.0
636917,0.0
636918,0.0
636919,0.0
636920,0.0
636921,0.0
636922,0.0
636923,0.0
636924,0.0
636925,0.0
636926,0.0
636927,0.0
636928,0.0
636929,0.0
636930,0.0
636931,0.0
636932,0.0
636933,0.0
636934,0.0
636935,0.0
636936,0.0
636937,0.0
636938,0.0
636939,0.0
636940,0.0
636941,0.0
636942,0.0
636943,0.0
636944,0.0
636945,0.0
636946,0.0
636947,0.0
636948,0.0
636949,0.0
636950,0.0
636951,0.0
636952,0.0
636953,0.0
636954,0.0
636955,0.0
636956,0.0
636957,0.0
636958,0.0
636959,0.0
636960,0.0
636961,9.355227e-15
636962,0.0
636963,0.0
636964,0.0
636965,0.0
636966,0.0
636967,0.0
636968,0.0
636969,0.0
636970,0.0
636971,0.0
636972,0.0
636973,0.0
636974,0.0
636975,0.0
636976,0.0
636977,0.0
636978,0.0
636979,0.0
636980,0.0
636981,0.0
636982,0.0
636983,0.0
636984,0.0
636985,0.0
636986,0.0
636987,0.0
636988,0.0
636989,0.0
636990,0.0
636991,0.0
636992,0.0
636993,0.0
636994,0.0
636995,0.0
636996,0.0
636997,0.0
636998,0.0
636999,0.0
637000,0.0
637001,0.0
637002,0.0
637003,0.0
637004,0.0
637005,0.0
637006,0.0
637007,0.0
637008,0.0
637009,0.0
637010,0.0
637011,0.0
637012,0.0
637013,0.0
637014,0.0
637015,0.0
637016,0.0
637017,0.0
637018,0.0
637019,0.0
637020,0.0
637021,0.0
637022,0.0
637023,0.0
637024,0.0
637025,0.0
637026,0.0
637027,0.0
637028,0.0
637029,0.0
637030,0.0
637031,0.0
637032,0.0
637033,0.0
637034,0.0
637035,0.0
637036,0.0
637037,0.0
637038,0.0
637039,0.0
637040,0.0
637041,0.0
637042,0.0
637043,0.0
637044,0.0
637045,0.0
637046,0.0
637047,0.0
637048,0.0
637049,0.0
637050,0.0
637051,0.0
637052,0.0
637053,0.0
637054,0.0
637055,0.0
637056,0.0
637057,0.0
637058,0.0
637059,0.0
637060,0.0
637061,0.0
637062,0.0
637063,0.0
637064,0.0
637065,0.0
637066,0.0
637067,0.0
637068,0.0
637069,0.0
637070,0.0
637071,0.0
637072,0.0
637073,0.0
637074,0.0
637075,0.0
637076,0.0
637077,0.0
637078,0.0
637079,0.0
637080,0.0
637081,0.0
637082,0.0
637083,0.0
637084,0.0
637085,0.0
637086,0.0
637087,0.0
637088,0.0
637089,0.0
637090,0.0
637091,0.0
637092,0.0
637093,0.0
637094,0.0
637095,0.0
637096,0.0
637097,0.0
637098,0.0
637099,0.0
637100,0.0
637101,0.0
637102,0.0
637103,0.0
637104,0.0
637105,0.0
637106,0.0
637107,0.0
637108,0.0
637109,0.0
637110,0.0
637111,0.0
637112,5.2943164e-22
637113,0.0
637114,0.0
637115,0.0
637116,0.0
637117,0.0
637118,0.0
637119,0.0
637120,0.0
637121,0.0
637122,0.0
637123,0.0
637124,0.0
637125,0.0
637126,0.0
637127,0.0
637128,0.0
637129,0.0
637130,0.0
637131,0.0
637132,0.0
637133,0.0
637134,0.0
637135,0.0
637136,0.0
637137,0.0
637138,0.0
637139,0.0
637140,0.0
637141,0.0
637142,0.0
637143,0.0
637144,0.0
637145,0.0
637146,0.0
637147,0.0
637148,0.0
637149,0.0
637150,0.0
637151,0.0
637152,0.0
637153,0.0
637154,0.0
637155,0.0
637156,0.0
637157,0.0
637158,0.0
637159,0.0
637160,0.0
637161,0.0
637162,0.0
637163,0.0
637164,0.0
637165,0.0
637166,0.0
637167,0.0
637168,0.0
637169,0.0
637170,0.0
637171,0.0
637172,0.0
637173,0.0
637174,0.0
637175,0.0
637176,0.0
637177,0.0
637178,0.0
637179,0.0
637180,0.0
637181,0.0
637182,0.0
637183,0.0
637184,0.0
637185,0.0
637186,0.0
637187,0.0
637188,0.0
637189,0.0
637190,0.0
637191,0.0
637192,0.0
637193,0.0
637194,2.3078115e-38
637195,0.0
637196,0.0
637197,0.0
637198,0.0
637199,0.0
637200,0.0
637201,0.0
637202,0.0
637203,0.0
637204,0.0
637205,0.0
637206,0.0
637207,0.0
637208,0.0
637209,0.0
637210,0.0
637211,0.0
637212,0.0
637213,0.0
637214,0.0
637215,0.0
637216,0.0
637217,0.0
637218,0.0
637219,0.0
637220,0.0
637221,0.0
637222,0.0
637223,0.0
637224,0.0
637225,0.0
637226,0.0
637227,0.0
637228,0.0
637229,0.0
637230,0.0
637231,0.0
637232,0.0
637233,0.0
637234,0.0
637235,0.0
637236,0.0
637237,0.0
637238,0.0
637239,0.0
637240,0.0
637241,0.0
637242,0.0
637243,0.0
637244,0.0
637245,0.0
637246,0.0
637247,0.0
637248,0.0
637249,0.0
637250,0.0
637251,0.0
637252,0.0
637253,0.0
637254,0.0
637255,0.0
637256,0.0
637257,0.0
637258,0.0
637259,0.0
637260,0.0
637261,0.0
637262,0.0
637263,0.0
637264,0.0
637265,0.0
637266,0.0
637267,0.0
637268,0.0
637269,0.0
637270,0.0
637271,0.0
637272,0.0
637273,0.0
637274,0.0
637275,0.0
637276,0.0
637277,0.0
637278,0.0
637279,0.0
637280,0.0
637281,0.0
637282,0.0
637283,0.0
637284,0.0
637285,0.0
637286,0.0
637287,0.0
637288,0.0
637289,0.0
637290,0.0
637291,0.0
637292,0.0
637293,0.0
637294,0.0
637295,0.0
637296,0.0
637297,0.0
637298,0.0
637299,0.0
637300,0.0
637301,0.0
637302,0.0
637303,0.0
637304,0.0
637305,0.0
637306,0.0
637307,0.0
637308,0.0
637309,0.0
637310,0.0
637311,0.0
637312,0.0
637313,0.0
637314,0.0
637315,0.0
637316,0.0
637317,0.0
637318,0.0
637319,0.0
637320,0.0
637321,0.0
637322,0.0
637323,0.0
637324,0.0
637325,0.0
637326,0.0
637327,0.0
637328,0.0
637329,0.0
637330,0.0
637331,0.0
637332,0.0
637333,0.0
637334,0.0
637335,0.0
637336,0.0
637337,0.0
637338,0.0
637339,0.0
637340,0.0
637341,0.0
637342,0.0
637343,0.0
637344,0.0
637345,0.0
637346,0.0
637347,0.0
637348,0.0
637349,0.0
637350,0.0
637351,0.0
637352,0.0
637353,0.0
637354,0.0
637355,0.0
637356,0.0
637357,0.0
637358,0.0
637359,0.0
637360,0.0
637361,0.0
637362,0.0
637363,0.0
637364,0.0
637365,0.0
637366,0.0
637367,0.0
637368,0.0
637369,0.0
637370,0.0
637371,0.0
637372,0.0
637373,0.0
637374,0.0
637375,0.0
637376,0.0
637377,0.0
637378,0.0
637379,0.0
637380,0.0
637381,0.0
637382,0.0
637383,0.0
637384,0.0
637385,0.0
637386,0.0
637387,0.0
637388,0.0
637389,0.0
637390,0.0
637391,0.0
637392,0.0
637393,1.9755616e-08
637394,0.0
637395,0.0
637396,0.0
637397,0.0
637398,0.0
637399,0.0
637400,0.0
637401,0.0
637402,0.0
637403,0.0
637404,0.0
637405,0.0
637406,0.0
637407,0.0
637408,0.0
637409,0.0
637410,0.0
637411,0.0
637412,0.0
637413,0.0
637414,0.0
637415,0.0
637416,0.0
637417,0.0
637418,0.0
637419,0.0
637420,0.0
637421,0.0
637422,0.0
637423,0.0
637424,0.0
637425,0.0
637426,0.0
637427,0.0
637428,0.0
637429,0.0
637430,0.0
637431,0.0
637432,1.0078961e-24
637433,0.0
637434,0.0
637435,0.0
637436,0.0
637437,0.0
637438,0.0
637439,0.0
637440,0.0
637441,0.0
637442,0.0
637443,0.0
637444,0.0
637445,0.0
637446,0.0
637447,0.0
637448,0.0
637449,0.0
637450,0.0
637451,0.0
637452,0.0
637453,0.0
637454,0.0
637455,0.0
637456,0.0
637457,0.0
637458,0.0
637459,0.0
637460,0.0
637461,0.0
637462,1.3719008e-21
637463,0.0
637464,0.0
637465,0.0
637466,0.0
637467,0.0
637468,0.0
637469,0.0
637470,0.0
637471,0.0
637472,0.0
637473,0.0
637474,0.0
637475,0.0
637476,0.0
637477,0.0
637478,0.0
637479,0.0
637480,0.0
637481,0.0
637482,0.0
637483,0.0
637484,0.0
637485,0.0
637486,0.0
637487,0.0
637488,0.0
637489,0.0
637490,0.0
637491,0.0
637492,0.0
637493,0.0
637494,0.0
637495,0.0
637496,0.0
637497,0.0
637498,0.0
637499,0.0
637500,0.0
637501,0.0
637502,0.0
637503,0.0
637504,0.0
637505,0.0
637506,0.0
637507,0.0
637508,0.0
637509,0.0
637510,0.0
637511,0.0
637512,0.0
637513,0.0
637514,0.0
637515,0.0
637516,0.0
637517,0.0
637518,0.0
637519,0.0
637520,0.0
637521,0.0
637522,0.0
637523,0.0
637524,0.0
637525,0.0
637526,0.0
637527,0.0
637528,0.0
637529,0.0
637530,0.0
637531,0.0
637532,0.0
637533,0.0
637534,0.0
637535,0.0
637536,0.0
637537,0.0
637538,0.0
637539,0.0
637540,0.0
637541,0.0
637542,0.0
637543,0.0
637544,0.0
637545,0.0
637546,0.0
637547,0.0
637548,0.0
637549,0.0
637550,0.0
637551,0.0
637552,0.0
637553,0.0
637554,0.0
637555,0.0
637556,0.0
637557,0.0
637558,0.0
637559,0.0
637560,0.0
637561,0.0
637562,0.0
637563,0.0
637564,0.0
637565,0.0
637566,0.0
637567,0.0
637568,0.0
637569,0.0
637570,0.0
637571,0.0
637572,0.0
637573,0.0
637574,0.0
637575,0.0
637576,0.0
637577,0.0
637578,0.0
637579,0.0
637580,1.4759304e-25
637581,0.0
637582,0.0
637583,0.0
637584,0.0
637585,0.0
637586,0.0
637587,0.0
637588,0.0
637589,0.0
637590,0.0
637591,0.0
637592,0.0015321714
637593,0.0
637594,0.0
637595,0.0
637596,0.0
637597,0.0
637598,0.0
637599,0.0
637600,0.0
637601,0.0
637602,0.0
637603,0.0
637604,0.0
637605,0.0
637606,0.0
637607,0.0
637608,0.0
637609,0.0
637610,0.0
637611,0.0
637612,0.0
637613,0.0
637614,0.0
637615,0.0
637616,0.0
637617,0.0
637618,0.0
637619,0.0
637620,0.0
637621,0.0
637622,0.0
637623,0.0
637624,0.0
637625,0.0
637626,0.0
637627,0.0
637628,0.0
637629,0.0
637630,0.0
637631,0.0
637632,0.0
637633,0.0
637634,0.0
637635,0.0
637636,0.0
637637,0.0
637638,0.0
637639,0.0
637640,0.0
637641,0.0
637642,0.0
637643,0.0
637644,0.0
637645,0.0
637646,0.0
637647,0.0
637648,0.0
637649,0.0
637650,0.0
637651,0.0
637652,0.0
637653,0.0
637654,0.0
637655,0.0
637656,0.0
637657,0.0
637658,0.0
637659,0.0
637660,0.0
637661,0.0
637662,0.0
637663,0.0
637664,0.0
637665,0.0
637666,0.0
637667,0.0
637668,0.0
637669,0.0
637670,0.0
637671,0.0
637672,0.0
637673,0.0
637674,0.0
637675,0.0
637676,0.0
637677,0.0
637678,0.0
637679,0.0
637680,0.0
637681,0.0
637682,0.0
637683,0.0
637684,0.0
637685,0.0
637686,0.0
637687,0.0
637688,0.0
637689,0.0
637690,0.0
637691,0.0
637692,0.0
637693,0.0
637694,0.0
637695,0.0
637696,0.0
637697,0.0
637698,0.0
637699,0.0
637700,0.0
637701,0.0
637702,0.0
637703,0.0
637704,0.0
637705,0.0
637706,0.0
637707,0.0
637708,0.0
637709,0.0
637710,0.0
637711,0.0
637712,0.0
637713,0.0
637714,0.0
637715,0.0
637716,0.0
637717,0.0
637718,0.0
637719,0.0
637720,0.0
637721,0.0
637722,0.0
637723,0.0
637724,0.0
637725,0.0
637726,0.0
637727,0.0
637728,0.0
637729,0.0
637730,0.0
637731,0.0
637732,0.0
637733,0.0
637734,0.0
637735,0.0
637736,0.0
637737,0.0
637738,0.0
637739,0.0
637740,0.0
637741,0.0
637742,0.0
637743,0.0
637744,0.0
637745,0.0
637746,0.0
637747,0.0
637748,0.0
637749,0.0
637750,0.0
637751,5.666079e-22
637752,0.0
637753,0.0
637754,0.0
637755,0.0
637756,0.0
637757,0.0
637758,0.0
637759,0.0
637760,0.0
637761,0.0
637762,0.0
637763,0.0
637764,0.0
637765,0.0
637766,0.0
637767,0.0
637768,0.0
637769,0.0
637770,0.0
637771,0.0
637772,0.0
637773,0.0
637774,0.0
637775,0.0
637776,0.0
637777,0.0
637778,0.0
637779,0.0
637780,0.0
637781,0.0
637782,0.0
637783,0.0
637784,0.0
637785,0.0
637786,0.0
637787,0.0
637788,0.0
637789,0.0
637790,0.0
637791,0.0
637792,0.0
637793,0.0
637794,0.0
637795,0.0
637796,0.0
637797,0.0
637798,0.0
637799,0.0
637800,0.0
637801,0.0
637802,0.0
637803,0.0
637804,0.0
637805,0.0
637806,0.0
637807,0.0
637808,0.0
637809,0.0
637810,0.0
637811,0.0
637812,0.0
637813,0.0
637814,0.0
637815,0.0
637816,0.0
637817,0.0
637818,0.0
637819,0.0
637820,0.0
637821,0.0
637822,0.0
637823,0.0
637824,0.0
637825,0.0
637826,0.0
637827,0.0
637828,0.0
637829,0.0
637830,0.0
637831,0.0
637832,0.0
637833,0.0
637834,0.0
637835,0.0
637836,0.0
637837,0.0
637838,0.0
637839,0.0
637840,0.0
637841,0.0
637842,0.0
637843,0.0
637844,0.0
637845,0.0
637846,0.0
637847,0.0
637848,0.0
637849,0.0
637850,0.0
637851,0.0
637852,0.0
637853,0.0
637854,0.0
637855,0.0
637856,2.6482947e-21
637857,0.0
637858,0.0
637859,0.0
637860,6.7259814e-10
637861,0.0
637862,0.0
637863,0.0
637864,0.0
637865,0.0
637866,0.0
637867,0.0
637868,0.0
637869,0.0
637870,0.0
637871,0.0
637872,0.0
637873,0.0
637874,0.0
637875,0.0
637876,0.0
637877,0.0
637878,0.0
637879,0.0
637880,0.0
637881,8.064476e-27
637882,0.0
637883,0.0
637884,0.0
637885,0.0
637886,0.0
637887,0.0
637888,0.0
637889,0.0
637890,0.0
637891,0.0
637892,1.2964679e-30
637893,0.0
637894,0.0
637895,0.0
637896,0.0
637897,0.0
637898,0.00060548156
637899,0.0
637900,0.0
637901,0.0
637902,0.0
637903,0.0
637904,0.0
637905,0.0
637906,0.0
637907,0.0
637908,0.0
637909,0.0
637910,0.0
637911,0.0
637912,0.0
637913,0.0
637914,0.0
637915,0.0
637916,0.0
637917,0.0
637918,0.0
637919,0.0
637920,0.0
637921,0.0
637922,0.0
637923,0.0
637924,0.0
637925,0.0
637926,0.0
637927,0.0
637928,0.0
637929,0.0
637930,0.0
637931,0.0
637932,0.0
637933,0.0
637934,0.0
637935,0.0
637936,0.0
637937,0.0
637938,0.0
637939,0.0
637940,0.0
637941,0.0
637942,0.0
637943,0.0
637944,0.0
637945,0.0
637946,0.0
637947,0.0
637948,0.0
637949,0.0
637950,0.0
637951,0.0
637952,0.0
637953,0.0
637954,0.0
637955,0.0
637956,0.0
637957,0.0
637958,0.0
637959,0.0
637960,0.0
637961,0.0
637962,0.0
637963,0.0
637964,0.0
637965,0.0
637966,0.0
637967,0.0
637968,0.0
637969,0.0
637970,0.0
637971,0.0
637972,0.0
637973,0.0
637974,0.0
637975,0.0
637976,0.0
637977,0.0
637978,0.0
637979,0.0
637980,0.0
637981,0.0
637982,0.0
637983,0.0
637984,0.0
637985,0.0
637986,0.0
637987,0.0
637988,0.0
637989,0.0
637990,0.0
637991,0.0
637992,0.0
637993,0.0
637994,0.0
637995,0.0
637996,0.0
637997,0.0
637998,0.0
637999,0.0
638000,0.0
638001,0.0
638002,0.0
638003,0.0
638004,0.0
638005,0.0
638006,0.0
638007,0.0
638008,0.0
638009,0.0
638010,0.0
638011,0.0
638012,0.0
638013,1.3616284e-23
638014,0.0
638015,0.0
638016,0.0
638017,0.0
638018,0.0
638019,0.0
638020,0.0
638021,0.0
638022,0.0
638023,0.0
638024,0.0
638025,0.0
638026,0.0
638027,0.0
638028,0.0
638029,0.0
638030,0.0
638031,0.0
638032,0.0
638033,0.0
638034,0.0
638035,0.0
638036,0.0
638037,0.0
638038,0.0
638039,0.0
638040,0.0
638041,0.0
638042,0.0
638043,0.0
638044,0.0
638045,0.0
638046,0.0
638047,0.0
638048,0.0
638049,0.0
638050,0.0
638051,2.8383485e-07
638052,0.0
638053,0.0
638054,0.0
638055,0.0
638056,0.0
638057,0.0
638058,0.0
638059,0.0
638060,0.0
638061,0.0
638062,0.0
638063,0.0
638064,0.0
638065,0.0
638066,0.0
638067,0.0
638068,0.0
638069,0.0
638070,0.0
638071,0.0
638072,0.0
638073,0.0
638074,0.0
638075,0.0
638076,0.0
638077,0.0
638078,0.0
638079,0.0
638080,0.0
638081,0.0
638082,0.0
638083,0.0
638084,1.028196e-29
638085,0.0
638086,0.0
638087,0.0
638088,0.0
638089,0.0
638090,0.0
638091,0.0
638092,0.0
638093,0.0
638094,0.0
638095,0.0
638096,0.0
638097,0.0
638098,0.0
638099,0.0
638100,0.0
638101,0.0
638102,0.0
638103,0.0
638104,0.0
638105,0.0
638106,0.0
638107,0.0
638108,0.0
638109,0.0
638110,0.0
638111,0.0
638112,0.0
638113,0.0
638114,0.0
638115,0.0
638116,0.0
638117,0.0
638118,0.0
638119,0.0
638120,0.0
638121,0.0
638122,0.0
638123,0.0
638124,0.0
638125,0.0
638126,0.0
638127,0.0
638128,0.0
638129,0.0
638130,0.0
638131,0.0
638132,0.0
638133,0.0
638134,0.0
638135,0.0
638136,0.0
638137,0.0
638138,0.0
638139,0.0
638140,0.0
638141,0.0
638142,0.0
638143,0.0
638144,0.0
638145,0.0
638146,0.0
638147,0.0
638148,0.0
638149,0.0
638150,0.0
638151,0.0
638152,0.043498848
638153,0.0
638154,0.0
638155,0.0
638156,0.0
638157,0.0
638158,0.0
638159,0.0
638160,0.0
638161,0.0
638162,0.0
638163,0.0
638164,0.0
638165,0.0
638166,0.0
638167,0.0
638168,0.0
638169,0.0
638170,0.0
638171,0.0
638172,0.0
638173,0.0
638174,0.0
638175,0.0
638176,0.0
638177,0.0
638178,0.0
638179,0.0
638180,0.0
638181,0.0
638182,0.0
638183,0.0
638184,0.0
638185,0.0
638186,0.0
638187,0.0
638188,0.0
638189,0.0
638190,0.0
638191,0.0
638192,0.0
638193,0.0
638194,0.0
638195,0.0
638196,0.0
638197,0.0
638198,0.0
638199,0.0
638200,0.0
638201,0.0
638202,0.0
638203,0.0
638204,0.0
638205,0.0
638206,0.0
638207,0.0
638208,0.0
638209,0.0
638210,0.0
638211,0.0
638212,0.0
638213,0.0
638214,0.0
638215,0.0
638216,0.0
638217,0.0
638218,0.0
638219,0.0
638220,0.0
638221,0.0
638222,2.4654898e-13
638223,0.0
638224,0.0
638225,0.0
638226,0.0
638227,0.0
638228,0.0
638229,0.0
638230,0.0
638231,0.0
638232,0.0
638233,0.0
638234,0.0
638235,0.0
638236,0.0
638237,0.0
638238,0.0
638239,0.0
638240,0.0
638241,3.6789907e-31
638242,0.0
638243,0.0
638244,0.0
638245,0.0
638246,0.0
638247,0.0
638248,0.0
638249,0.0
638250,0.0
638251,0.0
638252,0.0
638253,0.0
638254,0.0
638255,0.0
638256,0.0
638257,0.0
638258,0.0
638259,0.0
638260,0.0
638261,0.0
638262,0.0
638263,0.0
638264,0.0
638265,0.0
638266,0.0
638267,0.0
638268,0.0
638269,0.0
638270,0.0
638271,0.0
638272,0.0
638273,0.0
638274,0.0
638275,0.0
638276,0.0
638277,0.0
638278,0.0
638279,0.0
638280,0.0
638281,0.0
638282,0.0
638283,0.0
638284,0.0
638285,0.0
638286,0.0
638287,0.0
638288,0.0
638289,0.0
638290,0.0
638291,0.0
638292,0.0
638293,0.0
638294,0.0
638295,0.0
638296,0.0
638297,0.0
638298,0.0
638299,0.0
638300,0.0
638301,0.0
638302,0.0
638303,0.0
638304,0.0
638305,0.0
638306,0.0
638307,0.0
638308,0.0
638309,0.0
638310,3.914304e-11
638311,0.0
638312,0.0
638313,0.0
638314,0.0
638315,0.0
638316,0.0
638317,0.0
638318,0.0
638319,0.0
638320,0.0
638321,0.0
638322,0.0
638323,0.0
638324,0.0
638325,0.0
638326,0.0
638327,0.0
638328,0.0
638329,0.0
638330,0.0
638331,0.0
638332,0.0
638333,0.0
638334,0.0
638335,0.0
638336,0.0
638337,0.0
638338,0.0
638339,0.0
638340,0.0
638341,0.0
638342,0.0
638343,0.0
638344,0.0
638345,0.0
638346,0.0
638347,0.0
638348,0.0
638349,0.0
638350,0.0
638351,0.0
638352,0.0
638353,0.0
638354,0.0
638355,0.0
638356,0.0
638357,0.0
638358,0.0
638359,0.0
638360,0.0
638361,0.0
638362,0.0
638363,0.0
638364,0.0
638365,2.5115535e-06
638366,0.0
638367,0.0
638368,0.0
638369,0.0
638370,0.0
638371,0.0
638372,0.0
638373,0.0
638374,0.0
638375,0.0
638376,0.0
638377,0.0
638378,0.0
638379,0.0
638380,0.0
638381,0.0
638382,0.0
638383,0.0
638384,0.0
638385,3.5252838e-36
638386,0.0
638387,0.0
638388,0.0
638389,0.0
638390,0.0
638391,0.0
638392,0.0
638393,0.0
638394,0.0
638395,0.0
638396,0.0
638397,0.0
638398,0.0
638399,0.0
638400,0.0
638401,0.0
638402,0.0
638403,0.0
638404,0.0
638405,0.0
638406,0.0
638407,0.0
638408,0.0
638409,0.0
638410,0.0
638411,0.0
638412,0.0
638413,0.0
638414,0.0
638415,0.0
638416,0.0
638417,0.0
638418,0.0
638419,0.0
638420,0.0
638421,0.0
638422,0.0
638423,0.0
638424,0.0
638425,0.0
638426,0.0
638427,0.0
638428,0.0
638429,0.0
638430,0.0
638431,0.0
638432,0.0
638433,0.0
638434,0.0
638435,0.0
638436,0.0
638437,0.0
638438,0.0
638439,0.0
638440,0.0
638441,0.0
638442,0.0
638443,0.0
638444,0.0
638445,0.0
638446,0.0
638447,0.0
638448,0.0
638449,0.0
638450,0.0
638451,0.0
638452,0.0
638453,0.0
638454,0.0
638455,0.0
638456,0.0
638457,0.0
638458,0.029465782
638459,0.0
638460,0.0
638461,0.0
638462,0.0
638463,0.0
638464,0.0
638465,0.0
638466,0.0
638467,0.0
638468,0.0
638469,0.0
638470,0.0
638471,0.0
638472,0.0
638473,0.0
638474,0.0
638475,0.0
638476,0.0
638477,0.0
638478,0.0
638479,0.0
638480,0.0
638481,0.0
638482,0.0
638483,0.0
638484,0.0
638485,0.0
638486,0.0
638487,0.0
638488,0.0
638489,0.0
638490,0.0
638491,0.0
638492,0.0
638493,0.0
638494,0.0
638495,0.0
638496,0.0
638497,0.0
638498,0.0
638499,0.0
638500,0.0
638501,0.0
638502,0.0
638503,0.0
638504,0.0
638505,0.0
638506,0.0
638507,0.0
638508,0.0
638509,0.0
638510,0.0
638511,0.0
638512,0.0
638513,0.0
638514,0.0
638515,0.0
638516,0.0
638517,0.0
638518,0.0
638519,0.0
638520,0.0
638521,0.0
638522,0.0
638523,0.0
638524,0.0
638525,0.0
638526,0.0
638527,0.0
638528,0.0
638529,0.0
638530,0.0
638531,0.0
638532,0.0
638533,0.0
638534,0.0
638535,0.0
638536,0.0
638537,0.0
638538,0.0
638539,0.0
638540,0.0
638541,0.0
638542,0.0
638543,0.0
638544,0.0
638545,0.0
638546,0.0
638547,0.0
638548,0.0
638549,0.0
638550,0.0
638551,0.0
638552,0.0
638553,0.0
638554,0.0
638555,0.0
638556,0.0
638557,0.0
638558,0.0
638559,0.0
638560,0.0
638561,0.0
638562,0.0
638563,0.0
638564,0.0
638565,0.0
638566,0.0
638567,0.0
638568,0.0
638569,0.0
638570,0.0
638571,0.0
638572,0.0
638573,0.0
638574,0.0
638575,0.0
638576,0.0
638577,0.0
638578,0.0
638579,0.0
638580,0.0
638581,0.0
638582,0.0
638583,0.0
638584,0.0
638585,0.0
638586,0.0
638587,0.0
638588,0.0
638589,0.0
638590,0.0
638591,0.0
638592,0.0
638593,0.0
638594,0.0
638595,0.0
638596,0.0
638597,0.0
638598,0.0
638599,0.0
638600,0.0
638601,0.0
638602,0.0
638603,0.0
638604,0.0
638605,0.0
638606,0.0
638607,0.0
638608,0.0
638609,0.0
638610,0.0
638611,0.0
638612,0.0
638613,0.0
638614,0.0
638615,0.0
638616,0.0
638617,0.0
638618,0.0
638619,0.0
638620,0.0
638621,0.0
638622,0.0
638623,0.0
638624,0.0
638625,0.0
638626,0.0
638627,0.0
638628,0.0
638629,0.0
638630,0.0
638631,0.0
638632,0.0
638633,0.0
638634,0.0
638635,0.0
638636,0.0
638637,0.0
638638,0.0
638639,0.0
638640,0.0
638641,0.0
638642,0.0
638643,0.0
638644,0.0
638645,0.0
638646,0.0
638647,0.0
638648,0.0
638649,0.0
638650,0.0
638651,0.0
638652,0.0
638653,0.0
638654,0.0
638655,0.0
638656,0.0
638657,0.0
638658,0.0
638659,0.0
638660,0.0
638661,0.0
638662,0.0
638663,0.0
638664,0.0
638665,0.0
638666,0.0
638667,0.0
638668,0.0
638669,0.0
638670,0.0
638671,0.0
638672,0.0
638673,0.0
638674,0.0
638675,0.0
638676,0.0
638677,0.0
638678,0.0
638679,0.0
638680,0.0
638681,0.0
638682,0.0
638683,0.0
638684,0.0
638685,0.0
638686,0.0
638687,0.0
638688,0.0
638689,0.0
638690,0.0
638691,0.0
638692,0.0
638693,0.0
638694,0.0
638695,0.0
638696,0.0
638697,0.0
638698,0.0
638699,0.0
638700,0.0
638701,0.0
638702,0.0
638703,0.0
638704,0.0
638705,0.0
638706,0.0
638707,0.0
638708,0.0
638709,0.0
638710,0.0
638711,0.0
638712,0.0
638713,0.0
638714,0.0
638715,0.0
638716,0.0
638717,0.0
638718,0.0
638719,0.0
638720,0.0
638721,0.0
638722,0.0
638723,0.0
638724,0.0
638725,0.0
638726,0.0
638727,0.0
638728,0.0
638729,0.0
638730,0.0
638731,0.0
638732,0.0
638733,0.0
638734,0.0
638735,0.0
638736,0.0
638737,0.0
638738,6.739858e-23
638739,0.0
638740,0.0
638741,0.0
638742,0.0
638743,0.0
638744,0.0
638745,0.0
638746,0.0
638747,0.0
638748,0.0
638749,0.0
638750,0.0
638751,0.0
638752,0.0
638753,0.0
638754,0.0
638755,0.0
638756,0.0
638757,0.0
638758,0.0
638759,0.0
638760,0.0
638761,0.0
638762,0.0
638763,0.0
638764,0.0
638765,0.0
638766,0.0
638767,0.0
638768,0.0
638769,0.0
638770,0.0
638771,0.0
638772,0.0
638773,0.0
638774,0.0
638775,0.0
638776,0.0
638777,0.0
638778,0.0
638779,0.0
638780,0.0
638781,0.0
638782,0.0
638783,0.0
638784,0.0
638785,0.0
638786,0.0
638787,0.0
638788,0.0
638789,0.0
638790,0.0
638791,0.0
638792,0.0
638793,0.0
638794,0.0
638795,0.0
638796,0.0
638797,0.0
638798,0.0
638799,0.0
638800,0.0
638801,0.0
638802,0.0
638803,0.0
638804,0.0
638805,0.0
638806,0.0
638807,0.0
638808,0.0
638809,0.0
638810,0.0
638811,0.0
638812,0.0
638813,0.0
638814,0.0
638815,0.0
638816,0.0
638817,0.0
638818,0.0
638819,0.0
638820,0.0
638821,0.0
638822,0.0
638823,0.0
638824,0.0
638825,0.0
638826,0.0
638827,0.0
638828,0.0
638829,0.0
638830,0.0
638831,0.0
638832,0.0
638833,0.0
638834,0.0
638835,0.0
638836,0.0
638837,0.0
638838,0.0
638839,0.0
638840,0.0
638841,0.0
638842,0.0
638843,0.0
638844,0.0
638845,0.0
638846,0.0
638847,0.0
638848,0.0
638849,0.0
638850,0.0
638851,0.0
638852,0.0
638853,0.0
638854,0.0
638855,0.0
638856,0.0
638857,0.0
638858,0.0
638859,0.0
638860,0.0
638861,0.0
638862,0.0
638863,0.0
638864,0.0
638865,0.0
638866,0.0
638867,0.0
638868,0.0
638869,0.0
638870,0.0
638871,0.0
638872,0.0
638873,0.0
638874,0.0
638875,0.0
638876,0.0
638877,0.0
638878,0.0
638879,0.0
638880,0.0
638881,0.0
638882,0.0
638883,0.0
638884,0.0
638885,0.0
638886,0.0
638887,0.0
638888,0.0
638889,0.0
638890,0.0
638891,0.0
638892,0.0
638893,0.0
638894,0.0
638895,0.0
638896,0.0
638897,0.0
638898,0.0
638899,0.0
638900,0.0
638901,0.0
638902,0.0
638903,0.0
638904,0.0
638905,0.0
638906,0.0
638907,0.0
638908,0.0
638909,0.0
638910,0.0
638911,0.0
638912,0.0
638913,0.0
638914,0.0
638915,0.0
638916,0.0
638917,0.0
638918,0.0
638919,0.0
638920,0.0
638921,0.0
638922,0.0
638923,0.0
638924,0.0
638925,0.0
638926,0.0
638927,0.0
638928,0.0
638929,0.0
638930,0.0
638931,0.0
638932,0.0
638933,0.0
638934,0.0
638935,0.0
638936,0.0
638937,1.7574543e-10
638938,0.0
638939,0.0
638940,0.0
638941,0.0
638942,0.0
638943,0.0
638944,0.0
638945,0.0
638946,0.0
638947,0.0
638948,0.0
638949,0.0
638950,0.0
638951,0.0
638952,0.0
638953,0.0
638954,0.0
638955,0.0
638956,0.0
638957,0.0
638958,0.0
638959,0.0
638960,0.0
638961,0.0
638962,0.0
638963,0.0
638964,0.0
638965,0.0
638966,0.0
638967,0.0
638968,0.0
638969,0.0
638970,0.0
638971,0.0
638972,0.0
638973,0.0
638974,0.0
638975,0.0
638976,0.0
638977,0.0
638978,0.0
638979,0.0
638980,0.0
638981,0.0
638982,0.0
638983,0.0
638984,0.0
638985,0.0
638986,0.0
638987,0.0
638988,0.0
638989,0.0
638990,0.0
638991,0.0
638992,0.0
638993,0.0
638994,0.0
638995,0.0
638996,0.0
638997,0.0
638998,0.0
638999,0.0
639000,0.0
639001,0.0
639002,0.0
639003,0.0
639004,0.0
639005,0.0
639006,0.0
639007,0.0
639008,0.0
639009,0.0
639010,0.0
639011,0.0
639012,0.0
639013,0.0
639014,0.0
639015,0.0
639016,0.0
639017,0.0
639018,0.0
639019,0.0
639020,0.0
639021,0.0
639022,0.0
639023,0.0
639024,0.0
639025,0.0
639026,0.0
639027,0.0
639028,0.0
639029,3.6534405e-23
639030,0.0
639031,0.0
639032,0.0
639033,0.0
639034,0.0
639035,0.0
639036,0.0
639037,0.0
639038,0.0
639039,0.0
639040,0.0
639041,0.0
639042,0.0
639043,0.0
639044,0.0
639045,0.0
639046,0.0
639047,0.0
639048,0.0
639049,0.0
639050,0.0
639051,0.0
639052,0.0
639053,0.0
639054,0.0
639055,0.0
639056,0.0
639057,0.0
639058,0.0
639059,0.0
639060,0.0
639061,0.0
639062,0.0
639063,0.0
639064,0.0
639065,0.0
639066,0.0
639067,0.0
639068,0.0
639069,0.0
639070,0.0
639071,0.0
639072,0.0
639073,0.0
639074,0.0
639075,0.0
639076,0.0
639077,0.0
639078,0.0
639079,0.0
639080,0.0
639081,0.0
639082,0.0
639083,0.0
639084,0.0
639085,0.0
639086,0.0
639087,0.0
639088,0.0
639089,0.0
639090,0.0
639091,0.0
639092,0.0
639093,0.0
639094,0.0
639095,0.0
639096,0.0
639097,0.0
639098,0.0
639099,0.0
639100,0.0
639101,0.0
639102,0.0
639103,0.0
639104,0.0
639105,0.0
639106,0.0
639107,0.0
639108,0.0
639109,0.0
639110,0.0
639111,0.0
639112,0.0
639113,0.0
639114,0.0
639115,0.0
639116,0.0
639117,0.0
639118,0.0
639119,0.0
639120,0.0
639121,0.0
639122,0.0
639123,0.0
639124,0.0
639125,0.0
639126,0.0
639127,0.0
639128,0.0
639129,0.0
639130,0.0
639131,0.0
639132,0.0
639133,0.0
639134,0.0
639135,0.0
639136,0.0
639137,0.0
639138,0.0
639139,0.0
639140,0.0
639141,0.0
639142,0.0
639143,0.0
639144,0.0
639145,0.0
639146,0.0
639147,0.0
639148,0.0
639149,0.0
639150,0.0
639151,0.0
639152,0.0
639153,0.0
639154,8.8368924e-24
639155,0.0
639156,0.0
639157,0.0
639158,0.0
639159,0.0
639160,0.0
639161,0.0
639162,0.0
639163,0.0
639164,0.0
639165,0.0
639166,0.0
639167,0.0
639168,0.0
639169,0.0
639170,0.0
639171,0.0
639172,0.0
639173,0.0
639174,0.0
639175,0.0
639176,0.0
639177,0.0
639178,0.0
639179,0.0
639180,0.0
639181,0.0
639182,0.0
639183,0.0
639184,0.0
639185,0.0
639186,0.0
639187,0.0
639188,0.0
639189,0.0
639190,0.0
639191,0.0
639192,0.0
639193,0.0
639194,0.0
639195,0.0
639196,0.0
639197,0.0
639198,0.0
639199,0.0
639200,0.0
639201,0.0
639202,0.0
639203,0.0
639204,0.0
639205,0.0
639206,0.0
639207,0.0
639208,0.0
639209,0.0
639210,0.0
639211,0.0
639212,0.0
639213,0.0
639214,0.0
639215,0.0
639216,0.0
639217,0.0
639218,0.0
639219,0.0
639220,0.0
639221,0.0
639222,0.0
639223,0.0
639224,0.0
639225,0.0
639226,0.0
639227,0.0
639228,0.0
639229,0.0
639230,0.0
639231,0.0
639232,0.0
639233,0.0
639234,0.0
639235,0.0
639236,0.0
639237,0.0
639238,0.0
639239,0.0
639240,0.0
639241,0.0
639242,0.0
639243,0.0
639244,0.0
639245,0.0
639246,0.0
639247,0.0
639248,0.0
639249,0.0
639250,0.0
639251,0.0
639252,0.0
639253,0.0
639254,6.262642e-23
639255,0.0
639256,0.0
639257,0.0
639258,0.0
639259,0.0
639260,0.0
639261,0.0
639262,0.0
639263,0.0
639264,0.0
639265,0.0
639266,0.0
639267,0.0
639268,0.0
639269,0.0
639270,0.0
639271,0.0
639272,0.0
639273,0.0
639274,0.0
639275,0.0
639276,0.0
639277,0.0
639278,0.0
639279,0.0
639280,0.0
639281,0.0
639282,0.0
639283,0.0
639284,0.0
639285,0.0
639286,0.0
639287,0.0
639288,0.0
639289,0.0
639290,0.0
639291,0.0
639292,0.0
639293,0.0
639294,0.0
639295,0.0
639296,0.0
639297,0.0
639298,0.0
639299,0.0
639300,0.0
639301,0.0
639302,0.0
639303,0.0
639304,0.0
639305,0.0
639306,0.0
639307,0.0
639308,0.0
639309,0.0
639310,0.0
639311,0.0
639312,0.0
639313,0.0
639314,0.0
639315,0.0
639316,0.0
639317,0.0
639318,0.0
639319,0.0
639320,0.0
639321,0.0
639322,0.0
639323,0.0
639324,0.0
639325,0.0
639326,0.0
639327,0.0
639328,0.0
639329,0.0
639330,0.0
639331,0.0
639332,0.0
639333,0.0
639334,0.0
639335,0.0
639336,4.6360594e-05
639337,0.0
639338,0.0
639339,0.0
639340,0.0
639341,0.0
639342,0.0
639343,0.0
639344,0.0
639345,0.0
639346,0.0
639347,0.0
639348,0.0
639349,0.0
639350,0.0
639351,0.0
639352,0.0
639353,0.0
639354,0.0
639355,0.0
639356,0.0
639357,0.0
639358,0.0
639359,0.0
639360,0.0
639361,0.0
639362,0.0
639363,0.0
639364,0.0
639365,0.0
639366,0.0
639367,0.0
639368,0.0
639369,0.0
639370,0.0
639371,0.0
639372,0.0
639373,0.0
639374,0.0
639375,0.0
639376,0.0
639377,0.0
639378,0.0
639379,0.0
639380,0.0
639381,0.0
639382,0.0
639383,0.0
639384,0.0
639385,0.0
639386,0.0
639387,0.0
639388,0.0
639389,0.0
639390,0.0
639391,0.0
639392,0.0
639393,0.0
639394,0.0
639395,0.0
639396,0.0
639397,0.0
639398,0.0
639399,0.0
639400,0.0
639401,0.0
639402,0.0
639403,0.0
639404,0.0
639405,0.0
639406,0.0
639407,0.0
639408,0.0
639409,0.0
639410,0.0
639411,3.4568686e-13
639412,0.0
639413,0.0
639414,0.0
639415,0.0
639416,0.0
639417,0.0
639418,0.0
639419,0.0
639420,0.0
639421,0.0
639422,0.0
639423,0.0
639424,0.0
639425,0.0
639426,0.0
639427,0.0
639428,0.0
639429,0.0
639430,0.0
639431,0.0
639432,0.0
639433,0.0
639434,0.0
639435,0.0
639436,0.0
639437,0.0
639438,0.0
639439,0.0
639440,0.0
639441,0.0
639442,0.0
639443,0.0
639444,0.0
639445,0.0
639446,0.0
639447,0.0
639448,0.0
639449,0.0
639450,0.0
639451,0.0
639452,0.0
639453,0.0
639454,0.0
639455,0.0
639456,0.0
639457,0.0
639458,0.0
639459,0.0
639460,0.0
639461,0.0
639462,0.0
639463,0.0
639464,0.0
639465,0.0
639466,0.0
639467,0.0
639468,0.0
639469,0.0
639470,0.0
639471,0.0
639472,0.0
639473,0.0
639474,0.0
639475,0.0
639476,0.0
639477,0.0
639478,0.0
639479,0.0
639480,0.0
639481,0.0
639482,0.0
639483,0.0
639484,0.0
639485,7.034878e-18
639486,0.0
639487,0.0
639488,0.0
639489,0.0
639490,0.0
639491,0.0
639492,0.0
639493,0.0
639494,0.0
639495,0.0
639496,0.0
639497,0.0
639498,0.0
639499,0.0
639500,0.0
639501,0.0
639502,0.0
639503,0.0
639504,0.0
639505,0.0
639506,0.0
639507,0.0
639508,0.0
639509,0.0
639510,0.0
639511,0.0
639512,0.0
639513,0.0
639514,0.0
639515,0.0
639516,0.0
639517,0.0
639518,0.0
639519,0.0
639520,0.0
639521,0.0
639522,0.0
639523,0.0
639524,0.0
639525,0.0
639526,0.0
639527,0.0
639528,0.0
639529,0.0
639530,0.0
639531,0.0
639532,0.0
639533,0.0
639534,0.0
639535,0.0
639536,0.0
639537,0.0
639538,0.0
639539,1.4335629e-26
639540,0.0
639541,0.0
639542,0.0
639543,0.0
639544,0.0
639545,0.0
639546,0.0
639547,0.0
639548,0.0
639549,0.0
639550,0.0
639551,0.0
639552,0.0
639553,0.0
639554,0.0
639555,0.0
639556,0.0
639557,0.0
639558,0.0
639559,0.0
639560,0.0
639561,0.0
639562,0.0
639563,0.0
639564,0.0
639565,0.0
639566,0.0
639567,0.0
639568,0.0
639569,0.0
639570,0.0
639571,0.0
639572,0.0
639573,0.0
639574,0.0
639575,0.0
639576,0.0
639577,0.0
639578,0.0
639579,0.0
639580,0.0
639581,0.0
639582,0.0
639583,0.0
639584,0.0
639585,0.0
639586,0.0
639587,0.0
639588,0.0
639589,0.0
639590,0.0
639591,0.0
639592,0.0
639593,0.0
639594,0.0
639595,0.0
639596,0.0
639597,0.0
639598,0.0
639599,0.0
639600,1.4646656e-36
639601,0.0
639602,0.0
639603,0.0
639604,0.0
639605,0.0
639606,0.0
639607,0.0
639608,0.0
639609,0.0
639610,0.0
639611,0.0
639612,0.0
639613,0.0
639614,2.7953837e-30
639615,0.0
639616,0.0
639617,0.0
639618,0.0
639619,0.0
639620,0.0
639621,0.0
639622,0.0
639623,0.0
639624,0.0
639625,0.0
639626,0.0
639627,0.0
639628,0.0
639629,0.0
639630,0.0
639631,0.0
639632,0.0
639633,0.0
639634,0.0
639635,0.0
639636,0.0
639637,0.0
639638,0.0
639639,0.0
639640,0.0
639641,0.0
639642,0.0
639643,0.0
639644,0.0
639645,0.0
639646,0.0
639647,0.0
639648,0.0
639649,0.0
639650,0.0
639651,0.0
639652,0.0
639653,0.0
639654,0.0
639655,0.0
639656,0.0
639657,0.0
639658,0.0
639659,0.0
639660,0.0
639661,0.0
639662,0.0
639663,0.0
639664,0.0
639665,0.0
639666,0.0
639667,0.0
639668,0.0
639669,0.0
639670,0.0
639671,0.0
639672,0.0
639673,0.0
639674,0.0
639675,0.0
639676,0.0
639677,0.0
639678,0.0
639679,0.0
639680,0.0
639681,0.0
639682,0.0
639683,0.0
639684,0.0
639685,0.0
639686,0.0
639687,0.0
639688,0.0
639689,0.0
639690,0.0
639691,0.0
639692,0.0
639693,0.0
639694,0.0
639695,0.0
639696,0.0
639697,0.0
639698,0.0
639699,0.0
639700,0.0
639701,0.0
639702,0.0
639703,0.0
639704,0.0
639705,0.0
639706,0.0
639707,0.0
639708,0.0
639709,0.0
639710,0.0
639711,0.0
639712,0.0
639713,0.0
639714,0.0
639715,0.0
639716,0.0
639717,0.0
639718,0.0
639719,0.0
639720,0.0
639721,2.7392298e-08
639722,0.0
639723,0.0
639724,0.0
639725,0.0
639726,0.0
639727,0.0
639728,0.0
639729,0.0
639730,0.0
639731,0.0
639732,0.0
639733,0.0
639734,0.0
639735,0.0
639736,0.0
639737,0.0
639738,0.0
639739,0.0
639740,0.0
639741,0.0
639742,0.0
639743,0.0
639744,0.0
639745,0.0
639746,0.0
639747,0.0
639748,0.0
639749,0.0
639750,0.0
639751,0.0
639752,0.0
639753,0.0
639754,0.0
639755,0.0
639756,0.0
639757,0.0
639758,0.0
639759,0.0
639760,0.0
639761,0.0
639762,0.0
639763,0.0
639764,0.0
639765,0.0
639766,0.0
639767,0.0
639768,0.0
639769,0.0
639770,0.0
639771,0.0
639772,0.0
639773,0.0
639774,0.0
639775,0.0
639776,0.0
639777,0.0
639778,0.0
639779,0.0
639780,0.0
639781,0.0
639782,0.0
639783,0.0
639784,0.0
639785,0.0
639786,0.0
639787,0.0
639788,0.0
639789,0.0
639790,0.0
639791,0.0
639792,0.0
639793,0.0
639794,0.0
639795,0.0
639796,0.0
639797,0.0
639798,0.0
639799,0.0
639800,0.0
639801,0.0
639802,0.0
639803,0.0
639804,0.0
639805,0.0
639806,0.0
639807,0.0
639808,0.0
639809,0.0
639810,0.0
639811,0.0
639812,0.0
639813,0.0
639814,0.0
639815,0.0
639816,0.0
639817,0.0
639818,0.0
639819,0.0
639820,0.0
639821,0.0
639822,0.0
639823,0.0
639824,0.0
639825,0.0
639826,0.0
639827,0.0
639828,0.0
639829,0.0
639830,0.0
639831,0.0
639832,0.0
639833,0.0
639834,0.0
639835,0.0
639836,0.0
639837,0.0
639838,0.0
639839,0.0
639840,0.0
639841,0.0
639842,0.0
639843,0.0
639844,0.0
639845,0.0
639846,0.0
639847,0.0
639848,0.0
639849,0.0
639850,0.0
639851,0.0
639852,0.0
639853,0.0
639854,0.0
639855,0.0
639856,0.0
639857,0.0
639858,0.0
639859,0.0
639860,0.0
639861,0.0
639862,0.0
639863,0.0
639864,0.0
639865,0.0
639866,0.0
639867,0.0
639868,0.0
639869,0.0
639870,0.0
639871,0.0
639872,0.0
639873,0.0
639874,0.0
639875,0.0
639876,0.0
639877,0.0
639878,0.0
639879,0.0
639880,0.0
639881,0.0
639882,0.0
639883,0.0
639884,0.0
639885,0.0
639886,0.0
639887,0.0
639888,0.0
639889,0.0
639890,0.0
639891,0.0
639892,0.0
639893,0.0
639894,0.0
639895,0.01948385
639896,0.0
639897,0.0
639898,0.0
639899,0.0
639900,0.0
639901,0.0
639902,0.0
639903,0.0
639904,0.0
639905,0.0
639906,0.0
639907,0.0
639908,0.0
639909,0.0
639910,0.0
639911,0.0
639912,0.0
639913,0.0
639914,0.0
639915,0.0
639916,0.0
639917,0.0
639918,0.0
639919,9.888733e-32
639920,0.0
639921,0.0
639922,0.0
639923,0.0
639924,0.0
639925,0.0
639926,0.0
639927,0.0
639928,0.0
639929,0.0
639930,0.0
639931,0.0
639932,0.0
639933,0.0
639934,0.0
639935,0.0
639936,0.0
639937,5.070594e-39
639938,0.0
639939,0.0
639940,0.0
639941,0.0
639942,0.0
639943,0.36242384
639944,0.0
639945,0.0
639946,0.0
639947,0.0
639948,0.0
639949,0.0
639950,0.0
639951,0.0
639952,0.0
639953,0.0
639954,0.0
639955,0.0
639956,0.0
639957,0.0
639958,0.0
639959,0.0
639960,0.0
639961,0.0
639962,0.0
639963,0.0
639964,0.0
639965,0.0
639966,0.0
639967,0.0
639968,0.0
639969,0.0
639970,0.0
639971,0.0
639972,0.0
639973,0.0
639974,0.0
639975,0.0
639976,0.0
639977,0.0
639978,0.0
639979,0.0
639980,0.0
639981,0.0
639982,0.0
639983,0.0
639984,0.0
639985,0.0
639986,0.0
639987,0.0
639988,0.0
639989,0.0
639990,0.0
639991,0.0
639992,0.0
639993,0.0
639994,0.0
639995,0.0
639996,2.336089e-34
639997,0.0
639998,0.0
639999,0.0
640000,0.0
640001,0.0
640002,0.0
640003,0.0
640004,0.0
640005,0.0
640006,0.0
640007,0.0
640008,0.0
640009,0.0
640010,0.0
640011,0.0
640012,0.0
640013,0.0
640014,0.0
640015,0.0
640016,0.0
640017,0.0
640018,0.0
640019,0.0
640020,0.0
640021,0.0
640022,0.0
640023,0.0
640024,0.0
640025,0.0
640026,0.0
640027,0.0
640028,0.0
640029,0.0
640030,0.0
640031,0.0
640032,0.0
640033,0.0
640034,0.0
640035,0.0
640036,0.0
640037,0.0
640038,0.0
640039,0.0
640040,0.0
640041,0.0
640042,0.0
640043,0.0
640044,0.0
640045,0.0
640046,0.0
640047,0.0
640048,0.0
640049,0.0
640050,2.8820297e-37
640051,0.0
640052,1.4810617e-34
640053,0.0
640054,0.0
640055,0.0
640056,0.0
640057,0.0
640058,0.0
640059,0.0
640060,0.0
640061,0.0
640062,0.0
640063,0.0
640064,0.0
640065,0.0
640066,0.0
640067,0.030901961
640068,0.0
640069,0.0
640070,0.0
640071,0.0
640072,5.8647274e-36
640073,0.0
640074,0.0
640075,0.0
640076,0.0
640077,0.0
640078,0.0
640079,0.0
640080,0.0
640081,0.0
640082,0.0
640083,0.0
640084,0.0
640085,0.0
640086,0.0
640087,0.0
640088,0.0
640089,0.0
640090,0.0
640091,0.0
640092,0.0
640093,0.0
640094,0.0
640095,0.0
640096,0.0
640097,0.0
640098,3.2886593e-36
640099,0.0
640100,0.0
640101,0.0
640102,0.0
640103,0.0
640104,0.0
640105,0.0
640106,0.0
640107,0.0
640108,0.0
640109,0.0
640110,0.0
640111,0.0
640112,0.0
640113,0.0
640114,0.0
640115,0.0
640116,0.0
640117,0.0
640118,0.0
640119,0.0
640120,0.0
640121,0.0
640122,0.0
640123,0.0
640124,0.0
640125,0.0
640126,0.0
640127,0.0
640128,0.0
640129,0.0
640130,0.0
640131,0.0
640132,0.0
640133,0.0
640134,0.0
640135,0.0
640136,0.0
640137,0.0
640138,0.0
640139,0.0
640140,0.0
640141,0.0
640142,0.0
640143,0.0
640144,0.0
640145,0.0
640146,0.0
640147,0.0
640148,0.0
640149,0.0
640150,0.0
640151,0.0
640152,0.0
640153,0.0
640154,0.0
640155,0.0
640156,0.0
640157,0.0
640158,0.0
640159,0.0
640160,0.0
640161,0.0
640162,0.0
640163,0.0
640164,0.0
640165,0.0
640166,0.0
640167,0.0
640168,0.0
640169,0.0
640170,0.0
640171,0.0
640172,0.0
640173,0.0
640174,0.0
640175,0.0
640176,0.0
640177,0.0
640178,0.0
640179,0.0
640180,0.0
640181,0.0
640182,0.0
640183,0.0
640184,0.0
640185,0.0
640186,0.0
640187,0.0
640188,3.2143984e-16
640189,0.0
640190,0.0
640191,0.0
640192,0.0
640193,0.0
640194,0.0
640195,0.0
640196,0.0
640197,0.0
640198,0.0
640199,0.0
640200,0.0
640201,0.0
640202,0.0
640203,0.0
640204,0.0
640205,0.0
640206,0.0
640207,0.0
640208,0.0
640209,0.0
640210,0.0
640211,0.0
640212,0.0
640213,0.0
640214,0.0
640215,0.0
640216,0.0
640217,0.0
640218,0.0
640219,0.0
640220,0.0
640221,0.0
640222,0.0
640223,0.0
640224,0.0
640225,2.0374835e-23
640226,0.0
640227,0.0
640228,0.0
640229,0.0
640230,0.0
640231,0.0
640232,0.0
640233,0.0
640234,0.0
640235,0.0
640236,0.0
640237,0.0
640238,0.0
640239,0.0
640240,0.0
640241,0.0
640242,0.0
640243,0.0
640244,0.0
640245,0.0
640246,0.0
640247,0.0
640248,0.0
640249,0.0
640250,0.0
640251,0.0
640252,0.0
640253,0.0
640254,0.0
640255,0.0
640256,0.0
640257,8.404602e-17
640258,0.0
640259,0.0
640260,0.0
640261,0.0
640262,0.0
640263,0.0
640264,0.0
640265,0.0
640266,0.0
640267,0.0
640268,0.0
640269,0.0
640270,0.0
640271,0.0
640272,0.0
640273,0.0
640274,0.0
640275,0.0
640276,0.0
640277,0.0
640278,0.0
640279,0.0
640280,0.0
640281,0.0
640282,0.0
640283,0.0
640284,0.0
640285,0.0
640286,0.0
640287,0.0
640288,0.0
640289,0.0
640290,0.0
640291,0.0
640292,0.0
640293,0.0
640294,0.0
640295,0.0
640296,0.0
640297,0.0
640298,0.0
640299,0.0
640300,0.0
640301,0.0
640302,0.0
640303,0.0
640304,0.0
640305,0.0
640306,0.0
640307,0.0
640308,0.0
640309,0.0
640310,0.0
640311,0.0
640312,0.0
640313,0.0
640314,0.0
640315,0.0
640316,0.0
640317,0.0
640318,0.0
640319,0.0
640320,0.0
640321,0.0
640322,0.0
640323,0.0
640324,0.0
640325,0.0
640326,0.0
640327,0.0
640328,0.0
640329,0.0
640330,0.0
640331,0.0
640332,0.0
640333,0.0
640334,0.0
640335,0.0
640336,0.0
640337,0.0
640338,0.0
640339,0.0
640340,0.0
640341,0.0
640342,0.0
640343,0.0
640344,0.0
640345,0.0
640346,0.0
640347,0.0
640348,0.0
640349,0.0
640350,0.0
640351,0.0
640352,0.0
640353,0.0
640354,0.0
640355,0.0
640356,0.0
640357,0.0
640358,0.0
640359,0.0
640360,0.0
640361,0.0
640362,0.08029746
640363,0.0
640364,0.0
640365,0.0
640366,0.0
640367,0.0
640368,0.0
640369,0.0
640370,0.0
640371,0.0
640372,0.0
640373,0.0
640374,0.0
640375,0.0
640376,0.0
640377,0.0
640378,0.0
640379,0.0
640380,0.0
640381,0.0
640382,0.0
640383,0.0
640384,0.0
640385,0.0
640386,0.0
640387,0.0
640388,0.0
640389,0.0
640390,1.5146988e-07
640391,0.0
640392,0.0
640393,0.0
640394,0.0
640395,0.0
640396,0.0
640397,0.0
640398,0.0
640399,0.0
640400,0.0
640401,0.0
640402,0.0
640403,0.0
640404,0.0
640405,0.0
640406,0.0
640407,0.0
640408,0.0
640409,0.0
640410,0.0
640411,0.0
640412,4.9895496e-30
640413,0.0
640414,0.0
640415,0.0
640416,0.0
640417,0.0
640418,0.0
640419,0.0
640420,0.0
640421,0.0
640422,0.0
640423,0.0
640424,0.0
640425,0.0
640426,0.0
640427,0.0
640428,0.0
640429,0.0
640430,0.0
640431,0.0
640432,0.0
640433,0.0
640434,0.0
640435,0.0
640436,0.0
640437,0.0
640438,0.0
640439,0.0
640440,0.0
640441,0.0
640442,0.0
640443,0.0
640444,0.0
640445,0.0
640446,0.0
640447,0.0
640448,0.0
640449,0.0
640450,0.0
640451,0.0
640452,0.0
640453,0.0
640454,3.82638e-37
640455,1.6714295e-05
640456,0.0
640457,0.0
640458,0.0
640459,0.0
640460,0.0
640461,0.0
640462,0.0
640463,0.0
640464,0.0
640465,0.0
640466,0.0
640467,0.0
640468,0.0
640469,0.0
640470,0.0
640471,0.0
640472,0.0
640473,0.0
640474,0.0
640475,0.0
640476,0.0
640477,0.0
640478,0.0
640479,0.0
640480,0.0
640481,0.0
640482,0.0
640483,0.0
640484,0.0
640485,0.0
640486,0.0
640487,0.0
640488,0.0
640489,0.0
640490,0.0
640491,0.0
640492,0.0
640493,0.0
640494,0.0
640495,0.0
640496,0.0
640497,0.0
640498,0.0
640499,0.0
640500,0.0
640501,0.0
640502,0.0
640503,0.0
640504,0.0
640505,0.0
640506,0.0
640507,0.0
640508,0.0
640509,0.0
640510,0.0
640511,0.0
640512,0.0
640513,0.0
640514,0.0
640515,0.0
640516,0.0
640517,0.0
640518,0.0
640519,0.0
640520,0.0
640521,0.0
640522,0.0
640523,0.0
640524,0.0
640525,0.0
640526,0.0
640527,0.0
640528,0.0
640529,0.0
640530,0.0
640531,0.0
640532,0.0
640533,0.0
640534,0.0
640535,0.0
640536,0.0
640537,0.0
640538,0.0
640539,0.0
640540,0.0
640541,1.1342787e-20
640542,0.0
640543,0.0
640544,0.0
640545,0.0
640546,0.0
640547,0.0
640548,0.0
640549,0.0
640550,0.0
640551,0.0
640552,0.0
640553,0.0
640554,0.0
640555,0.0
640556,0.0
640557,0.0
640558,0.0
640559,0.0
640560,0.0
640561,0.0
640562,0.0
640563,0.0
640564,0.0
640565,0.0
640566,0.0
640567,0.0
640568,0.0
640569,0.0
640570,0.0
640571,0.0
640572,0.0
640573,0.0
640574,0.0
640575,0.0
640576,9.245565e-30
640577,0.0
640578,0.0
640579,0.0
640580,0.0
640581,0.0
640582,0.0
640583,0.0
640584,0.0
640585,0.0
640586,0.0
640587,0.0
640588,0.0
640589,0.0
640590,0.0
640591,0.0
640592,0.0
640593,0.0
640594,0.0
640595,0.0
640596,0.0
640597,0.0
640598,0.0
640599,0.0
640600,0.0
640601,0.0
640602,0.0
640603,0.0
640604,0.0
640605,0.0
640606,0.0
640607,0.0
640608,0.0
640609,0.0
640610,0.0
640611,0.0
640612,0.0
640613,0.0
640614,0.0
640615,0.0
640616,0.0
640617,0.0
640618,0.0
640619,0.0
640620,0.0
640621,0.0
640622,0.0
640623,0.0
640624,0.0
640625,0.0
640626,0.0
640627,0.0
640628,0.0
640629,0.0
640630,0.0
640631,0.0
640632,0.0
640633,0.0
640634,0.0
640635,0.0
640636,0.0
640637,0.0
640638,0.0
640639,0.0
640640,0.0
640641,0.0
640642,0.0
640643,0.0
640644,0.0
640645,0.0
640646,0.0
640647,0.0
640648,0.0
640649,0.0
640650,0.0
640651,0.0
640652,0.0
640653,0.0
640654,0.0
640655,0.0
640656,0.0
640657,0.0
640658,0.0
640659,0.0
640660,0.0
640661,0.0
640662,0.0
640663,0.0
640664,0.0
640665,0.0
640666,0.0
640667,0.0
640668,0.0
640669,0.0
640670,0.0
640671,0.0
640672,0.0
640673,0.0
640674,0.0
640675,0.0
640676,0.0
640677,0.0
640678,0.0
640679,0.0
640680,0.0
640681,0.0
640682,0.0
640683,0.0
640684,0.0
640685,0.0
640686,0.0
640687,0.0
640688,0.0
640689,0.0
640690,0.0
640691,0.0
640692,0.0
640693,0.0
640694,0.0
640695,0.0
640696,0.0
640697,0.0
640698,0.0
640699,0.0
640700,0.0
640701,0.0
640702,0.0
640703,0.0
640704,0.0
640705,0.0
640706,0.0
640707,0.0
640708,0.0
640709,0.0
640710,0.0
640711,0.0
640712,0.0
640713,0.0
640714,0.0
640715,0.0
640716,0.0
640717,0.0
640718,0.0
640719,0.0
640720,0.0
640721,0.0
640722,0.0
640723,0.0
640724,0.0
640725,0.0
640726,0.0
640727,0.0
640728,0.0
640729,0.0
640730,0.0
640731,0.0
640732,0.0
640733,0.0
640734,0.0
640735,0.0
640736,0.0
640737,0.0
640738,2.4892545e-38
640739,0.0
640740,0.0
640741,0.0
640742,0.0
640743,0.0
640744,0.0
640745,0.0
640746,0.0
640747,0.0
640748,0.0
640749,0.0
640750,0.0
640751,0.0
640752,0.0
640753,0.0
640754,0.0
640755,0.0
640756,0.0
640757,0.0
640758,0.0
640759,0.0
640760,0.0
640761,0.0
640762,0.0
640763,0.0
640764,0.0
640765,0.0
640766,0.0
640767,0.0
640768,0.0
640769,0.0
640770,0.0
640771,0.0
640772,0.0
640773,0.0
640774,0.0
640775,0.0
640776,0.0
640777,0.0
640778,0.0
640779,0.0
640780,0.0
640781,0.0
640782,0.0
640783,0.0
640784,0.0
640785,0.0
640786,0.0
640787,0.0
640788,0.0
640789,0.0
640790,0.0
640791,0.0
640792,0.0
640793,0.0
640794,0.0
640795,0.0
640796,0.0
640797,0.0
640798,0.0
640799,0.0
640800,0.0
640801,0.0
640802,0.0
640803,0.0
640804,0.0
640805,0.0
640806,0.0
640807,0.0
640808,0.0
640809,0.0
640810,0.0
640811,0.0
640812,0.0
640813,0.0
640814,0.0
640815,0.0
640816,0.0
640817,0.0
640818,0.0
640819,0.0
640820,0.0
640821,0.0
640822,0.0
640823,0.0
640824,0.0
640825,0.0
640826,0.0
640827,0.0
640828,2.0442331e-38
640829,0.0
640830,0.0
640831,0.0
640832,0.0
640833,0.0
640834,0.0
640835,0.0
640836,0.0
640837,0.0
640838,0.0
640839,0.0
640840,0.0
640841,0.0
640842,0.0
640843,0.0
640844,0.0
640845,0.0
640846,0.0
640847,0.0
640848,0.0
640849,0.0
640850,0.0
640851,0.0
640852,0.0
640853,0.0
640854,0.0
640855,0.0
640856,0.0
640857,0.0
640858,0.0
640859,0.0
640860,0.0
640861,0.0
640862,0.0
640863,0.0
640864,0.0
640865,0.0
640866,0.0
640867,0.0
640868,0.0
640869,0.0
640870,0.0
640871,0.0
640872,0.0
640873,0.0
640874,0.0
640875,0.0
640876,0.0
640877,0.0
640878,0.0
640879,0.0
640880,0.0
640881,0.0
640882,0.0
640883,0.0
640884,0.0
640885,0.0
640886,0.0
640887,0.0
640888,0.0
640889,0.0
640890,0.0
640891,0.0
640892,0.0
640893,0.0
640894,0.0
640895,0.0
640896,0.0
640897,0.0
640898,0.0
640899,0.0
640900,1.6536036e-14
640901,0.0
640902,0.0
640903,0.0
640904,0.0
640905,0.0
640906,0.0
640907,0.0
640908,0.0
640909,0.0
640910,0.0
640911,0.0
640912,0.0
640913,0.0
640914,0.0
640915,0.0
640916,0.0
640917,0.0
640918,0.0
640919,0.0
640920,0.0
640921,0.0
640922,0.0
640923,0.0
640924,0.0
640925,0.0
640926,0.0
640927,0.0
640928,0.0
640929,0.0
640930,0.0
640931,0.0
640932,0.0
640933,0.0
640934,0.0
640935,0.0
640936,0.0
640937,0.0
640938,0.0
640939,0.0
640940,0.0
640941,0.0
640942,0.0
640943,0.0
640944,0.0
640945,0.0
640946,0.0
640947,0.0
640948,0.0
640949,0.0
640950,0.0
640951,0.0
640952,0.0
640953,0.0
640954,0.0
640955,0.0
640956,0.0
640957,0.0
640958,0.0
640959,0.0
640960,0.00018231965
640961,0.0
640962,0.0
640963,0.0
640964,0.0
640965,0.0
640966,0.0
640967,0.0
640968,0.0
640969,0.0
640970,0.0
640971,0.0
640972,0.0
640973,0.0
640974,0.0
640975,0.0
640976,0.0
640977,0.0
640978,0.0
640979,0.0
640980,0.0
640981,0.0
640982,0.0
640983,0.0
640984,0.0
640985,0.0
640986,0.0
640987,0.0
640988,0.0
640989,0.0
640990,0.0
640991,0.0
640992,0.0
640993,0.0
640994,0.0
640995,0.0
640996,0.0
640997,0.0
640998,0.0
640999,0.0
641000,0.0
641001,0.0
641002,0.0
641003,0.0
641004,0.0
641005,0.0
641006,0.0
641007,0.0
641008,0.0
641009,0.0
641010,0.36242384
641011,0.0
641012,0.0
641013,0.0
641014,0.0
641015,0.0
641016,0.0
641017,0.0
641018,0.0
641019,0.0
641020,0.0
641021,0.0
641022,0.0
641023,0.0
641024,0.0
641025,0.0
641026,0.0
641027,0.0
641028,0.0
641029,0.0
641030,0.0
641031,0.0
641032,0.0
641033,0.0
641034,0.0
641035,0.0
641036,0.0
641037,0.0
641038,0.0
641039,0.0
641040,0.0
641041,0.0
641042,0.0
641043,0.0
641044,0.0
641045,0.0
641046,0.0
641047,0.0
641048,0.0
641049,0.0
641050,0.0
641051,0.0
641052,0.0
641053,0.0
641054,0.0
641055,0.0
641056,0.0
641057,0.0
641058,0.0
641059,0.0
641060,0.0
641061,0.0
641062,0.0
641063,0.0
641064,0.0
641065,0.0
641066,0.0
641067,0.0
641068,0.0
641069,0.0
641070,4.478375e-37
641071,0.0
641072,0.0
641073,0.0
641074,0.0
641075,0.0
641076,0.0
641077,0.0
641078,0.0
641079,0.0
641080,0.0
641081,0.0
641082,0.0
641083,0.0
641084,0.0
641085,3.5996048e-35
641086,0.0
641087,0.0
641088,0.0
641089,0.0
641090,0.0
641091,0.0
641092,0.0
641093,0.0
641094,0.0
641095,0.0
641096,0.0
641097,0.0
641098,0.0
641099,0.0
641100,0.0
641101,0.0
641102,0.0
641103,0.0
641104,0.0
641105,0.0
641106,0.0
641107,0.0
641108,0.0
641109,0.0
641110,0.0
641111,0.0
641112,0.0
641113,0.0
641114,0.0
641115,0.0
641116,0.0
641117,0.0
641118,0.0
641119,0.0
641120,0.0
641121,0.0
641122,0.0
641123,0.0
641124,0.0
641125,0.0
641126,0.0
641127,0.0
641128,0.0
641129,0.0
641130,0.0
641131,0.0
641132,0.0
641133,0.0
641134,0.0
641135,0.0
641136,0.0
641137,0.0
641138,0.0
641139,0.0
641140,0.0
641141,0.0
641142,0.0
641143,0.0
641144,0.0
641145,0.0
641146,0.0
641147,0.0
641148,0.0
641149,0.0
641150,0.0
641151,0.0
641152,0.0
641153,0.0
641154,0.0
641155,0.0
641156,0.0
641157,0.0
641158,0.0
641159,0.0
641160,0.0001010035
641161,0.0
641162,0.0
641163,0.0
641164,0.0
641165,0.0
641166,0.0
641167,0.0
641168,0.0
641169,0.0
641170,0.0
641171,0.0
641172,0.0
641173,0.0
641174,0.0
641175,0.0
641176,0.0
641177,0.0
641178,0.0
641179,0.0
641180,0.0
641181,0.0
641182,0.0
641183,0.0
641184,0.0
641185,0.0
641186,0.0
641187,0.0
641188,0.0
641189,0.0
641190,0.0
641191,0.0
641192,0.0
641193,0.0
641194,0.0
641195,0.0
641196,0.0
641197,0.0
641198,0.0
641199,0.0
641200,0.0
641201,0.0
641202,0.0
641203,0.0
641204,0.0
641205,0.0
641206,0.0
641207,0.0
641208,0.0
641209,0.0
641210,0.0
641211,0.0
641212,0.0
641213,0.0
641214,0.0
641215,0.0
641216,0.0
641217,0.0
641218,0.0
641219,0.0
641220,0.0
641221,0.0
641222,0.0
641223,0.0
641224,0.0
641225,0.0
641226,0.0
641227,0.0
641228,0.0
641229,0.0
641230,4.2277407e-26
641231,0.0
641232,0.0
641233,0.0
641234,0.0
641235,0.0
641236,0.0
641237,0.0
641238,0.0
641239,0.0
641240,0.0
641241,0.0
641242,0.0
641243,0.0
641244,0.0
641245,0.0
641246,0.0
641247,0.0
641248,0.0
641249,0.0
641250,0.0
641251,0.0
641252,0.0
641253,0.0
641254,0.0
641255,0.0
641256,0.0
641257,0.0
641258,0.0
641259,0.0
641260,0.0
641261,0.0
641262,0.0
641263,0.0
641264,0.0
641265,0.0
641266,0.0
641267,0.0
641268,4.8484722e-36
641269,0.0
641270,0.0
641271,0.0
641272,0.0
641273,0.0
641274,0.0
641275,0.0
641276,0.0
641277,0.0
641278,0.0
641279,0.0
641280,0.0
641281,0.0
641282,0.0
641283,0.0
641284,0.0
641285,0.0
641286,0.0
641287,0.0
641288,0.0
641289,0.026698617
641290,0.0
641291,0.0
641292,0.0
641293,0.0
641294,0.0
641295,0.0
641296,0.0
641297,0.0
641298,0.0
641299,0.0
641300,0.0
641301,0.0
641302,0.0
641303,0.0
641304,0.0
641305,0.0
641306,0.0
641307,0.0
641308,0.0
641309,0.0
641310,0.0
641311,0.0
641312,0.0
641313,0.0
641314,0.0
641315,0.0
641316,0.0
641317,0.0
641318,0.0
641319,0.0
641320,0.0
641321,0.0
641322,0.0
641323,0.0
641324,0.0
641325,0.0
641326,0.0
641327,0.0
641328,0.0
641329,0.0
641330,0.0
641331,0.0
641332,0.0
641333,0.0
641334,0.0
641335,0.0
641336,0.0
641337,0.0
641338,0.0
641339,0.0
641340,0.0
641341,0.0
641342,0.0
641343,0.0
641344,0.0
641345,0.0
641346,0.0
641347,0.0
641348,0.0
641349,0.0
641350,0.0
641351,0.0
641352,0.0
641353,0.0
641354,0.0
641355,0.0
641356,0.0
641357,0.0
641358,5.4759985e-15
641359,0.0
641360,0.0
641361,3.196386e-24
641362,0.0
641363,0.0
641364,0.36242384
641365,0.0
641366,0.0
641367,0.0
641368,0.0
641369,0.0
641370,0.0
641371,0.0
641372,0.0
641373,0.0
641374,0.0
641375,0.0
641376,0.0
641377,0.0
641378,0.0
641379,0.0
641380,0.0
641381,0.0
641382,0.0
641383,0.0
641384,0.0
641385,0.0
641386,3.6908596e-36
641387,0.0
641388,0.0
641389,0.0
641390,0.0
641391,0.0
641392,0.0
641393,0.0
641394,0.0
641395,0.0
641396,0.0
641397,0.0
641398,0.0
641399,0.0
641400,0.0
641401,0.0
641402,0.0
641403,0.0
641404,0.0
641405,0.0
641406,0.0
641407,0.0
641408,0.0
641409,0.0
641410,0.0
641411,0.0
641412,0.0
641413,0.0
641414,0.0
641415,0.0
641416,0.0
641417,0.0
641418,0.0
641419,0.0
641420,0.0
641421,0.0
641422,0.0
641423,0.0
641424,0.0
641425,0.0
641426,0.0
641427,0.0
641428,0.0
641429,0.0
641430,0.0
641431,0.0
641432,0.0
641433,0.0
641434,0.0
641435,0.0
641436,0.0
641437,0.0
641438,0.0
641439,0.0
641440,0.0
641441,0.0
641442,0.0
641443,0.0
641444,0.0
641445,0.0
641446,0.0
641447,0.0
641448,0.0
641449,0.0
641450,0.0
641451,0.0
641452,0.0
641453,0.0
641454,0.0
641455,0.0
641456,0.0
641457,0.0
641458,0.0
641459,0.0
641460,0.0
641461,0.0
641462,0.0
641463,0.0
641464,0.0
641465,0.0
641466,0.0
641467,0.0
641468,0.0
641469,0.0
641470,0.0
641471,0.0
641472,0.0
641473,0.0
641474,0.0
641475,0.0
641476,0.0
641477,0.0
641478,0.0
641479,0.0
641480,0.0
641481,0.0
641482,0.0
641483,0.0
641484,0.0
641485,0.0
641486,0.0
641487,0.0
641488,0.0
641489,0.0
641490,0.0
641491,0.0
641492,0.0
641493,0.0
641494,0.0
641495,0.0
641496,0.0
641497,0.0
641498,0.0
641499,0.0
641500,0.0
641501,0.0
641502,0.0
641503,0.0
641504,0.0
641505,0.0
641506,0.0
641507,0.0
641508,0.0
641509,0.0
641510,0.0
641511,0.0
641512,0.0
641513,0.0
641514,0.0
641515,0.0
641516,0.0
641517,0.0
641518,0.0
641519,0.0
641520,0.0
641521,0.0
641522,0.0
641523,0.0
641524,0.0
641525,0.0
641526,0.0
641527,0.0
641528,0.0
641529,0.0
641530,0.0
641531,0.36242384
641532,0.0
641533,0.0
641534,0.0
641535,0.0
641536,0.0
641537,0.0
641538,0.0
641539,0.0
641540,0.0
641541,0.0
641542,0.0
641543,0.0
641544,0.0
641545,0.0
641546,0.0
641547,0.0
641548,0.0
641549,0.0
641550,0.0
641551,0.0
641552,0.0
641553,0.0
641554,0.0
641555,0.0
641556,0.0
641557,0.0
641558,0.0
641559,0.0
641560,0.0
641561,0.0
641562,0.0
641563,0.0
641564,0.0
641565,0.0
641566,0.0
641567,0.0
641568,0.0
641569,0.0
641570,0.0
641571,0.0
641572,0.0
641573,0.0
641574,0.0
641575,0.0
641576,0.0
641577,0.0
641578,0.0
641579,0.0
641580,0.0
641581,0.0
641582,0.0
641583,0.0
641584,0.0
641585,0.0
641586,0.0
641587,0.0
641588,0.0
641589,0.0
641590,0.0
641591,0.0
641592,0.0
641593,0.0
641594,0.0
641595,0.0
641596,0.0
641597,0.0
641598,0.0
641599,0.0
641600,0.0
641601,0.0
641602,0.0
641603,0.0
641604,0.0
641605,0.0
641606,0.0
641607,0.0
641608,0.0
641609,0.0
641610,0.0
641611,0.0
641612,0.0
641613,0.0
641614,0.0
641615,0.0
641616,0.0
641617,0.0
641618,0.0
641619,0.0
641620,0.0
641621,0.0
641622,0.0
641623,0.0
641624,0.0
641625,0.0
641626,0.0
641627,0.0
641628,0.0
641629,0.0
641630,0.0
641631,0.0
641632,0.0
641633,0.0
641634,0.0
641635,0.0
641636,0.0
641637,0.0
641638,0.0
641639,0.0
641640,0.0
641641,0.0
641642,0.0
641643,0.0
641644,0.0
641645,0.0
641646,0.0
641647,0.0
641648,0.0
641649,0.0
641650,0.0
641651,0.0
641652,0.0
641653,0.0
641654,0.0
641655,0.0
641656,0.0011621276
641657,0.0
641658,0.0
641659,0.0
641660,0.0
641661,0.0
641662,0.0
641663,0.0
641664,0.0
641665,0.0
641666,0.0
641667,0.0
641668,0.0
641669,0.0
641670,0.0
641671,0.0
641672,0.0
641673,0.0
641674,0.0
641675,0.0
641676,0.0
641677,0.0
641678,0.0
641679,0.0
641680,0.0
641681,0.0
641682,0.0
641683,0.0
641684,0.0
641685,0.0
641686,0.0
641687,0.0
641688,0.0
641689,0.0
641690,0.0
641691,0.0
641692,0.0
641693,0.0
641694,0.0
641695,0.0
641696,0.0
641697,0.0
641698,0.0
641699,0.0
641700,0.0
641701,0.0
641702,0.0
641703,0.0
641704,0.0
641705,0.0
641706,0.0
641707,0.0
641708,0.0
641709,0.0
641710,0.0
641711,0.0
641712,0.0
641713,0.0
641714,0.0
641715,0.0
641716,0.0
641717,0.0
641718,0.0
641719,0.0
641720,0.0
641721,0.0
641722,0.0
641723,0.0
641724,0.0
641725,0.0
641726,0.0
641727,0.0
641728,0.0
641729,0.0
641730,1.5498172e-15
641731,0.0
641732,0.0
641733,0.0
641734,0.0
641735,0.0
641736,0.0
641737,0.0
641738,0.0
641739,0.0
641740,0.0
641741,0.0
641742,0.0
641743,0.0
641744,0.0
641745,0.0
641746,0.0
641747,0.0
641748,0.0
641749,0.0
641750,0.0
641751,0.0
641752,0.0
641753,0.0
641754,0.0
641755,0.0
641756,0.0
641757,0.0
641758,0.0
641759,0.0
641760,0.0
641761,0.0
641762,0.0
641763,0.0
641764,0.0
641765,0.0
641766,2.5775747e-13
641767,0.0
641768,0.0
641769,0.0
641770,0.0
641771,0.0
641772,0.0
641773,0.0
641774,0.0
641775,0.0
641776,0.0
641777,0.0
641778,0.0
641779,0.0
641780,0.0
641781,0.0
641782,0.0
641783,0.0
641784,0.0
641785,0.0
641786,0.0
641787,0.0
641788,0.0
641789,0.0
641790,0.0
641791,0.0
641792,0.0
641793,0.0
641794,0.0
641795,0.0
641796,0.0
641797,0.0
641798,0.0
641799,0.0
641800,0.0
641801,0.0
641802,0.0
641803,0.0
641804,0.0
641805,0.0
641806,0.0
641807,0.0
641808,0.0
641809,0.0
641810,0.0
641811,0.0
641812,0.0
641813,0.0
641814,0.0
641815,0.0
641816,0.0
641817,0.0
641818,0.0
641819,0.0
641820,0.0
641821,0.0
641822,0.0
641823,0.0
641824,0.0
641825,0.0
641826,0.0
641827,0.0
641828,0.0
641829,0.0
641830,0.0
641831,0.0
641832,0.0
641833,0.0
641834,0.0
641835,0.36242384
641836,0.0
641837,0.0
641838,0.0
641839,0.0
641840,0.0
641841,0.0
641842,0.0
641843,0.0
641844,0.0
641845,0.0
641846,0.0
641847,0.0
641848,0.0
641849,0.0
641850,0.0
641851,0.0
641852,0.0
641853,0.0
641854,0.0
641855,0.0
641856,0.0
641857,0.0
641858,0.0
641859,0.0
641860,0.0
641861,0.0
641862,0.0
641863,0.0
641864,0.0
641865,0.0
641866,0.0
641867,0.0
641868,0.0
641869,0.0
641870,0.0
641871,0.0
641872,0.0
641873,0.0
641874,0.0
641875,0.0
641876,0.0
641877,0.0
641878,0.0
641879,0.0
641880,0.0
641881,0.0
641882,0.0
641883,0.0
641884,0.0
641885,0.0
641886,0.0
641887,0.0
641888,0.0
641889,0.0
641890,0.0
641891,0.0
641892,0.0
641893,0.0
641894,0.0
641895,0.0
641896,0.0
641897,0.0
641898,0.0
641899,0.0
641900,0.0
641901,0.0
641902,0.0
641903,0.0
641904,0.0
641905,0.0
641906,0.0
641907,0.0
641908,0.0
641909,0.0
641910,0.0
641911,0.0
641912,0.0
641913,0.0
641914,0.0
641915,0.0
641916,0.0
641917,0.0
641918,0.0
641919,0.0
641920,0.0
641921,6.670712e-14
641922,0.0
641923,0.0
641924,0.0
641925,0.0
641926,0.0
641927,0.0
641928,0.0
641929,0.0
641930,0.0
641931,0.0
641932,0.0
641933,0.0
641934,0.0
641935,0.0
641936,0.0
641937,0.0
641938,0.0
641939,0.0
641940,0.0
641941,0.0
641942,0.0
641943,0.0
641944,0.0
641945,0.0
641946,0.0
641947,0.0
641948,0.0
641949,0.0
641950,0.0
641951,0.0
641952,0.0
641953,0.0
641954,0.0
641955,0.0
641956,0.0
641957,0.0
641958,0.0
641959,0.0
641960,0.0
641961,0.0
641962,0.0
641963,0.0
641964,0.0
641965,0.0
641966,0.0
641967,0.0
641968,0.0
641969,0.0
641970,0.0
641971,0.0
641972,0.0
641973,0.0
641974,0.0
641975,0.0
641976,0.0
641977,0.0
641978,0.0
641979,1.4711185e-18
641980,0.0
641981,0.0
641982,0.0
641983,0.0
641984,0.0
641985,0.0
641986,0.0
641987,0.0
641988,0.0
641989,0.0
641990,0.0
641991,0.0
641992,0.0
641993,0.0
641994,0.0
641995,0.0
641996,0.0
641997,0.0
641998,0.0
641999,0.0
642000,0.0
642001,0.0
642002,0.0
642003,2.4466847e-29
642004,0.0
642005,0.0
642006,0.0
642007,0.0
642008,0.0
642009,0.0
642010,0.0
642011,0.0
642012,0.0
642013,0.0
642014,0.0
642015,0.0
642016,0.0
642017,0.0
642018,0.0
642019,0.0
642020,0.0
642021,0.0
642022,0.0
642023,0.0
642024,0.0
642025,0.0
642026,0.0
642027,0.0
642028,0.0
642029,0.0
642030,0.0
642031,0.0
642032,0.0
642033,0.0
642034,0.57332414
642035,0.0
642036,0.0
642037,0.0
642038,0.0
642039,0.0
642040,0.0
642041,0.0
642042,0.0
642043,0.0
642044,0.0
642045,0.0
642046,0.0
642047,0.0
642048,0.0
642049,0.0
642050,0.0
642051,0.0
642052,0.0
642053,0.0
642054,0.0
642055,0.0
642056,0.0
642057,0.0
642058,0.0
642059,0.0
642060,0.0
642061,0.0
642062,0.0
642063,0.0
642064,0.0
642065,0.0
642066,0.0
642067,0.0
642068,0.0
642069,0.0
642070,0.0
642071,0.0
642072,0.0
642073,0.0
642074,1.3297912e-24
642075,0.0
642076,0.0
642077,0.0
642078,0.0
642079,0.0
642080,0.0
642081,0.0
642082,0.0
642083,0.0
642084,0.0
642085,0.0
642086,0.0
642087,0.0
642088,0.0
642089,0.0
642090,0.0
642091,0.0
642092,0.0
642093,0.0
642094,0.0
642095,0.0
642096,0.0
642097,0.0
642098,0.0
642099,0.0
642100,0.0
642101,0.0
642102,0.0
642103,0.0
642104,0.0
642105,0.0
642106,0.0
642107,0.0
642108,0.0
642109,0.0
642110,0.0
642111,0.0
642112,0.0
642113,0.0
642114,0.0
642115,0.0
642116,0.0
642117,0.0
642118,0.0
642119,0.0
642120,0.0
642121,0.0
642122,0.0
642123,0.0
642124,0.0
642125,0.0
642126,0.0
642127,0.0
642128,0.0
642129,0.0
642130,0.0
642131,0.0
642132,0.0
642133,0.0
642134,0.0
642135,0.0
642136,0.0
642137,0.0
642138,0.0
642139,0.0
642140,0.0
642141,0.0
642142,0.0
642143,0.0
642144,0.0
642145,0.0
642146,0.0
642147,0.0
642148,0.0
642149,0.0
642150,0.0
642151,0.0
642152,0.0
642153,0.0
642154,0.0
642155,0.0
642156,0.0
642157,0.0
642158,0.0
642159,0.0
642160,0.0
642161,0.0
642162,0.07034536
642163,0.0
642164,0.0
642165,0.0
642166,0.0
642167,0.0
642168,0.0
642169,0.0
642170,0.0
642171,0.0
642172,0.0
642173,0.0
642174,0.0
642175,0.0
642176,0.0
642177,0.0
642178,0.0
642179,0.0
642180,0.0
642181,0.0
642182,0.0
642183,0.0
642184,0.0
642185,0.0
642186,0.0
642187,0.0
642188,0.0
642189,0.0
642190,0.0
642191,0.0
642192,0.0
642193,0.0
642194,0.0
642195,0.0
642196,0.0
642197,0.0
642198,0.0
642199,0.0
642200,0.0
642201,0.0
642202,0.0
642203,0.0
642204,0.0
642205,0.0
642206,0.0
642207,0.0
642208,0.0
642209,0.0
642210,0.0
642211,0.0
642212,0.0
642213,0.0
642214,0.0
642215,0.0
642216,0.0
642217,0.0
642218,1.7516484e-17
642219,0.0
642220,0.0
642221,0.0
642222,0.0
642223,0.0
642224,0.0
642225,0.0
642226,0.0
642227,0.0
642228,0.0
642229,0.0
642230,0.0
642231,0.0
642232,0.0
642233,0.0
642234,0.0
642235,0.0
642236,0.0
642237,0.0
642238,0.0
642239,0.0
642240,0.0
642241,0.0
642242,0.0
642243,0.0
642244,0.0
642245,0.0
642246,0.0
642247,0.0
642248,0.0
642249,0.0
642250,0.0
642251,0.0
642252,0.0
642253,0.0
642254,0.0
642255,0.0
642256,0.0
642257,0.0
642258,0.0
642259,0.0
642260,0.0
642261,0.0
642262,0.0
642263,0.0
642264,0.0
642265,0.0
642266,0.0
642267,3.9196672e-19
642268,0.0
642269,0.0
642270,0.0
642271,0.0
642272,0.0
642273,0.0
642274,0.0
642275,0.0
642276,0.0
642277,0.0
642278,0.0
642279,0.0
642280,0.0
642281,0.0
642282,0.0
642283,0.0
642284,0.0
642285,0.0
642286,0.0
642287,0.0
642288,0.0
642289,0.0
642290,0.0
642291,0.0
642292,0.0
642293,0.0
642294,0.0
642295,0.0
642296,0.0
642297,0.0
642298,0.0
642299,0.0
642300,0.0
642301,0.0
642302,0.0
642303,0.0
642304,0.0
642305,0.0
642306,0.0
642307,0.0
642308,0.0
642309,0.0
642310,0.0
642311,0.0
642312,0.0
642313,0.0
642314,0.0
642315,0.0
642316,0.0
642317,0.0
642318,0.0
642319,0.0
642320,0.0
642321,0.0
642322,0.0
642323,0.0
642324,0.0
642325,0.0
642326,0.0
642327,0.0
642328,0.0
642329,0.0
642330,0.0
642331,0.0
642332,0.0
642333,0.0
642334,0.0
642335,0.0
642336,0.0
642337,0.0
642338,0.0
642339,0.0
642340,0.0
642341,0.0
642342,0.0
642343,0.0
642344,0.0
642345,0.0
642346,0.0
642347,0.0
642348,0.0
642349,0.0
642350,0.0
642351,0.0
642352,0.0
642353,0.0
642354,0.0
642355,0.0
642356,0.0
642357,0.0
642358,0.0
642359,0.0
642360,0.0
642361,0.0
642362,0.0
642363,0.0
642364,0.0
642365,0.0
642366,0.0
642367,0.0
642368,0.0
642369,0.0
642370,0.0
642371,0.0
642372,0.0
642373,0.0
642374,0.0
642375,0.0
642376,0.0
642377,0.0
642378,0.0
642379,0.0
642380,0.0
642381,0.0
642382,0.0
642383,0.0
642384,0.0
642385,0.0
642386,0.0
642387,0.0
642388,0.0
642389,0.0
642390,0.0
642391,0.0
642392,0.0
642393,0.0
642394,0.0
642395,0.0
642396,0.0
642397,0.0
642398,0.0
642399,0.0
642400,0.0
642401,0.0
642402,0.0
642403,0.0
642404,0.0
642405,0.0
642406,0.0
642407,0.0
642408,0.0
642409,0.0
642410,0.0
642411,0.0
642412,0.0
642413,0.0
642414,0.0
642415,0.0
642416,0.0
642417,0.0
642418,0.0
642419,0.0
642420,0.0
642421,0.0
642422,0.0
642423,0.0
642424,0.0
642425,0.0
642426,0.0
642427,0.0
642428,0.0
642429,0.0
642430,0.0
642431,0.0
642432,0.0
642433,0.0
642434,0.0
642435,0.0
642436,0.0
642437,0.0
642438,0.0
642439,0.0
642440,0.0
642441,0.0
642442,0.0
642443,0.0
642444,0.0
642445,0.0
642446,0.0
642447,0.0
642448,0.0
642449,0.0
642450,0.0
642451,0.0
642452,1.6177022e-06
642453,0.0
642454,0.0
642455,0.0
642456,0.0
642457,0.0
642458,0.0
642459,0.0
642460,0.0
642461,0.0
642462,0.0
642463,0.0
642464,0.0
642465,0.0
642466,0.0
642467,0.0
642468,0.0
642469,0.0
642470,0.0
642471,0.0
642472,5.0521705e-11
642473,0.0
642474,0.0
642475,0.0
642476,0.0
642477,0.0
642478,0.0
642479,0.0
642480,0.0
642481,0.0
642482,0.0
642483,0.0
642484,0.0
642485,0.0
642486,0.0
642487,0.0
642488,0.0
642489,0.0
642490,0.0
642491,0.0
642492,0.0
642493,0.0
642494,0.0
642495,0.0
642496,0.0
642497,0.0
642498,0.0
642499,0.0
642500,0.0
642501,0.0
642502,0.0
642503,0.0
642504,0.0
642505,0.0
642506,0.0
642507,0.0
642508,0.0
642509,0.0
642510,0.0
642511,0.0
642512,0.0
642513,0.0
642514,0.0
642515,0.0
642516,0.0
642517,0.0
642518,0.0
642519,0.0
642520,0.0
642521,0.0
642522,0.0
642523,0.0
642524,0.0
642525,0.0
642526,0.0
642527,0.0
642528,0.0
642529,0.0
642530,0.0
642531,0.0
642532,0.0
642533,0.0
642534,0.0
642535,0.0
642536,0.0
642537,0.0
642538,0.0
642539,0.0
642540,0.0
642541,0.0
642542,0.0
642543,0.0
642544,0.0
642545,0.0
642546,0.0
642547,0.0
642548,0.0
642549,0.0
642550,0.0
642551,0.0
642552,0.0
642553,0.0
642554,0.0
642555,0.0
642556,0.0
642557,0.0
642558,0.0
642559,0.0
642560,0.0
642561,0.0
642562,0.0
642563,0.0
642564,0.0
642565,0.0
642566,0.0
642567,0.0
642568,0.0
642569,0.0
642570,0.0
642571,0.0
642572,0.0
642573,0.0
642574,0.0
642575,0.0
642576,0.0
642577,0.0
642578,0.0
642579,0.0
642580,0.0
642581,0.0
642582,0.0
642583,0.0
642584,0.0
642585,0.0
642586,0.0
642587,0.0
642588,0.0
642589,0.0
642590,0.0
642591,0.0
642592,0.0
642593,0.0
642594,0.0
642595,0.0
642596,0.0
642597,0.0
642598,0.0
642599,0.0
642600,0.0
642601,0.0
642602,0.0
642603,9.638563e-11
642604,0.0
642605,0.0
642606,0.0
642607,0.0
642608,0.0
642609,0.0
642610,0.0
642611,0.0
642612,0.0
642613,0.0
642614,0.0
642615,0.0
642616,0.0
642617,0.0
642618,0.0
642619,0.0
642620,0.0
642621,0.0
642622,0.0
642623,0.0
642624,0.0
642625,0.0
642626,0.0
642627,0.0
642628,0.0
642629,0.0
642630,0.0
642631,0.0
642632,0.0
642633,0.0
642634,0.0
642635,0.0
642636,0.0
642637,0.0
642638,0.0
642639,0.0
642640,0.0
642641,0.0
642642,0.0
642643,0.0
642644,0.0
642645,0.0
642646,0.0
642647,0.0
642648,0.0
642649,0.0
642650,0.0
642651,0.0
642652,0.0
642653,0.0
642654,0.0
642655,0.0
642656,0.0
642657,0.0
642658,0.0
642659,0.0
642660,0.0
642661,0.0
642662,0.0
642663,0.0
642664,0.0
642665,0.0
642666,0.0
642667,0.0
642668,0.0
642669,0.0
642670,0.0
642671,0.0
642672,0.0
642673,0.0
642674,0.0
642675,0.0
642676,0.0
642677,0.0
642678,0.0
642679,0.0
642680,0.0
642681,0.0
642682,0.0
642683,0.0
642684,0.0
642685,0.0
642686,0.0
642687,0.0
642688,0.0
642689,0.0
642690,0.0
642691,0.0
642692,0.0
642693,0.0
642694,0.0
642695,0.0
642696,0.0
642697,0.0
642698,0.0
642699,0.0
642700,0.0
642701,0.0
642702,0.0
642703,0.0
642704,0.0
642705,0.0
642706,0.0
642707,0.0
642708,0.0
642709,0.0
642710,0.0
642711,0.0
642712,0.0
642713,0.0
642714,0.0
642715,0.0
642716,0.0
642717,0.0
642718,0.0
642719,0.0
642720,0.0
642721,0.0
642722,0.0
642723,0.0
642724,0.0
642725,0.0
642726,0.0
642727,0.0
642728,0.0
642729,0.0
642730,0.0
642731,0.0
642732,0.0
642733,0.0
642734,0.0
642735,0.0
642736,0.0
642737,0.0
642738,0.0
642739,0.0
642740,0.0
642741,0.0
642742,0.0
642743,0.0
642744,0.0
642745,0.0
642746,0.0
642747,0.0
642748,0.0
642749,0.0
642750,0.0
642751,0.0
642752,0.0
642753,0.0
642754,0.0
642755,0.0
642756,0.0
642757,0.0
642758,0.0
642759,0.0
642760,0.0
642761,0.0
642762,0.0
642763,0.0
642764,0.0
642765,0.0
642766,0.0
642767,0.0
642768,0.0
642769,0.0
642770,0.0
642771,0.0
642772,0.0
642773,0.0
642774,0.0
642775,0.0
642776,0.0
642777,0.0
642778,0.0
642779,0.0
642780,0.0
642781,0.0
642782,0.0
642783,0.0
642784,0.0
642785,0.0
642786,0.0
642787,0.0
642788,0.0
642789,0.0
642790,0.0
642791,0.0
642792,0.0
642793,0.0
642794,0.0
642795,0.0
642796,0.0
642797,0.0
642798,0.0
642799,0.0
642800,0.0
642801,0.0
642802,0.0
642803,0.0
642804,0.0
642805,0.0
642806,0.0
642807,0.0
642808,0.0
642809,0.0
642810,0.0
642811,0.0
642812,0.0
642813,0.0
642814,0.0
642815,0.0
642816,0.0
642817,0.0
642818,0.0
642819,0.0
642820,0.0
642821,0.0
642822,0.0
642823,0.0
642824,0.0
642825,0.0
642826,0.0
642827,0.0
642828,0.0
642829,0.0
642830,0.0
642831,0.0
642832,0.0
642833,0.0
642834,0.0
642835,0.0
642836,0.0
642837,0.0
642838,0.0
642839,0.0
642840,0.0
642841,0.0
642842,0.0
642843,0.0
642844,0.0
642845,0.0
642846,9.089449e-13
642847,0.0
642848,0.0
642849,0.0
642850,0.0
642851,0.0
642852,0.0
642853,0.0
642854,0.0
642855,0.0
642856,0.0
642857,0.0
642858,0.0
642859,0.0
642860,0.0
642861,0.0
642862,0.0
642863,0.0
642864,0.0
642865,0.0
642866,0.0
642867,0.0
642868,0.0
642869,0.0
642870,0.0
642871,0.0
642872,0.0
642873,0.0
642874,0.0
642875,0.0
642876,0.0
642877,0.0
642878,0.0
642879,0.0
642880,0.0
642881,0.0
642882,0.0
642883,0.0
642884,0.0
642885,0.0
642886,0.0
642887,0.0
642888,0.0
642889,0.0
642890,0.0
642891,0.0
642892,0.0
642893,0.0
642894,0.0
642895,0.0
642896,0.0
642897,0.0
642898,0.0
642899,0.0
642900,0.0
642901,0.0
642902,0.0
642903,0.0
642904,0.0
642905,0.0
642906,0.0
642907,0.0
642908,0.0
642909,0.0
642910,0.0
642911,0.0
642912,0.0
642913,0.0
642914,0.0
642915,0.0
642916,0.0
642917,0.0
642918,0.0
642919,0.0
642920,0.0
642921,0.0
642922,0.0
642923,0.0
642924,0.0
642925,0.0
642926,0.0
642927,0.0
642928,0.0
642929,0.0
642930,0.0
642931,0.0
642932,0.0
642933,0.0
642934,0.0
642935,0.0
642936,0.0
642937,0.0
642938,0.0
642939,0.0
642940,0.0
642941,0.0
642942,0.0
642943,0.0
642944,0.0
642945,0.0
642946,0.0
642947,0.0
642948,0.0
642949,0.0
642950,0.0
642951,0.0
642952,0.0
642953,0.0
642954,0.0
642955,0.0
642956,0.0
642957,0.0
642958,0.0
642959,0.0
642960,0.0
642961,0.0
642962,0.0
642963,0.0
642964,0.0
642965,0.0
642966,0.0
642967,0.0
642968,0.0
642969,0.0
642970,0.0
642971,0.0
642972,0.0
642973,0.0
642974,0.0
642975,0.0
642976,0.0
642977,0.0
642978,0.0
642979,0.0
642980,0.0
642981,0.0
642982,0.0
642983,0.0
642984,0.0
642985,0.0
642986,0.0
642987,0.0
642988,0.0
642989,0.0
642990,0.0
642991,0.0
642992,0.0
642993,0.0
642994,0.0
642995,0.0
642996,0.0
642997,0.0
642998,0.0
642999,0.0
643000,0.0
643001,0.0
643002,0.0
643003,0.0
643004,0.0
643005,0.0
643006,0.0
643007,0.0
643008,0.0
643009,0.0
643010,0.0
643011,0.0
643012,0.0
643013,0.0
643014,6.6382267e-23
643015,0.0
643016,0.0
643017,0.0
643018,0.0
643019,0.0
643020,0.0
643021,0.0
643022,0.0
643023,0.0
643024,0.0
643025,0.0
643026,0.0
643027,0.0
643028,0.0
643029,0.0
643030,0.0
643031,0.0
643032,0.0
643033,0.0
643034,0.0
643035,0.0
643036,0.0
643037,0.0
643038,0.0
643039,0.0
643040,0.0
643041,0.0
643042,0.0
643043,0.0
643044,0.0
643045,0.0
643046,0.0
643047,0.0
643048,0.0
643049,0.0
643050,0.0
643051,0.0
643052,0.0
643053,0.0
643054,0.0
643055,0.0
643056,0.0
643057,0.0
643058,0.0
643059,0.0
643060,0.0
643061,0.0
643062,0.0
643063,0.0
643064,0.0
643065,0.0
643066,0.0
643067,0.0
643068,0.0
643069,0.0
643070,0.0
643071,0.0
643072,0.0
643073,0.0
643074,0.0
643075,0.0
643076,0.0
643077,0.0
643078,0.0
643079,0.0
643080,0.0
643081,0.0
643082,0.0
643083,0.0
643084,0.0
643085,0.0
643086,0.0
643087,0.0
643088,0.0
643089,0.0
643090,6.547926e-34
643091,0.0
643092,0.0
643093,0.0
643094,0.0
643095,0.0
643096,0.0
643097,0.0
643098,0.0
643099,0.0
643100,0.0
643101,0.0
643102,0.0
643103,0.0
643104,0.0
643105,0.0
643106,0.0
643107,0.0
643108,0.0
643109,0.0
643110,0.0
643111,0.0
643112,0.0
643113,0.0
643114,0.0
643115,0.0
643116,0.0
643117,0.0
643118,1.0563959e-30
643119,0.0
643120,0.0
643121,0.0
643122,0.0
643123,0.0
643124,0.0
643125,0.0
643126,0.0
643127,0.0
643128,0.0
643129,0.0
643130,0.0
643131,0.0
643132,0.0
643133,0.0
643134,0.0
643135,0.0
643136,0.0
643137,0.0
643138,0.0
643139,0.0
643140,0.0
643141,0.0
643142,0.0
643143,0.0
643144,0.0
643145,0.0
643146,0.0
643147,0.0
643148,0.0
643149,0.0
643150,0.0
643151,0.0
643152,0.0
643153,0.0
643154,0.0
643155,0.0
643156,1.27737115e-23
643157,0.0
643158,0.0
643159,0.0
643160,0.0
643161,0.0
643162,0.0
643163,0.0
643164,0.0
643165,0.0
643166,0.0
643167,0.0
643168,0.0
643169,0.0
643170,0.0
643171,0.0
643172,0.0
643173,0.0
643174,0.0
643175,0.0
643176,0.0
643177,0.0
643178,0.0
643179,0.0
643180,0.0
643181,0.0
643182,0.0
643183,0.0
643184,0.0
643185,0.0
643186,0.0
643187,0.0
643188,0.0
643189,0.0
643190,0.0
643191,0.0
643192,0.0
643193,0.0
643194,0.0
643195,0.0
643196,0.0
643197,0.0
643198,0.0
643199,0.0
643200,0.0
643201,0.0
643202,0.0
643203,0.0
643204,0.0
643205,0.0
643206,0.0
643207,0.0
643208,0.0
643209,0.0
643210,0.0
643211,0.0
643212,0.0
643213,0.0
643214,0.0
643215,0.0
643216,0.0
643217,0.0
643218,0.0
643219,0.0
643220,0.0
643221,0.0
643222,0.0
643223,0.0
643224,0.0
643225,0.0
643226,0.0
643227,0.0
643228,0.0
643229,0.0
643230,0.0
643231,0.0
643232,0.0
643233,0.0
643234,0.0
643235,0.0
643236,0.0
643237,0.0
643238,0.0
643239,0.0
643240,0.0
643241,0.0
643242,0.0
643243,0.0
643244,7.50003e-24
643245,0.0
643246,0.0
643247,0.0
643248,0.0
643249,0.0
643250,0.0
643251,0.0
643252,0.0
643253,0.0
643254,0.0
643255,0.0
643256,0.0
643257,0.0
643258,0.0
643259,0.0
643260,0.0
643261,0.0
643262,0.0
643263,0.0
643264,0.0
643265,0.0
643266,0.0
643267,0.0
643268,0.0
643269,0.0
643270,0.0
643271,0.0
643272,0.0
643273,0.0
643274,0.0
643275,0.0
643276,0.0
643277,0.0
643278,0.0
643279,0.0
643280,0.0
643281,0.0
643282,0.0
643283,0.0
643284,0.0
643285,0.0
643286,0.0
643287,0.0
643288,0.0
643289,0.0
643290,0.0
643291,0.0
643292,0.0
643293,0.0
643294,0.0
643295,0.0
643296,0.0
643297,0.0
643298,0.0
643299,0.0
643300,0.0
643301,0.0
643302,0.0
643303,0.0
643304,0.0
643305,0.0
643306,0.0
643307,0.0
643308,0.0
643309,0.0
643310,0.0
643311,0.0
643312,0.0
643313,0.0
643314,0.0
643315,0.0
643316,0.0
643317,0.0
643318,0.0
643319,0.0
643320,0.0
643321,0.0
643322,0.0
643323,0.0
643324,0.0
643325,0.0
643326,0.0
643327,0.0
643328,0.0
643329,0.0
643330,0.0
643331,7.5469485e-33
643332,0.0
643333,0.0
643334,0.0
643335,0.0
643336,0.0
643337,0.0
643338,0.0
643339,0.0
643340,0.0
643341,0.0
643342,0.0
643343,0.0
643344,0.0
643345,0.0
643346,0.0
643347,0.0
643348,0.0
643349,0.0
643350,0.0
643351,0.0
643352,0.0
643353,0.0
643354,0.0
643355,0.0
643356,0.0
643357,0.0
643358,0.0
643359,0.0
643360,0.0
643361,0.0
643362,0.0
643363,0.0
643364,0.0
643365,0.0
643366,0.0
643367,0.0
643368,0.0
643369,0.0
643370,0.0
643371,0.0
643372,0.0
643373,0.0
643374,0.0
643375,0.0
643376,0.0
643377,0.0
643378,0.0
643379,0.0
643380,0.0
643381,0.0
643382,0.0
643383,0.0
643384,0.0
643385,0.0
643386,0.0
643387,0.0
643388,0.0
643389,0.0
643390,0.0
643391,0.0
643392,0.0
643393,0.0
643394,0.0
643395,0.0
643396,0.0
643397,0.0
643398,0.0
643399,0.0
643400,0.0
643401,0.0
643402,0.0
643403,0.0
643404,0.0
643405,0.0
643406,0.0
643407,0.0
643408,0.0
643409,0.0
643410,0.0
643411,0.0
643412,0.0
643413,0.0
643414,0.0
643415,0.0
643416,0.0
643417,0.0
643418,0.0
643419,0.0
643420,0.0
643421,0.0
643422,0.0
643423,0.0
643424,0.0
643425,0.0
643426,0.0
643427,0.0
643428,0.0
643429,0.0
643430,0.0
643431,0.0
643432,0.36242384
643433,0.0
643434,0.0
643435,0.0
643436,0.0
643437,0.0
643438,0.0
643439,0.0
643440,0.0
643441,0.0
643442,0.0
643443,0.0
643444,0.0
643445,0.0
643446,0.0
643447,0.0
643448,0.0
643449,0.0
643450,0.0
643451,0.0
643452,0.0
643453,0.0
643454,0.0
643455,0.0
643456,0.0
643457,0.0
643458,0.0
643459,0.0
643460,0.0
643461,0.0
643462,0.0
643463,0.0
643464,0.0
643465,0.0
643466,0.0
643467,0.0
643468,0.0
643469,0.0
643470,0.0
643471,0.0
643472,0.0
643473,0.0
643474,0.0
643475,0.0
643476,0.0
643477,0.0
643478,0.0
643479,0.0
643480,0.0
643481,0.0
643482,0.0
643483,0.0
643484,0.0
643485,0.0
643486,0.0
643487,0.0
643488,0.0
643489,0.0
643490,0.0
643491,0.0
643492,0.0
643493,0.0
643494,0.0
643495,0.0
643496,0.0
643497,0.0
643498,0.0
643499,0.0
643500,0.0
643501,0.0
643502,0.0
643503,0.0
643504,0.0
643505,0.0
643506,0.0
643507,0.0
643508,0.0
643509,0.0
643510,0.0
643511,0.0
643512,0.0
643513,0.0
643514,0.0
643515,0.0
643516,0.0
643517,0.0
643518,0.0
643519,0.0
643520,0.0
643521,0.0
643522,0.0
643523,0.0
643524,0.0
643525,0.0
643526,0.0
643527,0.0
643528,0.0
643529,0.0
643530,0.0
643531,0.0
643532,0.0
643533,0.0
643534,0.0
643535,0.0
643536,0.0
643537,0.0
643538,0.0
643539,0.0
643540,0.0
643541,0.0
643542,0.0
643543,0.0
643544,0.0
643545,0.0
643546,0.0
643547,0.0
643548,0.0
643549,0.0
643550,0.0
643551,0.0
643552,0.0
643553,0.0
643554,0.0
643555,0.0
643556,0.0
643557,0.0
643558,0.0
643559,0.0
643560,0.0
643561,0.0
643562,0.0
643563,0.0
643564,0.0
643565,0.0
643566,0.0
643567,0.0
643568,0.0
643569,0.0
643570,0.0
643571,0.0
643572,0.0
643573,0.0
643574,0.0
643575,0.0
643576,0.0
643577,0.0
643578,0.0
643579,0.0
643580,0.0
643581,0.0
643582,0.0
643583,0.0
643584,0.0
643585,0.0
643586,0.0
643587,0.0
643588,0.0
643589,0.0
643590,0.0
643591,0.0
643592,0.0
643593,0.0
643594,0.0
643595,0.0
643596,0.0
643597,0.0
643598,0.0
643599,0.0
643600,0.0
643601,0.0
643602,0.0
643603,0.0
643604,0.0
643605,0.0
643606,0.0
643607,0.0
643608,0.0
643609,0.0
643610,0.0
643611,0.0
643612,0.0
643613,0.0
643614,0.0
643615,0.0
643616,0.0
643617,0.0
643618,0.0
643619,0.0
643620,0.0
643621,0.0
643622,0.0
643623,0.0
643624,0.0
643625,0.0
643626,0.0
643627,0.0
643628,0.0
643629,0.0
643630,0.0
643631,0.0
643632,0.0
643633,0.0
643634,0.0
643635,1.3787196e-38
643636,0.0
643637,0.0
643638,0.0
643639,0.0
643640,0.0
643641,0.0
643642,0.0
643643,0.0
643644,0.0
643645,0.0
643646,0.0
643647,0.0
643648,0.0
643649,0.0
643650,0.0
643651,0.0
643652,0.0
643653,0.0
643654,0.0
643655,0.0
643656,0.0
643657,0.0
643658,0.0
643659,0.0
643660,0.0
643661,0.0
643662,0.0
643663,0.0
643664,0.0
643665,0.0
643666,0.0
643667,0.0
643668,0.0
643669,0.0
643670,0.0
643671,0.0
643672,0.0
643673,0.0
643674,0.0
643675,0.0
643676,0.0
643677,0.0
643678,0.0
643679,0.0
643680,0.0
643681,0.0
643682,0.0
643683,1.5926442e-25
643684,0.0
643685,0.0
643686,0.0
643687,0.0
643688,0.0
643689,0.0
643690,0.0
643691,0.0
643692,0.0
643693,0.0
643694,0.0
643695,0.0
643696,0.0
643697,0.0
643698,0.0
643699,0.0
643700,0.0
643701,0.0
643702,0.0
643703,0.0
643704,0.0
643705,0.0
643706,0.0
643707,0.0
643708,0.0
643709,0.0
643710,0.0
643711,0.0
643712,0.0
643713,0.0
643714,0.0
643715,0.0
643716,0.0
643717,0.0
643718,0.0
643719,0.0
643720,0.0
643721,0.0
643722,0.0
643723,0.0
643724,0.0
643725,0.0
643726,0.0
643727,0.0
643728,0.0
643729,0.0
643730,0.0
643731,0.0
643732,0.0
643733,0.0
643734,0.0
643735,0.0
643736,0.0
643737,0.0
643738,0.0
643739,0.0
643740,0.0
643741,0.0
643742,0.0
643743,0.0
643744,0.0
643745,0.0
643746,0.0
643747,0.0
643748,0.0
643749,0.0
643750,0.0
643751,0.0
643752,0.0
643753,0.0
643754,0.0
643755,0.0
643756,0.0
643757,0.0
643758,0.0
643759,0.0
643760,0.0
643761,0.0
643762,0.0
643763,0.0
643764,0.0
643765,0.0
643766,0.0
643767,0.0
643768,0.0
643769,0.0
643770,0.0
643771,0.0
643772,0.0
643773,0.0
643774,0.0
643775,0.020340104
643776,0.0
643777,0.0
643778,0.0
643779,0.0
643780,0.0
643781,0.0
643782,0.0
643783,0.0
643784,0.0
643785,0.0
643786,0.0
643787,0.0
643788,0.0
643789,0.0
643790,0.0
643791,0.0
643792,0.0
643793,0.0
643794,0.0
643795,0.0
643796,0.0
643797,0.0
643798,0.0
643799,0.0
643800,0.0
643801,0.0
643802,0.0
643803,0.0
643804,0.0
643805,0.0
643806,0.0
643807,0.0
643808,0.0
643809,0.0
643810,0.0
643811,0.0
643812,0.0
643813,0.0
643814,0.0
643815,0.0
643816,0.0
643817,0.0
643818,0.0
643819,0.0
643820,0.0
643821,0.0
643822,0.0
643823,0.0
643824,0.0
643825,0.0
643826,0.0
643827,0.0
643828,0.0
643829,0.0
643830,0.0
643831,0.0
643832,0.0
643833,0.0
643834,0.0
643835,0.0
643836,0.0
643837,0.0
643838,0.0
643839,0.0
643840,0.0
643841,0.0
643842,0.0
643843,0.0
643844,0.0
643845,0.0
643846,0.0
643847,0.0
643848,0.0
643849,0.0
643850,0.0
643851,0.0
643852,0.0
643853,0.0
643854,0.0
643855,2.040411e-35
643856,0.0
643857,0.0
643858,0.0
643859,0.0
643860,0.0
643861,7.9729833e-35
643862,0.0
643863,0.0
643864,0.0
643865,0.0
643866,0.0
643867,0.0
643868,0.0
643869,0.0
643870,0.0
643871,0.0
643872,0.0
643873,0.0
643874,0.0
643875,0.0
643876,0.0
643877,0.0
643878,0.0
643879,0.0
643880,0.0
643881,0.0
643882,0.0
643883,0.0
643884,0.0
643885,0.0
643886,0.0
643887,0.0
643888,0.0
643889,0.0
643890,0.0
643891,0.0
643892,0.0
643893,0.0
643894,0.0
643895,0.0
643896,0.0
643897,0.0
643898,0.0
643899,0.0
643900,0.0
643901,5.517973e-17
643902,0.0
643903,0.0
643904,0.0
643905,0.0
643906,0.0
643907,0.0
643908,0.0
643909,0.0
643910,0.0
643911,0.0
643912,0.0
643913,0.0
643914,0.0
643915,0.0
643916,0.0
643917,0.0
643918,0.0
643919,0.0
643920,0.0
643921,0.0
643922,0.0
643923,0.0
643924,0.0
643925,0.0
643926,0.0
643927,0.0
643928,0.0
643929,0.0
643930,0.0
643931,0.0
643932,0.0
643933,0.0
643934,0.0
643935,0.0
643936,0.0
643937,0.0
643938,0.0
643939,0.0
643940,0.0
643941,0.0
643942,0.0
643943,0.0
643944,0.0
643945,0.0
643946,0.0
643947,0.0
643948,0.0
643949,0.0
643950,0.0
643951,0.0
643952,0.0
643953,0.0
643954,0.0
643955,0.0
643956,0.0
643957,0.0
643958,0.0
643959,0.0
643960,0.0
643961,0.0
643962,0.0
643963,0.0
643964,0.0
643965,0.0
643966,0.0
643967,0.0
643968,0.0
643969,0.0
643970,0.0
643971,0.0
643972,0.0
643973,0.0
643974,0.0
643975,0.0
643976,0.0
643977,0.0
643978,0.0
643979,0.0
643980,0.0
643981,0.0
643982,0.0
643983,0.0
643984,0.0
643985,0.0
643986,0.0
643987,0.0
643988,0.0
643989,0.0
643990,0.0
643991,0.0
643992,0.0
643993,0.0
643994,0.0
643995,0.0
643996,0.0
643997,2.9683442e-24
643998,0.0
643999,0.0
644000,0.0
644001,0.0
644002,0.0
644003,0.0
644004,0.0
644005,0.0
644006,0.0
644007,0.0
644008,0.0
644009,0.0
644010,0.0
644011,0.0
644012,0.0
644013,0.0
644014,0.0
644015,0.0
644016,0.0
644017,0.0
644018,0.0
644019,0.0
644020,0.0
644021,0.0
644022,0.0
644023,0.0
644024,0.0
644025,0.0
644026,0.0
644027,0.0
644028,0.0
644029,0.0
644030,0.0
644031,0.0
644032,0.0
644033,0.0
644034,0.0
644035,0.0
644036,0.0
644037,0.0
644038,0.0
644039,0.0
644040,0.0
644041,0.0
644042,0.0
644043,0.0
644044,0.0
644045,0.0
644046,0.0
644047,0.0
644048,0.0
644049,0.0
644050,0.0
644051,0.0
644052,0.0
644053,3.882056e-23
644054,0.0
644055,0.0
644056,0.0
644057,0.0
644058,0.0
644059,0.0
644060,0.0
644061,0.0
644062,0.0
644063,0.0
644064,0.0
644065,0.0
644066,0.0
644067,0.0
644068,0.0
644069,0.0
644070,0.0
644071,0.0
644072,0.0
644073,0.0
644074,0.0
644075,0.0
644076,0.0
644077,0.0
644078,0.0
644079,0.0
644080,0.0
644081,0.0
644082,0.0
644083,0.0
644084,0.0
644085,0.0
644086,0.0
644087,0.0
644088,0.0
644089,0.0
644090,0.0
644091,0.0
644092,0.0
644093,0.0
644094,0.0
644095,0.0
644096,0.0
644097,0.0
644098,0.0
644099,0.0
644100,0.0
644101,0.0
644102,0.0
644103,0.0
644104,0.0
644105,0.0
644106,0.0
644107,0.0
644108,0.0
644109,0.0
644110,0.0
644111,0.0
644112,0.0
644113,0.0
644114,0.0
644115,0.0
644116,0.0
644117,0.0
644118,0.0
644119,0.0
644120,0.0
644121,0.0
644122,0.0
644123,0.0
644124,0.0
644125,0.0
644126,0.0
644127,0.0
644128,0.0
644129,0.0
644130,0.0
644131,0.0
644132,0.0
644133,0.0
644134,0.0
644135,0.0
644136,0.0
644137,0.0
644138,0.0
644139,0.0
644140,0.0
644141,0.0
644142,0.0
644143,0.0
644144,0.0
644145,0.0
644146,0.0
644147,0.0
644148,0.0
644149,0.0
644150,0.0
644151,0.0
644152,0.0
644153,0.0
644154,0.0
644155,0.0
644156,0.0
644157,0.0
644158,0.0
644159,0.0
644160,0.0
644161,0.0
644162,0.0
644163,0.0
644164,0.0
644165,0.0
644166,0.0
644167,0.0
644168,0.0
644169,0.0
644170,0.0
644171,0.0
644172,0.0
644173,0.0
644174,0.0
644175,0.0
644176,0.0
644177,0.0
644178,0.0
644179,0.0
644180,0.0
644181,0.0
644182,0.0
644183,0.0
644184,0.0
644185,0.0
644186,0.0
644187,0.0
644188,0.0
644189,0.0
644190,0.0
644191,0.0
644192,0.0
644193,0.0
644194,0.0
644195,0.0
644196,0.0
644197,0.0
644198,0.0
644199,0.0
644200,0.0
644201,0.0
644202,0.0
644203,0.0
644204,0.0
644205,0.0
644206,0.0
644207,0.0
644208,0.0
644209,0.0
644210,0.0
644211,0.0
644212,0.0
644213,0.0
644214,0.0
644215,0.0
644216,0.0
644217,0.0
644218,0.0
644219,0.0
644220,0.0
644221,0.0
644222,0.0
644223,0.0
644224,0.0
644225,0.0
644226,0.0
644227,0.0
644228,0.0
644229,0.0
644230,0.0
644231,0.0
644232,0.0
644233,0.0
644234,0.0
644235,0.0
644236,0.0
644237,0.0
644238,0.0
644239,0.0
644240,0.0
644241,0.0
644242,0.0
644243,0.0
644244,0.0
644245,0.0
644246,0.0
644247,0.0
644248,0.0
644249,0.0
644250,0.0
644251,0.0
644252,0.0
644253,0.0
644254,0.0
644255,0.0
644256,0.0
644257,0.0
644258,0.0
644259,0.0
644260,0.0
644261,0.0
644262,0.0
644263,0.0
644264,0.0
644265,0.0
644266,0.0
644267,0.0
644268,0.0
644269,0.0
644270,0.0
644271,0.0
644272,0.0
644273,0.0
644274,0.0
644275,0.0
644276,0.0
644277,0.0
644278,0.0
644279,0.0
644280,0.0
644281,0.0
644282,0.0
644283,0.0
644284,0.0
644285,0.0
644286,0.0
644287,0.0
644288,0.0
644289,0.0
644290,0.0
644291,0.0
644292,0.0
644293,0.0
644294,0.0
644295,0.0
644296,0.0
644297,0.0
644298,0.0
644299,0.0
644300,0.0
644301,0.0
644302,0.0
644303,0.0
644304,0.0
644305,0.0
644306,0.0
644307,0.0
644308,0.0
644309,0.0
644310,0.0
644311,0.0
644312,0.0
644313,0.0
644314,0.0
644315,0.0
644316,0.0
644317,0.0
644318,0.0
644319,0.0
644320,0.0
644321,0.0
644322,0.0
644323,0.0
644324,0.0
644325,0.0
644326,0.0
644327,0.0
644328,0.0
644329,0.0
644330,0.0
644331,0.0
644332,0.0
644333,0.0
644334,0.0
644335,0.0
644336,0.0
644337,0.0
644338,0.0
644339,0.0
644340,0.0
644341,0.0
644342,0.0
644343,0.0
644344,0.0
644345,0.0
644346,0.0
644347,0.0
644348,0.0
644349,0.0
644350,0.0
644351,0.0
644352,0.0
644353,0.0
644354,0.0
644355,0.0
644356,0.0
644357,0.0
644358,0.0
644359,0.0
644360,0.0
644361,0.0
644362,0.0
644363,0.0
644364,0.0
644365,0.0
644366,0.0
644367,0.0
644368,0.0
644369,0.0
644370,0.0
644371,0.0
644372,0.0
644373,0.0
644374,0.0
644375,0.0
644376,0.0
644377,0.0
644378,0.0
644379,0.0
644380,0.0
644381,0.0
644382,0.0
644383,0.0
644384,0.0
644385,0.0
644386,0.0
644387,0.0
644388,0.0
644389,0.0
644390,0.0
644391,0.0
644392,0.0
644393,0.0
644394,0.0
644395,0.0
644396,0.0
644397,0.0
644398,0.0
644399,0.0
644400,0.0
644401,0.0
644402,0.0
644403,0.0
644404,0.0
644405,0.0
644406,0.0
644407,0.0
644408,0.0
644409,0.0
644410,0.0
644411,0.0
644412,0.0
644413,0.0
644414,0.0
644415,0.0
644416,0.0
644417,0.0
644418,0.0
644419,0.0
644420,0.0
644421,0.0
644422,0.0
644423,0.0
644424,0.0
644425,0.0
644426,0.0
644427,0.0
644428,0.0
644429,0.0
644430,0.0
644431,0.0
644432,0.0
644433,0.0
644434,0.0
644435,0.0
644436,0.0
644437,0.0
644438,0.0
644439,0.0
644440,0.0
644441,0.0
644442,0.0
644443,0.0
644444,0.0
644445,0.0
644446,0.0
644447,0.0
644448,0.0
644449,0.0
644450,0.0
644451,0.0
644452,0.0
644453,0.0
644454,0.0
644455,0.0
644456,0.0
644457,0.0
644458,0.0
644459,0.0
644460,0.0
644461,0.0
644462,0.0
644463,0.0
644464,0.0
644465,0.0
644466,0.0
644467,0.0
644468,0.0
644469,0.0
644470,0.0
644471,0.0
644472,0.0
644473,0.0
644474,0.0
644475,0.0
644476,0.0
644477,0.0
644478,0.0
644479,0.0
644480,0.0
644481,0.0
644482,0.0
644483,0.0
644484,0.0
644485,0.0
644486,0.0
644487,0.0
644488,0.0
644489,0.0
644490,0.0
644491,0.0
644492,0.0
644493,0.0
644494,0.0
644495,0.0
644496,0.0
644497,0.0
644498,0.0
644499,0.0
644500,0.0
644501,0.0
644502,0.0
644503,0.0
644504,0.0
644505,0.0
644506,0.0
644507,0.0
644508,0.0
644509,0.0
644510,0.0
644511,0.0
644512,0.0
644513,0.0
644514,0.0
644515,0.0
644516,0.0
644517,0.0
644518,0.0
644519,0.0
644520,0.0
644521,0.0
644522,0.0
644523,0.0
644524,0.0
644525,0.0
644526,0.0
644527,0.0
644528,0.0
644529,0.0
644530,0.0
644531,0.0
644532,0.0
644533,0.0
644534,0.0
644535,0.0
644536,0.0
644537,0.0
644538,0.0
644539,0.0
644540,0.002172883
644541,0.0
644542,0.0
644543,0.0
644544,0.0
644545,0.0
644546,0.0
644547,0.0
644548,0.0
644549,0.0
644550,0.0
644551,0.0
644552,0.0
644553,0.0
644554,0.0
644555,0.0
644556,0.0
644557,0.0
644558,0.0
644559,0.0
644560,0.0
644561,0.0
644562,0.0
644563,0.0
644564,0.0
644565,0.0
644566,0.0
644567,0.0
644568,0.0
644569,0.0
644570,0.0
644571,0.0
644572,0.0
644573,0.0
644574,0.0
644575,0.0
644576,0.0
644577,0.0
644578,0.0
644579,0.0
644580,0.0
644581,0.0
644582,0.0
644583,0.0
644584,0.0
644585,0.0
644586,0.0
644587,0.0
644588,0.0
644589,0.0
644590,0.0
644591,0.0
644592,0.0
644593,0.0
644594,0.0
644595,0.0
644596,0.0
644597,0.0
644598,0.0
644599,0.0
644600,0.0
644601,0.0
644602,0.0
644603,0.0
644604,0.0
644605,0.0
644606,0.0
644607,0.0
644608,0.0
644609,0.0
644610,0.0
644611,0.0
644612,0.0
644613,0.0
644614,0.0
644615,0.0
644616,0.0
644617,0.0
644618,0.0
644619,0.0
644620,0.0
644621,0.0
644622,0.0
644623,0.0
644624,0.0
644625,0.0
644626,0.0
644627,0.0
644628,0.0
644629,0.0
644630,6.694028e-35
644631,0.0
644632,0.0
644633,0.0
644634,0.0
644635,0.0
644636,0.0
644637,0.0
644638,0.0
644639,0.0
644640,0.0
644641,0.0
644642,0.0
644643,0.0
644644,0.0
644645,0.0
644646,0.0
644647,0.0
644648,0.0
644649,0.0
644650,0.0
644651,0.0
644652,0.0
644653,0.0
644654,0.0
644655,0.0
644656,0.0
644657,0.0
644658,0.0
644659,0.0
644660,0.0
644661,0.0
644662,0.0
644663,0.0
644664,0.0
644665,0.0
644666,0.0
644667,0.0
644668,0.0
644669,0.0
644670,0.0
644671,0.0
644672,0.0
644673,0.0
644674,0.0
644675,0.0
644676,0.0
644677,0.0
644678,0.0
644679,0.0
644680,0.0
644681,0.0
644682,0.0014886864
644683,0.0
644684,0.0
644685,0.0
644686,0.0
644687,0.0
644688,0.0
644689,0.0
644690,0.0
644691,0.0
644692,0.0
644693,0.0
644694,0.0
644695,0.0
644696,0.0
644697,0.0
644698,0.0
644699,0.0
644700,0.0
644701,0.0
644702,0.0
644703,0.0
644704,0.0
644705,0.0
644706,0.0
644707,0.0
644708,0.0
644709,0.0
644710,0.0
644711,0.0
644712,0.0
644713,0.0
644714,0.0
644715,0.0
644716,0.0
644717,0.0
644718,0.0
644719,0.0
644720,0.0
644721,0.0
644722,0.0
644723,0.0
644724,0.0
644725,0.0
644726,0.0
644727,0.0
644728,0.0
644729,0.0
644730,0.0
644731,0.0
644732,4.3675957e-30
644733,0.0
644734,0.0
644735,0.0
644736,0.0
644737,0.0
644738,0.0
644739,0.0
644740,0.0
644741,0.0
644742,0.0
644743,0.0
644744,0.0
644745,0.0
644746,0.0
644747,0.0
644748,0.0
644749,0.0
644750,0.0
644751,0.0
644752,0.0
644753,0.0
644754,0.0
644755,0.0
644756,0.0
644757,0.0
644758,0.0
644759,0.0
644760,0.0
644761,0.0
644762,0.0
644763,0.0
644764,1.393745e-35
644765,0.0
644766,0.0
644767,0.0
644768,0.0
644769,0.0
644770,0.0
644771,0.0
644772,0.0
644773,0.0
644774,0.0
644775,0.16660845
644776,0.0
644777,0.0
644778,0.0
644779,0.0
644780,0.0
644781,0.0
644782,0.0
644783,0.0
644784,0.0
644785,0.0
644786,0.0
644787,0.0
644788,0.0
644789,0.0
644790,0.0
644791,0.0
644792,0.088859275
644793,0.0
644794,0.0
644795,0.0
644796,0.0
644797,0.0
644798,0.0
644799,0.0
644800,0.0
644801,0.0
644802,0.0
644803,0.0
644804,0.0
644805,0.0
644806,0.0
644807,0.0
644808,0.0
644809,0.0
644810,0.0
644811,0.0
644812,0.0
644813,0.0
644814,0.0
644815,0.0
644816,0.0
644817,0.0
644818,0.0
644819,0.0
644820,0.0
644821,0.0
644822,0.0
644823,0.0
644824,0.0
644825,0.0
644826,0.0
644827,0.0
644828,0.0
644829,0.0
644830,0.0
644831,0.0
644832,0.0
644833,0.0
644834,0.0
644835,0.0
644836,0.0
644837,0.0
644838,0.0
644839,0.0
644840,0.0
644841,0.0
644842,0.0
644843,0.0
644844,0.0
644845,0.0
644846,0.0
644847,0.0
644848,0.0
644849,0.0
644850,0.0
644851,0.0
644852,0.0
644853,0.0
644854,0.0
644855,0.0
644856,0.0
644857,0.0
644858,0.0
644859,0.0
644860,0.0
644861,0.0
644862,0.0
644863,0.0
644864,0.0
644865,0.0
644866,0.0
644867,0.0
644868,0.0
644869,0.0
644870,0.0
644871,0.0
644872,0.0
644873,0.0
644874,0.0
644875,0.0
644876,0.0
644877,0.0
644878,0.0
644879,0.0
644880,0.0
644881,0.0
644882,0.0
644883,0.0
644884,0.0
644885,0.0
644886,0.0
644887,0.0
644888,0.0
644889,0.0
644890,0.0
644891,0.0
644892,0.0
644893,0.0
644894,0.0
644895,0.0
644896,0.0
644897,0.0
644898,0.0
644899,0.0
644900,0.0
644901,0.0
644902,0.0
644903,0.0
644904,0.0
644905,0.0
644906,0.0
644907,0.0
644908,0.0
644909,0.0
644910,0.0
644911,0.0
644912,0.0
644913,0.0
644914,0.0
644915,0.0
644916,0.0
644917,0.0
644918,0.0
644919,0.0
644920,0.0
644921,0.0
644922,0.0
644923,0.0
644924,0.0
644925,0.0
644926,0.0
644927,0.0
644928,0.0
644929,0.0
644930,0.0
644931,0.0
644932,0.0
644933,0.0
644934,0.0
644935,0.0
644936,0.0
644937,0.0
644938,0.0
644939,0.0
644940,0.0
644941,0.0
644942,0.0
644943,0.0
644944,0.0
644945,0.0
644946,0.0
644947,0.0
644948,0.0
644949,0.0
644950,0.0
644951,0.0
644952,0.0
644953,0.0
644954,0.0
644955,0.0
644956,0.0
644957,0.0
644958,0.0
644959,0.0
644960,0.0
644961,0.0
644962,0.0
644963,0.0
644964,0.0
644965,0.0
644966,0.0
644967,0.0
644968,0.0
644969,0.0
644970,0.0
644971,0.0
644972,0.0
644973,0.0
644974,0.0
644975,0.0
644976,0.0
644977,0.0
644978,0.0
644979,0.0
644980,0.0
644981,0.0
644982,0.0
644983,0.0
644984,0.0
644985,0.0
644986,0.0
644987,0.0
644988,0.0
644989,0.0
644990,0.0
644991,0.0
644992,0.0
644993,0.0
644994,0.0
644995,0.0
644996,0.0
644997,0.0
644998,0.0
644999,0.0
645000,0.0
645001,0.0
645002,0.0
645003,0.0
645004,0.0
645005,0.0
645006,0.0
645007,0.0
645008,0.0
645009,0.0
645010,0.0
645011,0.0
645012,0.0
645013,0.0
645014,0.0
645015,0.0
645016,0.0
645017,0.0
645018,0.0
645019,0.0
645020,0.0
645021,0.0
645022,0.0
645023,0.0
645024,0.0
645025,0.0
645026,0.0
645027,0.0
645028,0.0
645029,0.0
645030,0.0
645031,0.0
645032,0.0
645033,0.0
645034,0.0
645035,0.0
645036,0.0
645037,0.0
645038,0.0
645039,0.0
645040,0.0
645041,0.0
645042,0.0
645043,0.0
645044,0.0
645045,0.0
645046,0.0
645047,0.0
645048,0.0
645049,0.0
645050,0.0
645051,0.0
645052,0.0
645053,0.0
645054,0.0
645055,0.0
645056,9.6559767e-32
645057,0.0
645058,0.0
645059,0.0
645060,0.0
645061,0.0
645062,0.0
645063,0.0
645064,0.0
645065,0.0
645066,0.0
645067,0.0
645068,0.0
645069,0.0
645070,0.0
645071,0.0
645072,0.0
645073,0.0
645074,0.0
645075,0.0
645076,0.0
645077,0.0
645078,0.0
645079,0.0
645080,0.0
645081,0.0
645082,0.0
645083,0.0
645084,0.0
645085,0.0
645086,0.0
645087,0.0
645088,0.0
645089,0.0
645090,0.0
645091,0.0
645092,0.0
645093,0.0
645094,0.0
645095,0.0
645096,0.0
645097,0.0
645098,0.0
645099,0.0
645100,0.0
645101,0.0
645102,0.0
645103,0.0
645104,0.0
645105,0.0
645106,0.0
645107,0.0
645108,0.0
645109,0.0
645110,0.0
645111,0.0
645112,0.0
645113,0.0
645114,0.0
645115,0.0
645116,0.0
645117,0.0
645118,0.0
645119,0.0
645120,0.0
645121,0.0
645122,0.0
645123,4.4650534e-29
645124,0.0
645125,0.0
645126,6.264918e-36
645127,0.0
645128,0.0
645129,0.0
645130,0.0
645131,0.0
645132,0.0
645133,0.0
645134,0.0
645135,3.790291e-12
645136,0.0
645137,0.0
645138,0.0
645139,0.0
645140,0.0
645141,0.0
645142,0.0
645143,0.0
645144,0.0
645145,0.0
645146,0.0
645147,0.0
645148,0.0
645149,0.0
645150,0.0
645151,0.0
645152,0.0
645153,8.2322696e-32
645154,0.0
645155,0.0
645156,0.0
645157,0.0
645158,0.0
645159,0.0
645160,0.0
645161,0.0
645162,0.0
645163,0.0
645164,0.0
645165,0.0
645166,0.0
645167,0.0
645168,0.0
645169,0.0
645170,0.0
645171,0.0
645172,0.0
645173,0.0
645174,0.0
645175,0.0
645176,0.0
645177,0.0
645178,0.0
645179,0.0
645180,0.0
645181,0.0
645182,0.0
645183,0.0
645184,0.0
645185,0.0
645186,0.0
645187,0.0
645188,0.0
645189,0.0
645190,0.0
645191,0.0
645192,0.0
645193,0.0
645194,0.0
645195,0.0
645196,0.0
645197,0.0
645198,0.0
645199,0.0
645200,0.0
645201,0.0
645202,0.0
645203,0.0
645204,0.0
645205,0.0
645206,0.0
645207,0.0
645208,0.0
645209,0.0
645210,0.0
645211,0.0
645212,0.0
645213,0.0
645214,0.0
645215,4.453389e-08
645216,0.0
645217,0.0
645218,0.0
645219,0.0
645220,0.0
645221,0.0
645222,0.0
645223,0.0
645224,0.0
645225,0.0
645226,0.0
645227,0.0
645228,0.0
645229,0.0
645230,0.0
645231,0.0
645232,0.0
645233,0.0
645234,0.0
645235,0.0
645236,0.0
645237,0.0
645238,0.0
645239,0.0
645240,0.0
645241,0.0
645242,0.0
645243,0.0
645244,0.0
645245,0.0
645246,0.0
645247,0.0
645248,0.0
645249,0.0
645250,0.0
645251,0.0
645252,0.0
645253,0.0
645254,0.0
645255,0.0
645256,0.0
645257,0.0
645258,0.0
645259,0.0
645260,0.0
645261,0.0
645262,0.0
645263,5.19362e-14
645264,0.0
645265,0.0
645266,0.0
645267,0.0
645268,0.0
645269,0.0
645270,0.0
645271,0.0
645272,0.0
645273,0.0
645274,0.0
645275,0.0
645276,0.0
645277,0.0
645278,0.0
645279,0.0
645280,0.0
645281,0.0
645282,0.0
645283,0.0
645284,0.0
645285,0.0
645286,0.0
645287,1.2485404e-34
645288,0.0
645289,0.0
645290,0.0
645291,0.0
645292,0.0
645293,0.0
645294,0.0
645295,0.0
645296,0.0
645297,0.0
645298,0.0
645299,0.0
645300,0.0
645301,0.0
645302,0.0
645303,0.0
645304,0.0
645305,0.0
645306,0.0
645307,0.0
645308,0.0
645309,0.0
645310,0.0
645311,0.0
645312,0.0
645313,0.0
645314,0.0
645315,0.0
645316,0.0
645317,0.0
645318,0.0
645319,0.0
645320,0.0
645321,0.0
645322,0.0
645323,0.0
645324,0.0
645325,0.0
645326,0.0
645327,0.0
645328,0.0
645329,0.0
645330,0.0
645331,0.0
645332,0.0
645333,0.0
645334,0.0
645335,0.0
645336,0.0
645337,0.0
645338,0.0
645339,0.0
645340,0.0
645341,0.0
645342,0.0
645343,0.0
645344,0.0
645345,0.0
645346,0.0
645347,0.0
645348,0.0
645349,0.0
645350,0.0
645351,0.0
645352,0.0
645353,0.0
645354,0.0
645355,0.0
645356,0.0
645357,0.0
645358,0.0
645359,0.0
645360,0.0
645361,0.0
645362,0.0
645363,0.0
645364,0.0
645365,0.0
645366,0.0
645367,0.0
645368,0.0
645369,0.0
645370,0.0
645371,0.0
645372,0.0
645373,0.0
645374,0.0
645375,0.0
645376,0.0
645377,0.0
645378,0.0
645379,0.0
645380,0.0
645381,0.0
645382,0.0
645383,0.0
645384,0.0
645385,0.0
645386,0.0
645387,0.0
645388,0.0
645389,0.0
645390,0.0
645391,0.0
645392,0.0
645393,0.0
645394,0.0
645395,0.0
645396,0.0
645397,0.0
645398,0.0
645399,0.0
645400,0.0
645401,0.0
645402,0.0
645403,0.0
645404,0.0
645405,0.0
645406,0.0
645407,0.0
645408,0.0
645409,0.0
645410,0.0
645411,0.0
645412,0.0
645413,0.0
645414,0.0
645415,1.6420655e-18
645416,0.0
645417,0.0
645418,0.0
645419,0.0
645420,0.0
645421,4.2864595e-27
645422,0.0
645423,0.0
645424,0.0
645425,0.0
645426,0.0
645427,0.0
645428,0.0
645429,0.0
645430,0.0
645431,0.0
645432,0.0
645433,0.0
645434,0.0
645435,0.0
645436,0.0
645437,0.0
645438,0.0
645439,0.0
645440,0.0
645441,0.0
645442,0.0
645443,0.0
645444,0.0
645445,0.0
645446,0.0
645447,0.0
645448,0.0
645449,0.0
645450,0.0
645451,0.0
645452,0.0
645453,0.0
645454,0.0
645455,0.0
645456,0.0
645457,0.0
645458,0.0
645459,0.0
645460,0.0
645461,0.0
645462,0.0
645463,0.0
645464,0.0
645465,0.0
645466,0.0
645467,0.0
645468,0.0
645469,0.0
645470,0.0
645471,0.0
645472,0.0
645473,0.0
645474,0.0
645475,0.0
645476,0.0
645477,0.0
645478,0.0
645479,0.0
645480,0.0
645481,0.0
645482,0.0
645483,0.0
645484,0.0
645485,0.0
645486,0.0
645487,0.0
645488,0.0
645489,0.0
645490,0.0
645491,0.0
645492,0.0
645493,0.0
645494,0.0
645495,0.0
645496,0.0
645497,0.0
645498,0.0
645499,0.0
645500,0.0
645501,0.0
645502,0.0
645503,0.0
645504,0.0
645505,0.0
645506,0.0
645507,0.0
645508,0.0
645509,0.0
645510,0.0
645511,0.0
645512,0.0
645513,0.0
645514,0.0
645515,0.0
645516,0.0
645517,0.0
645518,0.0
645519,0.0
645520,0.0
645521,0.0
645522,0.0
645523,0.0
645524,0.0
645525,0.0
645526,0.0
645527,0.0
645528,0.0
645529,0.0
645530,0.0
645531,0.0
645532,0.0
645533,0.0
645534,0.0
645535,0.0
645536,0.0
645537,0.0
645538,0.0
645539,0.0
645540,0.0
645541,0.0
645542,0.0
645543,0.0
645544,0.0
645545,0.0
645546,0.0
645547,0.0
645548,0.0
645549,0.0
645550,0.0
645551,0.0
645552,0.0
645553,0.0
645554,0.0
645555,0.0
645556,0.0
645557,0.0
645558,0.0
645559,0.0
645560,0.0
645561,0.0
645562,0.0
645563,0.0
645564,0.0
645565,0.0
645566,0.0
645567,0.0
645568,0.0
645569,0.0
645570,0.0
645571,0.0
645572,0.0
645573,0.0
645574,0.0
645575,0.0
645576,0.0
645577,0.0
645578,0.0
645579,0.0
645580,2.263321e-23
645581,0.0
645582,0.0
645583,0.0
645584,0.0
645585,0.0
645586,0.0
645587,8.057609e-37
645588,0.0
645589,0.0
645590,0.0
645591,0.0
645592,0.0
645593,0.0
645594,0.0
645595,0.0
645596,0.0
645597,0.0
645598,0.0
645599,0.0
645600,0.0
645601,0.0
645602,0.0
645603,0.0
645604,0.0
645605,0.0
645606,0.0
645607,0.0
645608,0.0
645609,0.0
645610,0.0
645611,0.0
645612,0.0
645613,0.0
645614,0.0
645615,0.0
645616,0.0
645617,0.0
645618,0.0
645619,0.0
645620,0.0
645621,0.0
645622,0.0
645623,0.0
645624,0.0
645625,0.0
645626,0.0
645627,0.0
645628,0.0
645629,0.0001241085
645630,2.8594693e-23
645631,0.0
645632,0.0
645633,0.0
645634,0.0
645635,0.0
645636,0.0
645637,0.0
645638,0.0
645639,6.671537e-37
645640,0.0
645641,0.0
645642,0.0
645643,0.0
645644,0.0
645645,0.0
645646,0.0
645647,0.0
645648,0.0
645649,0.0
645650,0.0
645651,0.0
645652,0.0
645653,0.0
645654,0.0
645655,0.0
645656,0.0
645657,0.0
645658,0.0
645659,0.0
645660,0.0
645661,0.0
645662,0.0
645663,0.0
645664,0.0
645665,0.0
645666,0.0
645667,0.0
645668,0.0
645669,0.0
645670,0.0
645671,0.0
645672,0.0
645673,0.0
645674,0.0
645675,0.0
645676,0.0
645677,0.0
645678,0.0
645679,0.0
645680,0.0
645681,0.0
645682,0.0
645683,0.0
645684,0.0
645685,0.0
645686,0.0
645687,0.0
645688,0.0
645689,0.0
645690,0.0
645691,0.0
645692,0.0
645693,0.0
645694,0.0
645695,0.0
645696,0.0
645697,0.0
645698,0.0
645699,0.0
645700,0.0
645701,0.0
645702,0.0
645703,0.0
645704,0.0
645705,0.0
645706,0.0
645707,0.0
645708,0.0
645709,0.0
645710,0.0
645711,0.0
645712,0.0
645713,0.0
645714,0.0
645715,0.0
645716,0.0
645717,0.0
645718,0.0
645719,0.0
645720,0.0
645721,0.0
645722,0.0
645723,0.0
645724,0.0
645725,0.0
645726,0.0
645727,0.0
645728,0.0
645729,0.0
645730,0.0
645731,0.0
645732,0.0
645733,0.0
645734,0.0
645735,0.0
645736,0.0
645737,0.0
645738,0.0
645739,0.0
645740,0.08497346
645741,0.0
645742,0.0
645743,0.0
645744,0.0
645745,0.0
645746,0.0
645747,0.0
645748,0.0
645749,0.0
645750,0.0
645751,0.0
645752,0.0
645753,0.0
645754,0.0
645755,0.0
645756,0.0
645757,2.2173065e-34
645758,0.0
645759,0.0
645760,0.0
645761,0.0
645762,0.0
645763,0.0
645764,0.0
645765,0.0
645766,0.0
645767,0.0
645768,0.0
645769,0.0
645770,0.0
645771,0.0
645772,0.0
645773,0.0
645774,0.0
645775,0.0
645776,0.0
645777,0.0
645778,0.0
645779,0.0
645780,0.0
645781,0.0
645782,0.0
645783,0.0
645784,0.0
645785,0.0
645786,0.0
645787,0.0
645788,0.0
645789,0.0
645790,0.0
645791,0.0
645792,0.0
645793,0.0
645794,0.0
645795,0.0
645796,0.0
645797,0.0
645798,0.0
645799,0.0
645800,0.0
645801,0.0
645802,0.0
645803,0.0
645804,0.0
645805,0.0
645806,0.0
645807,0.0
645808,0.0
645809,0.0
645810,0.0
645811,0.0
645812,0.0
645813,0.0
645814,0.0
645815,0.0
645816,0.0
645817,0.0
645818,0.0
645819,0.0
645820,0.0
645821,0.0
645822,0.0
645823,0.0
645824,0.0
645825,0.0
645826,0.0
645827,0.0
645828,0.0
645829,0.0
645830,0.0
645831,0.0
645832,0.0
645833,0.0
645834,0.0
645835,0.0
645836,0.0
645837,0.0
645838,0.0
645839,0.0
645840,0.0
645841,0.0
645842,0.0
645843,5.2586196e-18
645844,0.0
645845,0.0
645846,0.0
645847,0.0
645848,0.0
645849,0.0
645850,0.0
645851,0.0
645852,0.0
645853,0.0
645854,0.0
645855,0.0
645856,0.0
645857,0.0
645858,0.0
645859,0.0
645860,0.0
645861,0.0
645862,0.0
645863,0.0
645864,0.0
645865,0.0
645866,0.0
645867,0.0
645868,0.0
645869,0.0
645870,0.0
645871,0.0
645872,0.0
645873,0.0
645874,0.0
645875,0.0
645876,0.0
645877,0.0
645878,0.0
645879,0.0
645880,0.0
645881,0.0
645882,0.0
645883,0.0
645884,0.0
645885,0.0
645886,0.0
645887,0.0
645888,0.0
645889,0.0
645890,0.0
645891,0.0
645892,0.0
645893,0.0
645894,0.0
645895,0.0
645896,0.0
645897,0.0
645898,0.0
645899,0.0
645900,0.0
645901,0.0
645902,0.0
645903,0.0
645904,0.0
645905,0.0
645906,0.0
645907,0.0
645908,0.0
645909,0.0
645910,0.0
645911,0.0
645912,0.0
645913,0.0
645914,0.0
645915,0.0
645916,0.0
645917,0.0
645918,0.0
645919,0.0
645920,0.0
645921,0.0
645922,0.0
645923,0.0
645924,0.0
645925,0.0
645926,0.0
645927,0.0
645928,0.0
645929,0.0
645930,0.0
645931,0.0
645932,0.0
645933,0.0
645934,0.0
645935,0.0
645936,0.0
645937,0.0
645938,0.0
645939,0.0
645940,0.0
645941,0.0
645942,0.0
645943,0.0
645944,0.0
645945,0.0
645946,0.0
645947,0.0
645948,0.0
645949,0.0
645950,0.0
645951,0.0
645952,0.0
645953,0.0
645954,0.0
645955,0.0
645956,0.0
645957,0.0
645958,0.0
645959,0.0
645960,0.0
645961,0.0
645962,0.0
645963,0.0
645964,0.0
645965,0.0
645966,0.0
645967,0.0
645968,0.0
645969,0.0
645970,0.0
645971,0.0
645972,0.0
645973,0.0
645974,0.0
645975,0.0
645976,0.0
645977,0.0
645978,0.0
645979,0.0
645980,0.0
645981,0.0
645982,0.0
645983,0.0
645984,0.0
645985,0.0
645986,0.0
645987,0.0
645988,0.0
645989,0.0
645990,0.0
645991,0.0
645992,0.0
645993,0.0
645994,0.0
645995,0.0
645996,0.0
645997,0.0
645998,0.0
645999,0.0
646000,0.0
646001,0.0
646002,0.0
646003,0.0
646004,0.0
646005,0.0
646006,0.0
646007,0.0
646008,0.0
646009,0.0
646010,0.0
646011,0.0
646012,0.0
646013,0.0
646014,0.0
646015,0.0
646016,0.0
646017,0.0
646018,0.0
646019,0.0
646020,0.0
646021,0.0
646022,0.0
646023,0.0
646024,0.0
646025,0.0
646026,0.0
646027,0.0
646028,0.0
646029,0.0
646030,0.0
646031,0.0
646032,0.0
646033,0.0
646034,0.0
646035,0.0
646036,0.0
646037,0.0
646038,0.0
646039,0.0
646040,0.0
646041,0.0
646042,0.0
646043,0.0
646044,0.0
646045,0.0
646046,0.0
646047,0.0
646048,0.0
646049,0.0
646050,0.0
646051,0.0
646052,0.0
646053,0.0
646054,0.0
646055,0.0
646056,0.0
646057,0.0
646058,0.0
646059,0.0
646060,0.0
646061,0.0
646062,0.0
646063,0.0
646064,0.0
646065,0.0
646066,0.0
646067,0.0
646068,0.0
646069,0.0
646070,0.0
646071,0.0
646072,0.0
646073,0.0
646074,0.0
646075,0.0
646076,0.0
646077,0.0
646078,0.0
646079,0.0
646080,0.0
646081,0.0
646082,0.0
646083,0.0
646084,0.0
646085,0.0
646086,0.0
646087,0.0
646088,0.0
646089,0.0
646090,0.0
646091,0.0
646092,0.0
646093,0.0
646094,0.0
646095,0.0
646096,0.0
646097,0.0
646098,0.0
646099,0.0
646100,0.0
646101,0.0
646102,0.0
646103,0.0
646104,0.0
646105,0.0
646106,0.0
646107,0.0
646108,0.0
646109,0.0
646110,0.0
646111,0.0
646112,0.0
646113,0.0
646114,0.0
646115,0.0
646116,0.0
646117,0.0
646118,0.0
646119,0.0
646120,0.0
646121,0.0
646122,0.0
646123,0.0
646124,0.0
646125,0.0
646126,0.0
646127,0.0
646128,0.0
646129,0.0
646130,0.0
646131,0.0
646132,0.0
646133,0.0
646134,0.0
646135,0.0
646136,0.0
646137,0.0
646138,0.0
646139,0.0
646140,0.0
646141,0.0
646142,0.0
646143,0.0
646144,0.0
646145,0.0
646146,0.0
646147,0.0
646148,0.0
646149,0.0
646150,0.0
646151,0.0
646152,0.0
646153,0.0
646154,0.0
646155,0.0
646156,0.0
646157,0.0
646158,0.0
646159,0.0
646160,0.0
646161,0.0
646162,0.0
646163,0.0
646164,0.0
646165,0.0
646166,0.0
646167,0.0
646168,0.0
646169,0.0
646170,0.0
646171,0.0
646172,0.0
646173,0.0
646174,0.0
646175,0.0
646176,0.0
646177,0.0
646178,0.0
646179,0.0
646180,0.0
646181,0.0
646182,0.0
646183,0.0
646184,0.0
646185,0.0
646186,0.0
646187,0.0
646188,0.0
646189,0.0
646190,0.0
646191,0.0
646192,0.0
646193,0.0
646194,0.0
646195,0.0
646196,0.0
646197,0.0
646198,0.0
646199,0.0
646200,0.0
646201,0.0
646202,0.0
646203,0.0
646204,0.0
646205,0.0
646206,0.0
646207,0.0
646208,0.0
646209,0.0
646210,0.0
646211,0.0
646212,0.0
646213,0.0
646214,0.0
646215,0.0
646216,0.0
646217,0.0
646218,0.0
646219,0.0
646220,0.0
646221,0.0
646222,0.0
646223,0.0
646224,0.0
646225,0.0
646226,0.0
646227,0.0
646228,0.0
646229,0.0
646230,0.007757148
646231,0.0
646232,0.0
646233,0.0
646234,0.0
646235,0.0
646236,0.0
646237,0.0
646238,0.0
646239,0.0
646240,0.0
646241,0.0
646242,0.0
646243,0.0
646244,0.0
646245,0.0
646246,0.0
646247,0.0
646248,0.0
646249,2.2462943e-12
646250,0.0
646251,0.0
646252,0.0
646253,0.0
646254,0.0
646255,0.0
646256,0.0
646257,0.0
646258,0.0
646259,0.0
646260,0.0
646261,0.0
646262,0.0
646263,0.0
646264,0.0
646265,0.0
646266,0.0
646267,0.0
646268,0.0
646269,0.0
646270,0.0
646271,0.0
646272,0.0
646273,0.0
646274,0.0
646275,0.0
646276,0.0
646277,0.0
646278,0.0
646279,0.0
646280,0.0
646281,0.0
646282,0.0
646283,0.0
646284,0.0
646285,0.0
646286,0.0
646287,0.0
646288,0.0
646289,0.0
646290,0.0
646291,0.0
646292,0.0
646293,0.0
646294,0.0
646295,0.0
646296,0.0
646297,0.0
646298,0.0
646299,0.0
646300,0.0
646301,0.0
646302,0.0
646303,0.0
646304,0.0
646305,0.0
646306,0.0
646307,0.0
646308,0.0
646309,0.0
646310,0.0
646311,0.0
646312,0.0
646313,0.0
646314,0.0
646315,0.0
646316,0.0
646317,0.0
646318,0.0
646319,0.0
646320,0.0
646321,0.0
646322,0.0
646323,0.0
646324,0.0
646325,0.0
646326,0.0
646327,0.0
646328,0.0
646329,0.0
646330,0.0
646331,0.0
646332,0.0
646333,0.0
646334,0.0
646335,0.0
646336,0.0
646337,0.0
646338,0.0
646339,0.0
646340,0.0
646341,0.0
646342,0.0
646343,0.0
646344,0.0
646345,0.0
646346,0.0
646347,0.0
646348,0.0
646349,0.0
646350,0.0
646351,0.0
646352,0.0
646353,0.0
646354,0.0
646355,0.0
646356,0.0
646357,0.0
646358,0.0
646359,0.0
646360,0.0
646361,0.0
646362,0.0
646363,0.0
646364,0.0
646365,0.0
646366,0.0
646367,0.0
646368,0.0
646369,0.0
646370,0.0
646371,0.0
646372,0.0
646373,0.0
646374,0.0
646375,0.0
646376,0.0
646377,0.0
646378,0.0
646379,0.0
646380,0.0
646381,0.0
646382,0.0
646383,0.0
646384,0.0
646385,0.0
646386,0.0
646387,0.0
646388,0.0
646389,0.0
646390,0.0
646391,0.0
646392,0.0
646393,0.0
646394,0.0
646395,2.328793e-19
646396,0.0
646397,0.0
646398,0.0
646399,0.0
646400,0.0
646401,0.0
646402,0.0
646403,0.0
646404,0.0
646405,0.0
646406,0.0
646407,0.0
646408,0.0
646409,0.0
646410,0.0
646411,0.0
646412,0.0
646413,0.0
646414,0.0
646415,0.0
646416,0.0
646417,0.0
646418,0.0
646419,0.0
646420,0.0
646421,0.0
646422,0.0
646423,0.0
646424,0.0
646425,0.0
646426,0.0
646427,0.0
646428,0.0
646429,0.0
646430,0.0
646431,0.0
646432,0.0
646433,0.0
646434,0.0
646435,0.0
646436,0.0
646437,0.0
646438,0.0
646439,0.0
646440,0.0
646441,0.0
646442,0.0
646443,0.0
646444,0.0
646445,0.0
646446,0.0
646447,0.0
646448,0.0
646449,0.0
646450,0.0
646451,0.0
646452,0.0
646453,0.0
646454,0.0
646455,0.0
646456,0.0
646457,0.0
646458,0.0
646459,0.0
646460,0.0
646461,0.0
646462,0.0
646463,0.0
646464,0.0
646465,0.0
646466,0.0
646467,0.0
646468,0.0
646469,0.0
646470,0.0
646471,0.0
646472,0.0
646473,0.0
646474,0.0
646475,0.0
646476,0.0
646477,0.0
646478,0.0
646479,0.0
646480,0.0
646481,0.0
646482,0.0
646483,0.0
646484,0.0
646485,0.0
646486,0.0
646487,0.0
646488,0.0
646489,0.0
646490,0.0
646491,0.0
646492,0.0
646493,0.0
646494,0.0
646495,0.0
646496,0.0
646497,0.0
646498,0.0
646499,0.0
646500,0.0
646501,0.0
646502,0.0
646503,0.0
646504,0.0
646505,0.0
646506,0.0
646507,0.0
646508,0.0
646509,0.0
646510,0.0
646511,0.0
646512,0.0
646513,0.0
646514,0.0
646515,0.0
646516,0.0
646517,0.0
646518,0.0
646519,0.0
646520,0.0
646521,0.0
646522,0.0
646523,0.0
646524,0.0
646525,0.0
646526,0.0
646527,0.0
646528,0.0
646529,0.0
646530,0.0
646531,0.0
646532,0.0
646533,0.0
646534,0.0
646535,0.0
646536,0.0
646537,0.0
646538,0.0
646539,0.0
646540,0.0
646541,0.0
646542,0.0
646543,0.0
646544,0.0
646545,0.0
646546,0.0
646547,0.0
646548,0.0
646549,0.0
646550,0.0
646551,0.0
646552,0.0
646553,0.0
646554,0.0
646555,0.0
646556,0.0
646557,0.0
646558,0.0
646559,0.0
646560,0.0
646561,0.0
646562,0.0
646563,0.0
646564,0.0
646565,0.0
646566,0.0
646567,0.0
646568,0.0
646569,0.0
646570,0.0
646571,0.0
646572,0.028396552
646573,0.0
646574,0.0
646575,0.0
646576,0.0
646577,0.0
646578,0.0
646579,0.0
646580,0.0
646581,0.0
646582,0.0
646583,0.0
646584,0.0
646585,0.0
646586,0.0
646587,0.0
646588,0.0
646589,0.0
646590,0.0
646591,0.0
646592,0.0
646593,0.0
646594,0.0
646595,0.0
646596,0.0
646597,0.0
646598,0.0
646599,0.0
646600,0.0
646601,0.0
646602,0.0
646603,0.0
646604,0.0
646605,0.0
646606,0.0
646607,0.0
646608,0.0
646609,0.0
646610,0.0
646611,0.0
646612,0.0
646613,0.0
646614,0.0
646615,0.0
646616,0.0
646617,0.0
646618,0.0
646619,0.0
646620,0.0
646621,0.0
646622,0.0
646623,0.0
646624,0.0
646625,0.0
646626,0.0
646627,0.0
646628,0.0
646629,0.0
646630,0.0
646631,0.0
646632,0.0
646633,0.0
646634,0.0
646635,0.0
646636,0.0
646637,0.0
646638,0.0
646639,0.0
646640,0.0
646641,0.0
646642,0.0
646643,0.0
646644,0.0
646645,0.0
646646,0.0
646647,0.0
646648,0.0
646649,0.0
646650,0.0
646651,0.0
646652,0.0
646653,0.0
646654,0.0
646655,0.0
646656,0.0
646657,0.0
646658,0.0
646659,0.0
646660,0.0
646661,0.0
646662,0.0
646663,0.0
646664,0.0
646665,0.0
646666,0.0
646667,0.0
646668,0.0
646669,0.0
646670,0.0
646671,0.0
646672,0.0
646673,0.0
646674,0.0
646675,0.0
646676,0.0
646677,0.0
646678,0.0
646679,0.0
646680,0.0
646681,0.0
646682,0.0
646683,0.0
646684,0.0
646685,0.0
646686,0.0
646687,0.0
646688,0.0
646689,0.0
646690,0.0
646691,0.0
646692,0.0
646693,0.0
646694,0.0
646695,0.0
646696,0.0
646697,0.0
646698,0.0
646699,0.0
646700,0.0
646701,0.0
646702,0.0
646703,0.0
646704,0.0
646705,0.0
646706,0.0
646707,0.0
646708,0.0
646709,0.0
646710,0.0
646711,0.0
646712,0.0
646713,0.0
646714,0.0
646715,0.0
646716,0.0
646717,0.0
646718,0.0
646719,0.0
646720,0.0
646721,0.0
646722,0.0
646723,0.0
646724,0.0
646725,0.0
646726,0.0
646727,0.0
646728,0.0
646729,0.0
646730,0.0
646731,0.0
646732,0.0
646733,0.0
646734,0.0
646735,0.0
646736,0.0
646737,1.7917662e-31
646738,0.0
646739,0.0
646740,0.0
646741,0.0
646742,0.0
646743,0.0
646744,0.0
646745,0.0
646746,0.0
646747,0.0
646748,0.0
646749,0.0
646750,0.0
646751,0.0
646752,0.0
646753,0.0
646754,3.482733e-39
646755,0.0
646756,0.0
646757,0.0
646758,0.0
646759,0.0
646760,0.0
646761,0.0
646762,0.0
646763,0.0
646764,0.0
646765,0.0
646766,0.0
646767,0.0
646768,0.0
646769,0.0
646770,0.0
646771,0.0
646772,0.0
646773,0.0
646774,0.0
646775,0.0
646776,0.0
646777,0.0
646778,0.0
646779,0.0
646780,0.0
646781,0.0
646782,0.0
646783,0.0
646784,0.0
646785,0.0
646786,0.0
646787,0.0
646788,0.0
646789,0.0
646790,0.0
646791,0.0
646792,0.0
646793,0.0
646794,0.0
646795,0.0
646796,0.0
646797,0.0
646798,0.0
646799,0.0
646800,0.0
646801,0.0
646802,0.0
646803,0.0
646804,0.0
646805,0.0
646806,0.0
646807,0.0
646808,0.0
646809,0.0
646810,0.0
646811,0.0
646812,0.0
646813,0.0
646814,0.0
646815,0.0
646816,6.167454e-38
646817,0.0
646818,0.0
646819,0.0
646820,0.0
646821,0.0
646822,0.0
646823,0.0
646824,0.0
646825,0.0
646826,0.0
646827,0.0
646828,0.11771241
646829,0.0
646830,0.0
646831,0.0
646832,0.0
646833,0.0
646834,0.0
646835,0.0
646836,0.0
646837,0.0
646838,0.0
646839,0.0
646840,0.0
646841,0.0
646842,0.0
646843,0.0
646844,0.0
646845,0.0
646846,6.1532955e-05
646847,0.0
646848,0.0
646849,0.0
646850,1.0663746e-33
646851,0.0
646852,0.0
646853,0.0
646854,0.0
646855,0.0
646856,0.0
646857,0.0
646858,0.0
646859,0.0
646860,0.0
646861,0.0
646862,0.0
646863,0.0
646864,0.0
646865,0.0
646866,0.0
646867,0.0
646868,0.0
646869,0.0
646870,0.0
646871,0.0
646872,0.0
646873,0.0
646874,0.0
646875,0.0
646876,0.0
646877,0.0
646878,1.1885871e-27
646879,0.0
646880,0.0
646881,0.0
646882,0.0
646883,0.0
646884,0.0
646885,0.0
646886,0.0
646887,0.0
646888,0.0
646889,0.0
646890,0.0
646891,0.0
646892,0.0
646893,0.0
646894,0.0
646895,0.0
646896,0.0
646897,0.0
646898,0.0
646899,0.0
646900,0.0
646901,0.0
646902,0.0
646903,0.0
646904,0.0
646905,0.0
646906,0.0
646907,0.0
646908,0.0
646909,0.0
646910,0.0
646911,0.0
646912,0.0
646913,0.0
646914,0.0
646915,0.0
646916,0.0
646917,0.0
646918,0.0
646919,0.0
646920,0.0
646921,0.0
646922,0.0
646923,0.0
646924,0.0
646925,0.0
646926,0.0
646927,0.0
646928,0.0
646929,0.0
646930,0.0
646931,0.0
646932,0.0
646933,0.0
646934,0.0
646935,0.0
646936,0.0
646937,0.0
646938,0.0
646939,0.0
646940,0.0
646941,0.0
646942,0.0
646943,0.0
646944,0.0
646945,0.0
646946,0.0
646947,0.0
646948,0.0
646949,0.0
646950,0.0
646951,0.0
646952,0.0
646953,0.0
646954,0.0
646955,0.0
646956,0.0
646957,0.0
646958,0.0
646959,0.0
646960,0.0
646961,0.0
646962,0.0
646963,0.0
646964,0.0
646965,0.0
646966,0.0
646967,0.0
646968,0.0
646969,0.0
646970,0.0
646971,0.0
646972,0.0
646973,0.0
646974,0.0
646975,0.0
646976,0.0
646977,0.0
646978,0.0
646979,0.0
646980,0.0
646981,0.0
646982,0.0
646983,0.0
646984,0.0
646985,0.0
646986,0.0
646987,0.0
646988,0.0
646989,0.0
646990,0.0
646991,0.0
646992,0.0
646993,0.0
646994,0.0
646995,0.0
646996,0.0
646997,0.0
646998,0.0
646999,0.0
647000,0.0
647001,0.0
647002,0.0
647003,0.0
647004,0.0
647005,0.0
647006,0.0
647007,0.0
647008,0.0
647009,0.0
647010,0.0
647011,0.0
647012,0.0
647013,0.0
647014,0.0
647015,0.0
647016,0.0
647017,0.0
647018,0.0
647019,0.0
647020,0.0
647021,0.0
647022,0.0
647023,0.0
647024,0.0
647025,0.0
647026,0.0
647027,0.0
647028,0.0
647029,0.0
647030,0.0
647031,0.0
647032,0.0
647033,0.0
647034,0.0
647035,0.0
647036,0.0
647037,0.0
647038,0.0
647039,0.0
647040,0.0
647041,0.0
647042,8.855467e-28
647043,0.0
647044,0.0
647045,0.0
647046,0.0
647047,0.0
647048,0.0
647049,0.0
647050,0.0
647051,0.0
647052,0.0
647053,0.0
647054,0.0
647055,0.0
647056,0.0
647057,0.0
647058,0.0
647059,0.0
647060,0.0
647061,0.0
647062,0.0
647063,0.0
647064,0.0
647065,0.0
647066,0.0
647067,0.0
647068,0.0
647069,0.0
647070,0.0
647071,0.0
647072,0.0
647073,0.0
647074,0.0
647075,0.0
647076,0.0
647077,0.0
647078,0.0
647079,0.0
647080,0.0
647081,0.0
647082,0.0
647083,0.0
647084,0.0
647085,0.0
647086,0.0
647087,0.0
647088,0.0
647089,0.0
647090,0.0
647091,0.0
647092,0.0
647093,0.0
647094,0.0
647095,0.0
647096,0.0
647097,0.0
647098,0.0
647099,0.0
647100,0.0
647101,0.0
647102,0.0
647103,0.0
647104,0.0
647105,0.0
647106,0.0
647107,0.0
647108,0.0
647109,0.0
647110,0.0
647111,0.0
647112,0.0
647113,0.0
647114,0.0
647115,0.0
647116,0.0
647117,0.0
647118,0.0
647119,0.0
647120,0.0
647121,0.0
647122,0.0
647123,0.0
647124,0.0
647125,0.0
647126,0.0
647127,0.0
647128,0.0
647129,0.0
647130,0.0
647131,0.0
647132,0.0
647133,0.0
647134,0.0
647135,0.0
647136,0.0
647137,0.0
647138,0.0
647139,0.0
647140,0.0
647141,0.0
647142,0.0
647143,0.0
647144,0.0
647145,0.0
647146,0.0
647147,0.0
647148,0.0
647149,0.0
647150,0.0
647151,0.0
647152,0.0
647153,0.0
647154,0.0
647155,0.0
647156,0.0
647157,0.0
647158,0.0
647159,0.0
647160,0.0
647161,0.0
647162,0.0
647163,0.0
647164,0.0
647165,0.0
647166,0.0
647167,0.0
647168,0.0
647169,0.0
647170,0.0
647171,0.0
647172,0.0
647173,0.0
647174,0.0
647175,0.0
647176,0.0
647177,0.0
647178,0.0
647179,0.0
647180,0.0
647181,0.0
647182,0.0
647183,0.0
647184,0.0
647185,0.0
647186,0.0
647187,0.0
647188,0.0
647189,0.0
647190,0.0
647191,0.0
647192,0.0
647193,0.0
647194,0.0
647195,0.0
647196,0.0
647197,0.0
647198,0.0
647199,0.0
647200,0.0
647201,0.0
647202,0.0
647203,0.0
647204,0.0
647205,0.0
647206,0.0
647207,0.0
647208,0.0
647209,0.0
647210,0.0
647211,0.0
647212,0.0
647213,0.0
647214,0.0
647215,0.0
647216,0.0
647217,0.0
647218,0.0
647219,0.0
647220,0.0
647221,0.0
647222,0.0
647223,0.0
647224,0.0
647225,0.0
647226,0.0
647227,0.0
647228,0.0
647229,0.0
647230,0.0
647231,4.8679673e-29
647232,0.0
647233,0.0
647234,0.0
647235,0.0
647236,0.0
647237,0.0
647238,0.0
647239,0.0
647240,0.0
647241,0.0
647242,0.0
647243,0.0
647244,0.0
647245,0.0
647246,0.0
647247,0.0
647248,0.0
647249,0.0
647250,0.0
647251,0.0
647252,0.0
647253,0.0
647254,0.0
647255,0.0
647256,0.0
647257,0.0
647258,0.0
647259,0.0
647260,0.0
647261,0.0
647262,0.0
647263,0.0
647264,0.0
647265,0.0
647266,0.0
647267,0.0
647268,0.0
647269,0.0
647270,0.0
647271,0.0
647272,0.0
647273,0.0
647274,0.0
647275,0.0
647276,0.0
647277,0.0
647278,0.0
647279,0.0
647280,0.0
647281,0.0
647282,0.0
647283,0.0
647284,0.0
647285,0.0
647286,2.7774024e-35
647287,0.0
647288,0.0
647289,0.0
647290,0.0
647291,0.0
647292,0.0
647293,0.0
647294,0.0
647295,0.0
647296,0.0
647297,0.0
647298,0.0
647299,0.0
647300,0.0
647301,0.0
647302,0.0
647303,0.0
647304,0.0
647305,0.0
647306,0.0
647307,0.0
647308,0.0
647309,0.0
647310,0.0
647311,0.0
647312,0.0
647313,0.0
647314,0.0
647315,0.0
647316,0.0
647317,0.0
647318,0.0
647319,0.0
647320,0.0
647321,0.0
647322,0.0
647323,0.0
647324,0.0
647325,0.0
647326,0.0
647327,0.0
647328,0.0
647329,0.0
647330,0.0
647331,0.0
647332,0.0
647333,0.0
647334,0.0
647335,0.0
647336,0.0
647337,0.0
647338,0.0
647339,0.0
647340,0.0
647341,0.0
647342,0.0
647343,0.0
647344,0.0
647345,0.0
647346,0.0
647347,0.0
647348,0.0
647349,0.0
647350,0.0
647351,0.0
647352,0.0
647353,0.0
647354,0.0
647355,0.0
647356,0.0
647357,0.0
647358,0.0
647359,0.0
647360,0.0
647361,0.0
647362,0.0
647363,0.0
647364,0.0
647365,0.0
647366,0.0
647367,0.0
647368,0.0
647369,0.0
647370,8.606741e-38
647371,0.0
647372,0.0
647373,2.8908207e-19
647374,0.0
647375,0.0
647376,0.0
647377,0.0
647378,0.0
647379,0.0
647380,0.0
647381,0.0
647382,0.0
647383,0.0
647384,0.0
647385,0.0
647386,0.0
647387,0.0
647388,0.0
647389,0.0
647390,0.0
647391,0.0
647392,0.0
647393,0.0
647394,0.0
647395,0.0
647396,0.0
647397,0.0
647398,0.0
647399,0.0
647400,0.0
647401,0.0
647402,0.0
647403,0.0
647404,0.0
647405,0.0
647406,0.0
647407,0.0
647408,0.0
647409,4.435906e-28
647410,0.0
647411,0.0
647412,0.0
647413,0.0
647414,0.0
647415,0.0
647416,0.0
647417,0.0
647418,0.0
647419,0.0
647420,0.0
647421,0.0
647422,0.0
647423,0.0
647424,0.0
647425,0.0
647426,0.0
647427,0.0
647428,0.0
647429,0.0
647430,0.0
647431,0.0
647432,0.0
647433,0.0
647434,0.0
647435,0.0
647436,0.0
647437,0.0
647438,0.0
647439,0.0
647440,0.0
647441,0.0
647442,0.0
647443,0.0
647444,0.0
647445,0.0
647446,0.0
647447,0.0
647448,0.0
647449,0.0
647450,0.0
647451,0.0
647452,0.0
647453,0.0
647454,0.0
647455,0.0
647456,0.0
647457,0.0
647458,0.0
647459,0.0
647460,0.0
647461,0.0
647462,0.0
647463,0.0
647464,0.0
647465,0.0
647466,0.0
647467,0.0
647468,5.65342e-17
647469,0.0
647470,0.0
647471,0.0
647472,0.0
647473,0.0
647474,0.0
647475,0.0
647476,0.0
647477,0.0
647478,0.0
647479,0.0
647480,0.0
647481,0.0
647482,0.0
647483,0.0
647484,0.0
647485,0.0
647486,0.0
647487,0.0
647488,0.0
647489,0.0
647490,0.0
647491,0.0
647492,0.0
647493,0.0
647494,0.0
647495,0.0
647496,0.0
647497,0.0
647498,0.0
647499,0.0
647500,0.0
647501,0.0
647502,0.0
647503,0.0
647504,0.0
647505,0.0
647506,0.0
647507,0.0
647508,0.0
647509,0.0
647510,0.0
647511,0.0
647512,0.0
647513,0.0
647514,0.0
647515,0.0
647516,0.0
647517,0.0
647518,0.0
647519,0.0
647520,6.5009e-30
647521,0.0
647522,0.0
647523,0.0
647524,0.0
647525,0.0
647526,0.0
647527,0.0
647528,0.0
647529,0.0
647530,0.0
647531,0.0
647532,0.0
647533,0.0
647534,0.0
647535,0.0
647536,0.0
647537,0.0
647538,0.0
647539,0.0
647540,0.0
647541,0.0
647542,0.0
647543,0.0
647544,0.0
647545,0.0
647546,0.0
647547,0.0
647548,0.0
647549,0.0
647550,0.0
647551,0.0
647552,0.0
647553,0.0
647554,0.0
647555,0.0
647556,0.0
647557,0.0
647558,0.0
647559,0.0
647560,0.0
647561,0.0
647562,0.0
647563,0.0
647564,0.0
647565,0.0
647566,0.0
647567,0.0
647568,0.0
647569,0.0
647570,0.0
647571,0.0
647572,0.0
647573,0.0
647574,0.0
647575,0.0
647576,0.0
647577,0.0
647578,0.0
647579,0.0
647580,0.0
647581,0.0
647582,0.0
647583,0.0
647584,0.0
647585,0.0
647586,0.0
647587,0.0
647588,0.0
647589,0.0
647590,0.0
647591,0.0
647592,0.0
647593,0.0
647594,0.0
647595,0.0
647596,0.0
647597,0.0
647598,0.0
647599,0.0
647600,0.0
647601,0.0
647602,0.0
647603,0.0
647604,0.0
647605,0.0
647606,0.0
647607,0.0
647608,0.0
647609,0.0
647610,0.0
647611,0.0
647612,0.0
647613,0.0
647614,0.0
647615,0.0
647616,0.0
647617,0.0
647618,0.0
647619,0.0
647620,0.0
647621,0.0
647622,0.0
647623,0.0
647624,0.0
647625,0.0
647626,0.0
647627,0.0
647628,0.0
647629,0.0
647630,0.0
647631,0.0
647632,0.0
647633,0.0
647634,0.0
647635,0.0
647636,0.0
647637,0.0
647638,0.0
647639,0.0
647640,0.0
647641,0.0
647642,0.0
647643,0.0
647644,0.0
647645,0.0
647646,0.0
647647,0.0
647648,0.0
647649,0.0
647650,0.0
647651,0.0
647652,0.0
647653,0.0
647654,0.0
647655,0.0
647656,0.0
647657,0.0
647658,0.0
647659,0.0
647660,0.0
647661,0.0
647662,0.0
647663,0.0
647664,0.0
647665,0.0
647666,0.0
647667,0.0
647668,0.0
647669,0.0
647670,0.0
647671,0.0
647672,0.0
647673,0.0
647674,0.0
647675,0.0
647676,0.0
647677,0.0
647678,0.0
647679,0.0
647680,0.0
647681,0.0
647682,0.0
647683,0.0
647684,0.0
647685,0.0
647686,0.0
647687,0.0
647688,0.0
647689,0.0
647690,0.0
647691,0.0
647692,0.0
647693,0.0
647694,0.0
647695,0.0
647696,0.0
647697,0.0
647698,0.0
647699,0.0
647700,0.0
647701,0.0
647702,0.0
647703,0.0
647704,0.0
647705,0.0
647706,0.0
647707,0.0
647708,0.0
647709,0.0
647710,0.0
647711,0.0
647712,0.0
647713,0.0
647714,0.0
647715,0.0
647716,0.0
647717,0.0
647718,3.2105668e-21
647719,0.0
647720,0.0
647721,0.0
647722,0.0
647723,0.0
647724,0.0
647725,0.0
647726,0.0
647727,0.0
647728,0.0
647729,0.0
647730,0.0
647731,0.0
647732,0.0
647733,0.0
647734,0.0
647735,0.0
647736,0.0
647737,0.0
647738,0.0
647739,0.0
647740,0.0
647741,0.0
647742,0.0
647743,0.0
647744,0.0
647745,0.0
647746,0.0
647747,0.0
647748,0.0
647749,0.0
647750,0.0
647751,0.0
647752,0.0
647753,0.0
647754,0.0
647755,0.0
647756,0.0
647757,0.0
647758,0.0
647759,0.0
647760,0.0
647761,0.0
647762,0.0
647763,0.0
647764,0.0
647765,0.0
647766,0.0
647767,0.0
647768,0.0
647769,0.0
647770,0.0
647771,0.0
647772,0.0
647773,0.0
647774,0.0
647775,0.0
647776,0.0
647777,0.0
647778,0.0
647779,0.0
647780,0.0
647781,0.0
647782,0.0
647783,0.0
647784,0.0
647785,0.0
647786,0.0
647787,0.0
647788,0.0
647789,0.0
647790,0.0
647791,0.0
647792,0.0
647793,0.0
647794,0.0
647795,0.0
647796,0.0
647797,0.0
647798,0.0
647799,0.0
647800,0.0
647801,0.0
647802,0.0
647803,0.0
647804,0.0
647805,0.0
647806,0.0
647807,0.0
647808,0.0
647809,0.0
647810,0.0
647811,0.0
647812,0.0
647813,0.0
647814,0.0
647815,0.0
647816,0.0
647817,0.0
647818,0.0
647819,0.0
647820,0.0
647821,0.0
647822,0.0
647823,0.0
647824,0.0
647825,2.7886676e-08
647826,0.0
647827,0.0
647828,0.0
647829,0.0
647830,0.0
647831,0.0
647832,0.0
647833,0.0
647834,0.0
647835,0.0
647836,0.0
647837,0.0
647838,0.0
647839,3.9626597e-14
647840,0.0
647841,0.0
647842,0.0
647843,0.0
647844,0.0
647845,0.0
647846,0.0
647847,0.0
647848,0.0
647849,0.0
647850,0.0
647851,0.0
647852,0.0
647853,0.0
647854,0.0
647855,0.0
647856,0.0
647857,0.0
647858,0.0
647859,0.0
647860,0.0
647861,0.0
647862,0.0
647863,0.0
647864,0.0
647865,0.0
647866,0.0
647867,0.0
647868,0.0
647869,0.0
647870,0.0
647871,0.0
647872,0.0
647873,0.0
647874,0.0
647875,0.0
647876,0.0
647877,0.0
647878,0.0
647879,0.0
647880,0.0
647881,0.0
647882,0.0
647883,0.0
647884,0.0
647885,0.0
647886,0.0
647887,0.0
647888,0.0
647889,0.0
647890,0.0
647891,0.0
647892,0.0
647893,0.0
647894,0.0
647895,0.0
647896,0.0
647897,0.0
647898,0.0
647899,0.0
647900,0.0
647901,0.0
647902,2.7976516e-33
647903,0.0
647904,0.0
647905,0.0
647906,0.0
647907,0.0
647908,0.0
647909,0.0
647910,0.0
647911,0.0
647912,0.0
647913,0.0
647914,0.0
647915,0.0
647916,0.0
647917,0.0
647918,0.0
647919,0.0
647920,0.0
647921,0.0
647922,0.0
647923,0.0
647924,0.0
647925,1.819558e-32
647926,0.0
647927,0.0
647928,0.0
647929,0.0
647930,0.0
647931,0.0
647932,0.0
647933,0.0
647934,0.0
647935,0.0
647936,0.0
647937,0.0
647938,0.0
647939,0.0
647940,0.0
647941,0.0
647942,0.0
647943,0.0
647944,0.0
647945,0.0
647946,0.0
647947,0.0
647948,0.0
647949,0.0
647950,0.0
647951,0.0
647952,0.0
647953,0.0
647954,0.0
647955,0.0
647956,0.0
647957,0.0
647958,0.0
647959,0.0
647960,0.0
647961,0.0
647962,0.0
647963,0.0
647964,0.0
647965,0.0
647966,0.0
647967,0.0
647968,0.0
647969,0.0
647970,0.0
647971,0.0
647972,0.0
647973,0.0
647974,0.0
647975,0.0
647976,0.0
647977,0.0
647978,0.0
647979,0.0
647980,0.0
647981,0.0
647982,0.0
647983,0.0
647984,0.0
647985,0.0
647986,0.0
647987,0.0
647988,0.0
647989,0.0
647990,0.0
647991,0.0
647992,0.0
647993,0.0
647994,0.0
647995,0.0
647996,0.0
647997,0.0
647998,0.0
647999,0.0
648000,0.0
648001,0.0
648002,0.0
648003,0.0
648004,0.0
648005,0.0
648006,0.0
648007,0.0
648008,0.0
648009,0.0
648010,0.0
648011,0.0
648012,0.0
648013,0.0
648014,0.0
648015,0.0
648016,0.0
648017,0.0
648018,0.0
648019,0.0
648020,0.0
648021,0.0
648022,0.0
648023,0.0
648024,0.0
648025,0.0
648026,0.0
648027,0.0
648028,0.0
648029,0.0
648030,0.0
648031,0.0
648032,0.0
648033,0.0
648034,0.0
648035,0.0
648036,0.0
648037,0.0
648038,0.0
648039,0.0
648040,0.0
648041,0.0
648042,0.0
648043,0.0
648044,0.0
648045,0.0
648046,0.0
648047,0.0
648048,0.0
648049,0.0
648050,0.0
648051,0.0
648052,0.0
648053,0.0
648054,0.0
648055,0.0
648056,0.0
648057,0.0
648058,0.0
648059,0.0
648060,0.0
648061,0.0
648062,0.0
648063,0.0
648064,0.0
648065,0.0
648066,0.0
648067,0.0
648068,0.0
648069,0.0
648070,0.0
648071,0.0
648072,0.0
648073,0.0
648074,0.0
648075,0.0
648076,0.0
648077,0.0
648078,0.0
648079,0.0
648080,0.0
648081,0.0
648082,0.0
648083,0.0
648084,0.0
648085,0.0
648086,0.0
648087,0.0
648088,0.0
648089,0.0
648090,0.0
648091,0.0
648092,0.0
648093,0.0
648094,0.0
648095,0.0
648096,0.0
648097,0.0
648098,0.0
648099,0.0
648100,0.0
648101,0.0
648102,0.0
648103,0.0
648104,0.0
648105,0.0
648106,0.0
648107,0.0
648108,0.0
648109,0.0
648110,0.0
648111,0.0
648112,0.0
648113,0.0
648114,0.0
648115,0.0
648116,0.0
648117,0.0
648118,0.0
648119,0.0
648120,0.0
648121,0.0
648122,0.0
648123,0.0
648124,0.0
648125,0.0
648126,0.0
648127,0.0
648128,0.0
648129,0.0
648130,0.0
648131,0.0
648132,0.0
648133,0.0
648134,0.0
648135,0.0
648136,0.0
648137,0.0
648138,0.0
648139,0.0
648140,0.0
648141,0.0
648142,0.0
648143,0.0
648144,0.0
648145,0.0
648146,0.0
648147,0.0
648148,0.0
648149,0.0
648150,0.0
648151,0.0
648152,0.0
648153,0.0
648154,1.3958845e-08
648155,0.0
648156,0.0
648157,0.0
648158,0.0
648159,0.0
648160,0.0
648161,0.0
648162,0.0
648163,0.0
648164,0.0
648165,0.0
648166,0.0
648167,0.0
648168,0.0
648169,0.0
648170,0.0
648171,0.0
648172,0.0
648173,0.0
648174,0.0
648175,0.0
648176,0.0
648177,0.0
648178,0.0
648179,0.0
648180,0.0
648181,0.0
648182,0.0
648183,0.0
648184,0.0
648185,0.0
648186,0.0
648187,0.0
648188,0.0
648189,0.0
648190,0.0
648191,0.0
648192,0.0
648193,0.0
648194,0.0
648195,0.0
648196,0.0
648197,0.0
648198,0.0
648199,0.0
648200,0.0
648201,0.0
648202,0.0
648203,0.0
648204,0.0
648205,0.0
648206,0.0
648207,0.0
648208,0.0
648209,0.0
648210,0.0
648211,0.0
648212,0.0
648213,0.0
648214,0.0
648215,0.0
648216,0.0
648217,0.0
648218,0.0
648219,0.0
648220,0.0
648221,0.0
648222,0.0
648223,0.0
648224,0.0
648225,0.0
648226,0.0
648227,0.0
648228,0.0
648229,0.0
648230,0.0
648231,0.0
648232,0.0
648233,0.0
648234,0.0
648235,0.0
648236,0.0
648237,0.0
648238,0.0
648239,0.0
648240,0.0
648241,0.0
648242,0.0
648243,0.0
648244,0.0
648245,0.0
648246,0.0
648247,0.0
648248,0.0
648249,0.0
648250,0.0
648251,0.0
648252,0.0
648253,0.0
648254,0.0
648255,0.0
648256,0.0
648257,0.0
648258,0.0
648259,0.0
648260,0.0
648261,1.0215308e-28
648262,0.0
648263,0.0
648264,0.0
648265,0.0
648266,0.0
648267,0.0
648268,0.0
648269,0.0
648270,0.0
648271,0.0
648272,0.0
648273,0.0
648274,0.0
648275,0.0
648276,0.0
648277,0.0
648278,0.0
648279,0.0
648280,0.0
648281,0.0
648282,0.0
648283,0.0
648284,0.0
648285,0.0
648286,0.0
648287,0.0
648288,0.0
648289,0.0
648290,0.0
648291,0.0
648292,0.0
648293,0.0
648294,0.0
648295,0.0
648296,0.0
648297,0.0
648298,0.0
648299,0.0
648300,0.0
648301,0.0
648302,0.0
648303,0.0
648304,0.0
648305,0.0
648306,0.0
648307,0.0
648308,0.0
648309,0.0
648310,0.0
648311,0.0
648312,0.0
648313,0.0
648314,0.0
648315,0.0
648316,0.0
648317,0.0
648318,0.0
648319,0.0
648320,0.0
648321,0.0
648322,0.0
648323,0.0
648324,0.0
648325,0.0
648326,0.0
648327,0.0
648328,0.0
648329,0.0
648330,0.0
648331,0.0
648332,0.0
648333,0.0
648334,0.0
648335,0.0
648336,0.0
648337,0.0
648338,0.0
648339,0.0
648340,0.0
648341,0.0
648342,0.0
648343,0.0
648344,0.0
648345,0.0
648346,0.0
648347,0.0
648348,0.0
648349,0.0
648350,0.0
648351,0.0
648352,0.0
648353,0.0
648354,0.0
648355,0.0
648356,0.0
648357,0.0
648358,0.0
648359,0.0
648360,0.0
648361,0.0
648362,0.0
648363,0.0
648364,0.0
648365,0.0
648366,0.0
648367,0.0
648368,0.0
648369,0.0
648370,0.0
648371,0.0
648372,0.0
648373,0.0
648374,0.0
648375,0.0
648376,0.0
648377,0.0
648378,0.0
648379,0.0
648380,0.0
648381,0.0
648382,0.0
648383,0.0
648384,0.0
648385,0.0
648386,0.0
648387,0.0
648388,0.0
648389,0.0
648390,0.0
648391,0.0
648392,0.0
648393,0.0
648394,0.0
648395,0.0
648396,0.0
648397,0.0
648398,0.0
648399,0.0
648400,0.0
648401,0.0
648402,0.0
648403,0.0
648404,0.0
648405,0.0
648406,0.0
648407,6.5195475e-31
648408,0.0
648409,0.0
648410,0.0
648411,0.0
648412,0.0
648413,0.0
648414,0.0
648415,0.0
648416,3.3017113e-11
648417,0.0
648418,0.0
648419,0.0
648420,0.0
648421,0.0
648422,0.0
648423,0.0
648424,0.0
648425,0.0
648426,0.0
648427,0.0
648428,0.0
648429,0.0
648430,0.0
648431,0.0
648432,0.0
648433,0.0
648434,0.0
648435,0.0
648436,0.0
648437,0.0
648438,0.0
648439,0.0
648440,0.0
648441,0.0
648442,0.0
648443,0.0
648444,0.0
648445,0.0
648446,0.0
648447,0.0
648448,0.0
648449,0.0
648450,0.0
648451,0.0
648452,0.0
648453,0.0
648454,0.0
648455,0.0
648456,0.0
648457,0.0
648458,0.0
648459,0.0
648460,0.0
648461,0.0
648462,0.0
648463,0.0
648464,0.0
648465,0.0
648466,0.0
648467,0.0
648468,0.0
648469,0.0
648470,0.0
648471,0.0
648472,0.0
648473,0.0
648474,0.0
648475,0.0
648476,0.0
648477,0.0
648478,0.0
648479,0.0
648480,0.0
648481,0.0
648482,0.0
648483,0.0
648484,0.0
648485,0.0
648486,0.0
648487,0.0
648488,0.0
648489,0.0
648490,0.0
648491,0.0
648492,0.0
648493,0.0
648494,0.0
648495,0.0
648496,0.0
648497,0.0
648498,0.0
648499,0.0
648500,0.0
648501,0.0
648502,0.0
648503,0.0
648504,0.0
648505,0.0
648506,0.0
648507,0.0
648508,0.0
648509,0.0
648510,0.0
648511,0.0
648512,0.0
648513,0.0
648514,0.0
648515,0.0
648516,0.0
648517,0.0
648518,0.0
648519,0.0
648520,0.0
648521,0.0
648522,0.0
648523,0.0
648524,0.0
648525,0.0
648526,0.0
648527,0.0
648528,0.0
648529,0.0
648530,0.0
648531,8.458191e-23
648532,0.0
648533,0.0
648534,0.0
648535,0.0
648536,0.0
648537,0.0
648538,0.0
648539,0.0
648540,0.0
648541,0.0
648542,0.0
648543,0.0
648544,0.0
648545,0.0
648546,0.0
648547,0.0
648548,0.0
648549,0.0
648550,0.0
648551,0.0
648552,0.0
648553,0.0
648554,0.0
648555,0.0
648556,0.0
648557,0.0
648558,0.0
648559,0.0
648560,0.0
648561,0.0
648562,0.0
648563,7.081977e-24
648564,0.0
648565,0.0
648566,0.0
648567,0.0
648568,0.0
648569,0.0
648570,0.0
648571,0.0
648572,0.0
648573,0.0
648574,0.0
648575,0.0
648576,0.0
648577,0.0
648578,0.0
648579,0.0
648580,0.0
648581,0.0
648582,0.0
648583,0.0
648584,0.0
648585,0.0
648586,0.0
648587,0.0
648588,0.0
648589,0.0
648590,0.0
648591,0.0
648592,0.0
648593,0.0
648594,0.0
648595,0.0
648596,0.0
648597,0.0
648598,0.0
648599,0.0
648600,0.0
648601,0.0
648602,0.0
648603,0.0
648604,0.0
648605,0.0
648606,0.0
648607,0.0
648608,0.0
648609,0.0
648610,0.0
648611,0.0
648612,0.0
648613,0.0
648614,0.0
648615,0.0
648616,0.0
648617,0.0
648618,0.0
648619,0.0
648620,0.0
648621,0.0
648622,0.0
648623,0.0
648624,0.0
648625,0.0
648626,0.0
648627,0.0
648628,0.0
648629,0.0
648630,0.0
648631,0.0
648632,0.0
648633,0.0
648634,0.0
648635,0.0
648636,0.0
648637,0.0
648638,0.0
648639,0.0
648640,0.0
648641,0.0
648642,0.0
648643,0.0
648644,0.0
648645,0.0
648646,0.0
648647,0.0
648648,0.0
648649,0.0
648650,0.0
648651,0.0
648652,0.0
648653,0.0
648654,0.0
648655,0.0
648656,0.0
648657,0.0
648658,0.0
648659,0.0
648660,0.0
648661,0.0
648662,0.0
648663,0.0
648664,0.0
648665,0.0
648666,0.0
648667,0.0
648668,0.0
648669,0.0
648670,0.0
648671,0.0
648672,0.0
648673,0.0
648674,0.0
648675,0.0
648676,0.0
648677,0.0
648678,0.0
648679,0.0
648680,0.0
648681,0.0
648682,0.0
648683,0.0
648684,0.0
648685,0.0
648686,0.0
648687,0.0
648688,0.0
648689,0.0
648690,0.0
648691,0.0
648692,0.0
648693,0.0
648694,0.0
648695,0.0
648696,0.0
648697,0.0
648698,0.0
648699,0.0
648700,0.0
648701,0.0
648702,0.0
648703,0.0
648704,0.0
648705,0.0
648706,0.0
648707,0.0
648708,0.0
648709,0.0
648710,0.0
648711,0.0
648712,0.0
648713,0.0
648714,0.0
648715,0.0
648716,0.0
648717,0.0
648718,0.0
648719,0.0
648720,0.0
648721,0.0
648722,0.0
648723,0.0017477508
648724,0.0
648725,0.0
648726,0.0
648727,0.0
648728,0.0
648729,0.0
648730,0.0
648731,0.0
648732,0.0
648733,0.0
648734,1.3548549e-25
648735,0.0
648736,0.0
648737,0.0
648738,0.0
648739,0.0
648740,0.0
648741,0.0
648742,0.0
648743,0.0
648744,0.0
648745,0.0
648746,0.0
648747,0.0
648748,0.0
648749,0.0
648750,0.0
648751,0.0
648752,0.0
648753,0.0
648754,0.0
648755,0.0
648756,0.0
648757,0.0
648758,0.0
648759,0.0
648760,0.0
648761,0.0
648762,0.0
648763,0.0
648764,0.0
648765,0.0
648766,0.0
648767,0.0
648768,0.0
648769,0.0
648770,0.36242384
648771,0.0
648772,0.0
648773,0.0
648774,0.0
648775,0.0025435693
648776,0.0
648777,0.0
648778,0.0
648779,0.0
648780,0.0
648781,0.0
648782,0.0
648783,0.0
648784,0.0
648785,0.0
648786,0.0
648787,0.0
648788,0.0
648789,0.0
648790,0.0
648791,0.0
648792,0.0
648793,0.0
648794,0.038633868
648795,0.0
648796,0.0
648797,0.0
648798,0.0
648799,0.0
648800,0.0
648801,0.0
648802,0.0
648803,0.0
648804,0.0
648805,0.0
648806,0.0
648807,0.0
648808,0.0
648809,0.0
648810,0.0
648811,0.0
648812,0.0
648813,0.0
648814,0.0
648815,0.0
648816,0.0
648817,0.0
648818,0.0
648819,0.0
648820,0.0
648821,0.0
648822,0.0
648823,0.0
648824,0.0
648825,0.0
648826,0.0
648827,0.0
648828,0.0
648829,0.0
648830,0.0
648831,0.0
648832,0.0
648833,0.0
648834,0.0
648835,0.0
648836,0.0
648837,0.0
648838,0.0
648839,0.0
648840,0.0
648841,0.0
648842,0.0
648843,0.0
648844,0.0
648845,0.0
648846,0.0
648847,0.0
648848,0.0
648849,0.0
648850,0.0
648851,0.0
648852,0.0
648853,4.9055434e-31
648854,0.0
648855,0.0
648856,0.0
648857,0.0
648858,0.0
648859,0.0
648860,0.0
648861,0.0
648862,0.0
648863,0.0
648864,0.0
648865,0.0
648866,0.0
648867,4.444656e-31
648868,0.0
648869,0.0
648870,0.0
648871,0.0
648872,0.0
648873,0.0
648874,0.0
648875,0.0
648876,0.00624459
648877,0.0
648878,0.0
648879,0.0
648880,0.0
648881,0.0
648882,0.0
648883,0.0
648884,0.0
648885,0.0
648886,0.0
648887,0.0
648888,0.0
648889,0.0
648890,0.0
648891,0.0
648892,0.0
648893,0.0
648894,0.0
648895,0.0
648896,0.0
648897,0.0
648898,0.0
648899,0.0
648900,0.0
648901,0.0
648902,0.0
648903,0.0
648904,0.0
648905,0.0
648906,0.0
648907,0.0
648908,0.0
648909,0.0
648910,0.0
648911,0.0
648912,0.0
648913,0.0
648914,0.0
648915,0.0
648916,0.0
648917,0.0
648918,0.0
648919,0.0
648920,0.0
648921,0.0
648922,0.0
648923,0.0
648924,0.0
648925,0.0
648926,0.0
648927,0.0
648928,0.0
648929,0.0
648930,0.0
648931,0.0
648932,0.0
648933,0.0
648934,0.0
648935,0.0
648936,0.0
648937,0.0
648938,0.0
648939,0.0
648940,0.0
648941,0.0
648942,0.0
648943,0.0
648944,0.0
648945,0.0
648946,0.0
648947,0.0
648948,0.0
648949,0.0
648950,0.0
648951,0.0
648952,0.0
648953,0.0
648954,0.0
648955,0.0
648956,0.0
648957,0.0
648958,0.0
648959,0.0
648960,0.0
648961,0.0
648962,0.0
648963,0.0
648964,0.0
648965,0.0
648966,0.0
648967,0.0
648968,0.0
648969,0.0
648970,0.0
648971,0.0
648972,0.0
648973,0.0
648974,0.0
648975,0.0
648976,0.0
648977,0.0
648978,0.0
648979,0.0
648980,0.0
648981,0.0
648982,0.0
648983,0.0
648984,0.0
648985,0.0
648986,0.0
648987,0.0
648988,0.0
648989,0.0
648990,0.0
648991,0.0
648992,0.0
648993,0.0
648994,0.0
648995,0.0
648996,0.0
648997,0.0
648998,0.0
648999,0.0
649000,0.0
649001,0.0
649002,0.0
649003,0.0
649004,0.0
649005,0.0
649006,0.0
649007,0.0
649008,0.0
649009,0.0
649010,0.0
649011,0.0
649012,0.0
649013,0.0
649014,0.0
649015,0.0
649016,0.0
649017,0.0
649018,0.0
649019,0.0
649020,0.0
649021,0.0
649022,0.0
649023,0.0
649024,0.0
649025,0.0
649026,0.0
649027,0.0
649028,0.0
649029,0.0
649030,0.0
649031,0.0
649032,0.0
649033,0.0
649034,0.0
649035,0.0
649036,0.0
649037,0.0
649038,0.0
649039,0.0
649040,0.0
649041,0.0
649042,0.0
649043,0.0
649044,0.0
649045,0.0
649046,3.751524e-31
649047,0.0
649048,0.0
649049,0.0
649050,0.0
649051,0.0
649052,0.0
649053,0.0
649054,0.0
649055,0.0
649056,0.0
649057,0.0
649058,0.0
649059,0.0
649060,0.0
649061,0.0
649062,0.0
649063,0.0
649064,0.0
649065,0.0
649066,0.0
649067,0.0
649068,0.0
649069,0.0
649070,0.0
649071,0.0
649072,0.0
649073,0.0
649074,0.0
649075,0.0
649076,0.0
649077,0.0
649078,0.0
649079,0.0
649080,0.0
649081,0.0
649082,0.0
649083,0.0
649084,0.0
649085,0.0
649086,0.0
649087,0.0
649088,0.0
649089,0.0
649090,0.0
649091,0.0
649092,0.0
649093,0.0
649094,0.0
649095,0.0
649096,0.0
649097,0.0
649098,0.0
649099,0.0
649100,0.0
649101,0.0
649102,0.0
649103,0.0
649104,0.0
649105,0.0
649106,0.0
649107,0.0
649108,0.0
649109,0.0
649110,0.0
649111,0.0
649112,0.0
649113,3.8351513e-09
649114,0.0
649115,0.0
649116,0.0
649117,0.0
649118,0.0
649119,0.0
649120,0.0
649121,0.0
649122,0.0
649123,0.0
649124,0.0
649125,0.0
649126,0.0
649127,0.0
649128,0.0
649129,0.0
649130,0.0
649131,0.0
649132,0.0
649133,0.0
649134,0.0
649135,0.0
649136,0.0
649137,0.0
649138,0.0
649139,0.0
649140,0.0
649141,0.0
649142,0.0
649143,0.0
649144,0.0
649145,0.0
649146,0.0
649147,0.0
649148,0.0
649149,0.0
649150,0.0
649151,0.0
649152,0.0
649153,0.0
649154,0.0
649155,0.0
649156,0.0
649157,0.0
649158,0.0
649159,0.0
649160,0.0
649161,0.0
649162,0.0
649163,0.0
649164,0.0
649165,0.0
649166,0.0
649167,0.0
649168,0.0
649169,0.0
649170,0.0
649171,0.0
649172,0.0
649173,0.0
649174,0.0
649175,0.0
649176,0.0
649177,0.0
649178,0.0
649179,0.0
649180,0.0
649181,0.0
649182,0.0
649183,0.0
649184,0.0
649185,0.0
649186,0.0
649187,0.0
649188,0.0
649189,0.0
649190,0.0
649191,0.0
649192,0.0
649193,0.0
649194,0.0
649195,0.0
649196,0.0
649197,0.0
649198,0.0
649199,0.0
649200,0.0
649201,0.0
649202,0.0
649203,0.0
649204,0.0
649205,0.0
649206,0.0
649207,0.0
649208,0.0
649209,2.3308918e-18
649210,1.2424494e-34
649211,0.0
649212,0.0
649213,0.0
649214,0.0
649215,0.0
649216,0.0
649217,0.0
649218,0.0
649219,0.0
649220,0.0
649221,0.0
649222,0.0
649223,0.0
649224,0.0
649225,0.0
649226,0.0
649227,0.0
649228,0.0
649229,0.0
649230,0.0
649231,0.0
649232,0.0
649233,0.0
649234,0.0
649235,0.0
649236,0.0
649237,0.0
649238,0.0
649239,0.0
649240,0.0
649241,0.0
649242,0.0
649243,0.0
649244,0.0
649245,0.0
649246,0.0
649247,0.0
649248,0.0
649249,0.0
649250,0.0
649251,0.0
649252,0.0
649253,0.0
649254,0.0
649255,0.0
649256,0.0
649257,0.0
649258,0.0
649259,0.0
649260,0.0
649261,0.0
649262,0.0
649263,0.0
649264,0.0
649265,0.0
649266,0.0
649267,0.0
649268,0.0
649269,0.0
649270,0.0
649271,0.0
649272,0.0
649273,0.0
649274,0.0
649275,0.0
649276,0.0
649277,0.0
649278,0.0
649279,0.0
649280,0.0
649281,0.0
649282,0.0
649283,0.0
649284,0.0
649285,0.0
649286,0.0
649287,0.0
649288,0.0
649289,0.0
649290,0.0
649291,0.0
649292,0.0
649293,0.0
649294,0.0
649295,0.0
649296,0.0
649297,0.0
649298,0.0
649299,0.0
649300,0.0
649301,0.0
649302,0.0
649303,0.0
649304,0.0
649305,0.0
649306,0.0
649307,0.0
649308,0.0
649309,0.0
649310,0.0
649311,0.0
649312,0.0
649313,0.0
649314,0.0
649315,0.0
649316,0.0
649317,0.0
649318,0.0
649319,0.0
649320,0.0
649321,0.0
649322,0.0
649323,0.0
649324,0.0
649325,0.0
649326,0.0
649327,0.0
649328,0.0
649329,0.0
649330,0.0
649331,0.0
649332,0.0
649333,0.0
649334,0.0
649335,0.0
649336,0.0
649337,0.0
649338,0.0
649339,0.0
649340,0.0
649341,0.0
649342,0.0
649343,0.0
649344,0.095780395
649345,0.0
649346,0.0
649347,0.0
649348,0.0
649349,0.0
649350,0.0
649351,0.0
649352,0.0
649353,0.0
649354,0.0
649355,0.0
649356,0.0
649357,0.0
649358,0.0
649359,0.0
649360,0.0
649361,0.0
649362,0.0
649363,0.0
649364,0.0
649365,0.0
649366,0.0
649367,0.0
649368,0.0
649369,0.0
649370,0.0
649371,0.0
649372,0.0
649373,0.0
649374,0.0
649375,0.0
649376,0.0
649377,0.0
649378,0.0
649379,0.0
649380,0.0
649381,0.0
649382,0.0
649383,0.0
649384,0.0
649385,0.0
649386,0.0
649387,0.0
649388,0.0
649389,0.0
649390,0.0
649391,0.0
649392,0.0
649393,0.0
649394,0.0
649395,0.0
649396,0.0
649397,0.0
649398,0.0
649399,0.0
649400,0.0
649401,0.0
649402,0.0
649403,0.0
649404,0.0
649405,0.0
649406,0.0
649407,0.0
649408,0.0
649409,0.0
649410,0.0
649411,0.0
649412,0.0
649413,0.0
649414,0.0
649415,0.0
649416,0.0
649417,2.9485741e-30
649418,0.0
649419,0.0
649420,0.0
649421,0.0
649422,0.0
649423,0.0
649424,0.0
649425,0.0
649426,2.325273e-38
649427,0.0
649428,0.0
649429,0.0
649430,0.0
649431,0.0
649432,0.0
649433,0.0
649434,0.0
649435,0.0
649436,0.0
649437,0.0
649438,0.0
649439,0.0
649440,0.0
649441,0.0
649442,0.0
649443,0.0
649444,0.0
649445,0.0
649446,1.2803377e-37
649447,0.0
649448,0.0
649449,0.0
649450,0.0
649451,0.0
649452,0.0
649453,0.0
649454,0.0
649455,0.0
649456,0.0
649457,0.0
649458,0.0
649459,0.0
649460,0.0
649461,0.0
649462,0.0
649463,0.0
649464,0.0
649465,0.0
649466,0.0
649467,0.0
649468,0.0
649469,0.0
649470,0.0
649471,0.0
649472,0.0
649473,0.0
649474,0.0
649475,0.0
649476,0.0
649477,0.0
649478,0.0
649479,0.0
649480,0.0
649481,0.0
649482,0.0
649483,0.0
649484,0.0
649485,0.0
649486,0.0
649487,0.0
649488,0.0
649489,0.0
649490,0.0
649491,0.0
649492,0.0
649493,0.0
649494,0.0
649495,0.0
649496,0.0
649497,0.0
649498,0.0
649499,0.0
649500,0.0
649501,0.0
649502,0.0
649503,0.0
649504,6.588739e-20
649505,0.0
649506,0.0
649507,0.0
649508,0.0
649509,0.0
649510,0.0
649511,0.0
649512,0.0
649513,0.0
649514,0.0
649515,0.0
649516,0.0
649517,0.0
649518,0.0
649519,0.0
649520,0.0
649521,0.0
649522,0.0
649523,0.0
649524,0.0
649525,0.0
649526,0.0
649527,0.0
649528,0.0
649529,0.0
649530,0.0
649531,0.0
649532,0.0
649533,0.0
649534,0.0
649535,0.0
649536,0.0
649537,0.0
649538,0.0
649539,0.0
649540,0.0
649541,0.0
649542,0.0
649543,0.0
649544,0.0
649545,0.0
649546,0.0
649547,0.0
649548,0.0
649549,0.0
649550,0.0
649551,0.0
649552,0.0
649553,0.0
649554,0.0
649555,0.0
649556,0.0
649557,0.0
649558,0.0
649559,0.0
649560,0.0
649561,0.0
649562,0.0
649563,0.0
649564,0.0
649565,0.0
649566,7.665326e-26
649567,0.0
649568,0.0
649569,0.0
649570,0.00030108934
649571,0.0
649572,0.0
649573,0.0
649574,0.0
649575,0.0
649576,0.0
649577,0.0
649578,0.0
649579,0.0
649580,0.0
649581,0.0
649582,0.0
649583,0.0
649584,0.0
649585,0.0
649586,0.0
649587,0.0
649588,0.0
649589,0.0
649590,0.0
649591,0.0
649592,0.0
649593,0.0
649594,0.0
649595,0.0
649596,0.0
649597,0.0
649598,0.0
649599,0.0
649600,0.0
649601,0.0
649602,0.0
649603,0.0
649604,0.0
649605,0.0
649606,0.0
649607,0.0
649608,0.0
649609,0.0
649610,0.0
649611,0.0
649612,0.0
649613,0.0
649614,0.0
649615,0.0
649616,0.0
649617,0.0
649618,0.0
649619,0.0
649620,0.0
649621,0.0
649622,0.0
649623,0.0
649624,0.0
649625,0.0
649626,0.0
649627,0.0
649628,0.0
649629,0.0
649630,0.0
649631,0.0
649632,0.0
649633,0.0
649634,0.0
649635,0.0
649636,0.0
649637,0.0
649638,0.0
649639,0.0
649640,0.0
649641,0.0
649642,0.0
649643,0.0
649644,0.0
649645,0.0
649646,0.0
649647,0.0
649648,0.0
649649,0.0
649650,0.0
649651,0.0
649652,0.0
649653,0.0
649654,0.0
649655,0.0
649656,0.0
649657,0.0
649658,0.0
649659,0.0
649660,0.0
649661,0.0
649662,0.0
649663,0.0
649664,0.0
649665,0.0
649666,0.0
649667,0.0
649668,0.0
649669,0.0
649670,0.0
649671,0.0
649672,0.0
649673,0.0
649674,0.0
649675,0.0
649676,0.0
649677,0.0
649678,0.0
649679,0.0
649680,0.0
649681,0.0
649682,0.0
649683,0.0
649684,0.0
649685,0.0
649686,0.0
649687,0.0
649688,0.0
649689,0.0
649690,0.0
649691,0.0
649692,0.0
649693,0.0
649694,0.0
649695,0.0
649696,0.0
649697,0.0
649698,0.0
649699,0.0
649700,0.0
649701,0.0
649702,0.0
649703,0.0
649704,0.0
649705,0.0
649706,0.0
649707,0.0
649708,0.0
649709,0.0
649710,0.0
649711,0.0
649712,0.0
649713,0.0
649714,0.0
649715,0.0
649716,0.0
649717,0.0
649718,0.0
649719,0.0
649720,0.0
649721,0.0
649722,0.0
649723,0.0
649724,0.0
649725,0.0
649726,0.0
649727,0.0
649728,0.0
649729,0.0
649730,0.0
649731,0.0
649732,0.0
649733,0.0
649734,0.0
649735,0.0
649736,0.0
649737,0.0
649738,0.0
649739,0.0
649740,0.0
649741,0.0
649742,0.0
649743,0.0
649744,0.0
649745,0.0
649746,0.0
649747,0.0
649748,0.0
649749,1.10037914e-20
649750,0.0
649751,0.0
649752,0.0
649753,0.0
649754,0.0
649755,0.0
649756,0.0
649757,0.0
649758,0.0
649759,0.0
649760,0.0
649761,0.0
649762,0.0
649763,0.0
649764,0.0
649765,0.0
649766,0.0
649767,0.0
649768,0.0
649769,0.0
649770,0.0
649771,0.0
649772,0.0
649773,0.0
649774,0.0
649775,0.0
649776,0.0
649777,0.0
649778,0.0
649779,0.0
649780,0.0
649781,0.0
649782,0.0
649783,0.0
649784,0.0
649785,0.0
649786,0.0
649787,0.0
649788,0.0
649789,0.0
649790,0.0
649791,0.0
649792,0.0
649793,0.0
649794,0.0
649795,0.0
649796,0.0
649797,0.0
649798,0.0
649799,0.0
649800,0.0
649801,0.0
649802,0.0
649803,0.0
649804,0.0
649805,0.0
649806,0.0
649807,0.0
649808,0.0
649809,0.0
649810,0.0
649811,0.0
649812,0.0
649813,0.0
649814,0.0
649815,0.0
649816,0.0
649817,0.0
649818,0.0
649819,0.0
649820,0.0
649821,0.0
649822,0.0
649823,0.0
649824,0.0
649825,0.0
649826,0.0
649827,0.0
649828,0.0
649829,0.0
649830,0.0
649831,0.0
649832,0.0
649833,0.0
649834,0.0
649835,0.0
649836,0.0
649837,0.0
649838,0.0
649839,0.0
649840,0.0
649841,0.0
649842,0.0
649843,0.0
649844,0.0
649845,0.0
649846,0.0
649847,0.0
649848,0.0
649849,0.0
649850,0.0
649851,0.0
649852,8.095496e-39
649853,0.0
649854,0.0
649855,0.0
649856,0.0
649857,0.0
649858,0.0
649859,0.00061474025
649860,0.0
649861,0.0
649862,0.0
649863,0.0
649864,0.0
649865,0.0
649866,0.0
649867,0.0
649868,0.0
649869,0.0
649870,0.0
649871,0.0
649872,0.0
649873,0.0
649874,0.0
649875,0.0
649876,0.0
649877,0.0
649878,0.0
649879,0.0
649880,0.0
649881,0.0
649882,0.0
649883,0.0
649884,0.0
649885,0.0
649886,0.0
649887,0.0
649888,0.0
649889,0.0
649890,0.0
649891,0.0
649892,0.0
649893,0.0
649894,0.0
649895,0.0
649896,0.0
649897,0.0
649898,0.0
649899,0.0
649900,0.0
649901,0.0
649902,0.0
649903,0.0
649904,0.0
649905,0.0
649906,0.0
649907,0.0
649908,0.0
649909,0.0
649910,0.0
649911,0.0
649912,0.0
649913,0.0
649914,0.0
649915,0.0
649916,0.0
649917,0.0
649918,0.0
649919,0.0
649920,0.0
649921,0.0
649922,0.0
649923,0.0
649924,0.0
649925,0.0
649926,0.0
649927,0.0
649928,0.0
649929,0.0
649930,0.0
649931,0.0
649932,0.0
649933,0.0
649934,0.0
649935,0.0
649936,0.0
649937,0.0
649938,0.0
649939,0.0
649940,0.0
649941,0.0
649942,0.0
649943,0.0
649944,0.0
649945,0.0
649946,0.0
649947,0.0
649948,0.0
649949,0.0
649950,0.0
649951,0.0
649952,0.0
649953,0.0
649954,0.0
649955,0.0
649956,0.0
649957,0.0
649958,0.0
649959,0.0
649960,0.0
649961,0.0
649962,0.0
649963,0.0
649964,0.0
649965,0.0
649966,0.0
649967,0.0
649968,0.0
649969,0.0
649970,0.0
649971,0.0
649972,0.0
649973,0.0
649974,0.0
649975,0.0
649976,0.0
649977,0.0
649978,0.0
649979,0.0
649980,0.0
649981,0.0
649982,0.0
649983,0.0
649984,0.0
649985,0.0
649986,0.0
649987,0.0
649988,0.0
649989,0.0
649990,0.0
649991,0.0
649992,0.0
649993,0.0
649994,3.941431e-05
649995,0.0
649996,0.0
649997,0.0
649998,0.0
649999,0.0
650000,0.0
650001,0.0
650002,0.0
650003,0.0
650004,0.0
650005,0.0
650006,0.0
650007,0.0
650008,0.0
650009,0.0
650010,0.0
650011,0.0
650012,0.0
650013,0.0
650014,0.0
650015,0.0
650016,0.0
650017,0.0
650018,0.0
650019,0.0
650020,0.0
650021,0.0
650022,0.0
650023,0.0
650024,0.0
650025,0.0
650026,0.0
650027,0.0
650028,0.0
650029,0.0
650030,0.0
650031,0.0
650032,0.0
650033,0.0
650034,0.0
650035,0.0
650036,0.0
650037,0.0
650038,0.0
650039,0.0
650040,0.0
650041,0.0
650042,0.0
650043,0.0
650044,0.0
650045,0.0
650046,0.0
650047,0.0
650048,0.0
650049,0.0
650050,0.0
650051,0.0
650052,0.0
650053,0.0
650054,0.0
650055,0.0
650056,0.0
650057,0.0
650058,0.0
650059,0.0
650060,0.0
650061,0.0
650062,0.0
650063,0.0
650064,0.0
650065,0.0
650066,0.0
650067,0.0
650068,0.0
650069,0.0
650070,0.0
650071,0.0
650072,0.0
650073,0.0
650074,0.0
650075,0.0
650076,0.0
650077,0.0
650078,0.0
650079,0.0
650080,0.0
650081,0.0
650082,0.0
650083,0.0
650084,0.0
650085,0.0
650086,0.0
650087,0.0
650088,0.0
650089,0.0
650090,0.0
650091,0.0
650092,0.0
650093,0.0
650094,0.0
650095,0.0
650096,0.0
650097,0.0
650098,0.0
650099,0.0
650100,0.0
650101,0.0
650102,0.0
650103,0.0
650104,0.0
650105,0.0
650106,0.0
650107,0.0
650108,0.0
650109,0.0
650110,0.0
650111,0.0
650112,0.0
650113,0.0
650114,0.0
650115,0.0
650116,0.0
650117,0.0
650118,0.0
650119,0.0
650120,0.0
650121,0.0
650122,0.0
650123,0.0
650124,0.0
650125,0.0
650126,0.0
650127,0.0
650128,0.0
650129,0.0
650130,0.0
650131,0.0
650132,0.0
650133,0.0
650134,0.0
650135,0.0
650136,0.0
650137,0.0
650138,0.0
650139,0.0
650140,0.0
650141,0.0
650142,0.0
650143,0.0
650144,0.0
650145,0.0
650146,3.6082144e-33
650147,0.0
650148,0.0
650149,0.0
650150,0.0
650151,0.0
650152,0.0
650153,0.0
650154,0.0
650155,0.0
650156,0.0
650157,0.0
650158,0.0
650159,0.0
650160,0.0
650161,0.0
650162,0.0
650163,0.0
650164,0.0
650165,0.0
650166,0.0
650167,0.0
650168,0.0
650169,0.0
650170,0.0
650171,0.0
650172,0.0
650173,0.0
650174,0.0
650175,0.0
650176,0.0
650177,0.0
650178,0.0
650179,0.0
650180,0.0
650181,0.0
650182,0.0
650183,0.0
650184,0.0
650185,0.0
650186,0.0
650187,0.0
650188,0.0
650189,0.0
650190,0.0
650191,0.0
650192,0.0
650193,0.0
650194,0.0
650195,0.0
650196,0.0
650197,0.0
650198,0.0
650199,0.0
650200,0.0
650201,0.0
650202,0.0
650203,0.0
650204,0.0
650205,0.0
650206,0.0
650207,0.0
650208,0.0
650209,0.0
650210,0.0
650211,0.0
650212,0.0
650213,0.0
650214,0.0
650215,0.0
650216,0.0
650217,0.0
650218,0.0
650219,0.0
650220,0.0
650221,0.0
650222,0.0
650223,0.0
650224,0.0
650225,0.0
650226,0.0
650227,0.0
650228,0.0
650229,0.0
650230,0.0
650231,0.0
650232,0.0
650233,0.0
650234,0.0
650235,0.0
650236,0.0
650237,0.0
650238,0.0
650239,0.0
650240,0.0
650241,0.0
650242,0.0
650243,0.0
650244,0.0
650245,0.0
650246,0.0
650247,0.0
650248,0.0
650249,0.0
650250,0.0
650251,0.0
650252,0.0
650253,0.0
650254,0.0
650255,0.0
650256,0.34235352
650257,0.0
650258,0.0
650259,0.0
650260,0.0
650261,0.0
650262,4.744483e-18
650263,0.0
650264,0.0
650265,0.0
650266,0.0
650267,0.0
650268,0.0
650269,0.0
650270,0.0
650271,0.0
650272,0.0
650273,0.0
650274,0.0
650275,0.0
650276,0.0
650277,0.0
650278,0.0
650279,0.0
650280,0.0
650281,0.0
650282,0.0
650283,0.0
650284,0.0
650285,0.0
650286,0.0
650287,0.0
650288,0.0
650289,0.0
650290,0.0
650291,0.0
650292,0.0
650293,0.0
650294,0.0
650295,0.0
650296,0.0
650297,0.0
650298,0.0
650299,0.0
650300,0.0
650301,0.0
650302,0.0
650303,0.0
650304,0.0
650305,0.0
650306,0.0
650307,0.0
650308,0.0
650309,0.0
650310,0.0
650311,0.0
650312,0.0
650313,0.0
650314,0.0
650315,0.0
650316,0.0
650317,0.0
650318,0.0
650319,0.0
650320,0.0
650321,0.0
650322,0.0
650323,0.0
650324,0.0
650325,0.0
650326,0.0
650327,0.0
650328,0.0
650329,0.0
650330,0.0
650331,0.0
650332,0.0
650333,0.0
650334,0.0
650335,0.0
650336,0.0
650337,0.0
650338,0.0
650339,0.0
650340,0.0
650341,0.0
650342,0.0
650343,0.0
650344,0.0
650345,0.0
650346,0.0
650347,0.0
650348,0.0
650349,0.0
650350,0.0
650351,0.0
650352,0.0
650353,0.0
650354,0.0
650355,0.0
650356,0.0
650357,0.0
650358,0.0
650359,0.0
650360,0.0
650361,0.0
650362,0.0
650363,0.0
650364,0.0
650365,0.0
650366,0.0
650367,0.0
650368,0.0
650369,0.0
650370,0.0
650371,0.0
650372,0.0
650373,0.0
650374,0.0
650375,0.0
650376,0.0
650377,0.0
650378,0.0
650379,0.0
650380,0.0
650381,0.0
650382,0.0
650383,0.0
650384,0.0
650385,0.0
650386,0.0
650387,0.0
650388,0.0
650389,0.0
650390,0.0
650391,0.0
650392,0.0
650393,0.0
650394,0.0
650395,0.0
650396,0.0
650397,0.0
650398,0.0
650399,0.0
650400,0.0
650401,0.0
650402,0.0
650403,0.0
650404,0.0
650405,0.0
650406,0.0
650407,0.0
650408,0.0
650409,0.0
650410,0.0
650411,0.0
650412,0.0
650413,0.0
650414,0.0
650415,0.0
650416,0.0
650417,0.0
650418,0.0
650419,0.0
650420,0.0
650421,0.0
650422,0.0
650423,0.0
650424,0.0
650425,0.0
650426,0.0
650427,0.0
650428,0.0
650429,0.0
650430,0.0
650431,0.0
650432,0.0
650433,0.0
650434,0.0
650435,0.0
650436,0.0
650437,0.0
650438,0.0
650439,0.0
650440,0.0
650441,0.0
650442,0.0
650443,0.0
650444,0.0
650445,0.0
650446,0.0
650447,0.0
650448,0.0
650449,0.0
650450,0.0
650451,0.0
650452,0.0
650453,0.0
650454,0.0
650455,0.0
650456,0.0
650457,0.0
650458,0.0
650459,0.0
650460,0.0
650461,0.0
650462,0.0
650463,0.0
650464,0.0
650465,0.0
650466,7.773492e-39
650467,0.0
650468,0.0
650469,0.0
650470,0.0
650471,0.0
650472,0.0
650473,0.0
650474,0.0
650475,0.0
650476,0.0
650477,0.0
650478,0.0
650479,0.0
650480,0.0
650481,0.0
650482,0.0
650483,0.0
650484,0.0
650485,0.0
650486,0.0
650487,0.0
650488,0.0
650489,0.0
650490,0.0
650491,0.0
650492,0.0
650493,0.0
650494,0.0
650495,0.0
650496,0.0
650497,0.0
650498,0.0
650499,0.0
650500,0.0
650501,0.0
650502,0.0
650503,0.0
650504,0.0
650505,0.0
650506,0.0
650507,0.0
650508,0.0
650509,0.0
650510,0.0
650511,0.0
650512,0.0
650513,0.0
650514,0.0
650515,0.0
650516,0.0
650517,0.0
650518,0.0
650519,0.0
650520,0.0
650521,0.0
650522,0.0
650523,0.0
650524,0.0
650525,0.0
650526,0.0
650527,0.0
650528,0.0
650529,0.0
650530,0.0
650531,0.0
650532,0.0
650533,0.0
650534,0.0
650535,0.0
650536,4.02916e-31
650537,0.0
650538,0.0
650539,0.0
650540,0.0
650541,0.0
650542,0.0
650543,0.0
650544,0.0
650545,0.0
650546,0.0
650547,0.0
650548,0.0
650549,0.0
650550,0.0
650551,0.0
650552,0.0
650553,0.0
650554,0.0
650555,0.0
650556,0.0
650557,0.0
650558,0.0
650559,0.0
650560,0.0
650561,0.0
650562,0.0
650563,0.0
650564,0.0
650565,0.0
650566,0.0
650567,0.0
650568,0.0
650569,0.0
650570,0.0
650571,0.0
650572,0.0
650573,0.0
650574,0.0
650575,0.0
650576,0.0
650577,0.0
650578,0.0
650579,0.0
650580,0.0
650581,0.0
650582,0.0
650583,0.0
650584,0.0
650585,0.0
650586,0.0
650587,0.0
650588,0.0
650589,0.0
650590,0.0
650591,0.0
650592,0.0
650593,0.0
650594,0.0
650595,0.0
650596,0.0
650597,0.0
650598,0.0
650599,0.0
650600,0.0
650601,0.0
650602,0.0
650603,0.0
650604,0.0
650605,0.0
650606,0.0
650607,0.0
650608,0.0
650609,0.0
650610,0.0
650611,0.0
650612,0.0
650613,0.0
650614,0.0
650615,0.0
650616,0.0
650617,0.0
650618,0.0
650619,0.0
650620,0.0
650621,0.0
650622,0.0
650623,0.0
650624,0.0
650625,0.0
650626,0.0
650627,0.0
650628,0.0
650629,0.0
650630,0.0
650631,0.0
650632,0.0
650633,0.0
650634,0.0
650635,0.0
650636,0.0
650637,0.0
650638,0.0
650639,0.0
650640,0.0
650641,0.0
650642,0.0
650643,0.0
650644,0.0
650645,0.0
650646,0.0
650647,0.0
650648,0.0
650649,0.0
650650,0.0
650651,0.0
650652,0.0
650653,0.0
650654,0.0
650655,5.0074615e-12
650656,0.0
650657,0.0
650658,0.0
650659,0.0
650660,0.0
650661,0.0
650662,0.0
650663,0.0
650664,0.0
650665,0.0
650666,0.0
650667,0.0
650668,0.0
650669,0.0
650670,0.0
650671,0.0
650672,0.0
650673,0.0
650674,9.184863e-36
650675,0.0
650676,0.0
650677,0.0
650678,0.0
650679,0.0
650680,0.0
650681,0.0
650682,0.0
650683,0.0
650684,0.0
650685,0.0
650686,0.0
650687,0.0
650688,0.0
650689,0.0
650690,0.0
650691,0.0
650692,0.0
650693,0.0
650694,0.0
650695,0.0
650696,0.0
650697,0.0
650698,0.0
650699,0.0
650700,0.0
650701,0.0
650702,0.0
650703,0.0
650704,0.0
650705,0.0
650706,0.0
650707,0.0
650708,0.0
650709,0.0
650710,0.0
650711,0.0
650712,0.0
650713,0.0
650714,0.0
650715,0.0
650716,0.0
650717,0.0
650718,0.033416096
650719,0.0
650720,0.0
650721,0.0
650722,0.0
650723,0.0
650724,0.0
650725,0.0
650726,0.0
650727,0.0
650728,0.0
650729,0.0
650730,0.0
650731,0.0
650732,0.0
650733,0.0
650734,0.0
650735,0.0
650736,0.0
650737,0.0
650738,0.0
650739,0.0
650740,0.0
650741,0.0
650742,0.0
650743,0.0
650744,0.0
650745,0.0
650746,0.0
650747,0.0
650748,0.0
650749,0.0
650750,0.0
650751,0.0
650752,0.0
650753,0.0
650754,0.0
650755,0.0
650756,0.0
650757,0.0
650758,0.0
650759,0.0
650760,0.0
650761,0.0
650762,0.0
650763,0.0
650764,0.0
650765,0.0
650766,0.0
650767,0.0
650768,0.0
650769,0.0
650770,0.0
650771,0.0
650772,0.0
650773,0.0
650774,0.0
650775,0.0
650776,0.0
650777,0.0
650778,0.0
650779,0.0
650780,0.0
650781,0.0
650782,0.0
650783,0.0
650784,0.0
650785,0.0
650786,0.0
650787,0.0
650788,0.0
650789,0.0
650790,0.0
650791,0.0
650792,0.0
650793,0.0
650794,0.0
650795,0.0
650796,0.0
650797,0.0
650798,0.0
650799,0.0
650800,0.0
650801,0.0
650802,0.0
650803,0.0
650804,0.0
650805,0.0
650806,0.0
650807,0.0
650808,0.0
650809,0.0
650810,0.0
650811,0.0
650812,0.0
650813,0.0
650814,0.0
650815,0.0
650816,0.0
650817,0.0
650818,0.0
650819,0.0
650820,0.0
650821,0.0
650822,0.0
650823,0.0
650824,0.0
650825,0.0
650826,0.0
650827,0.0
650828,0.0
650829,0.0
650830,0.0
650831,0.0
650832,0.0
650833,0.0
650834,0.0
650835,0.0
650836,0.0
650837,0.0
650838,9.950003e-38
650839,0.0
650840,0.0
650841,0.0
650842,0.0
650843,0.0
650844,0.0
650845,0.0
650846,0.0
650847,0.0
650848,0.0
650849,0.0
650850,0.0
650851,0.0
650852,0.0
650853,0.0
650854,0.0
650855,0.0
650856,0.0
650857,0.0
650858,0.0
650859,0.0
650860,0.0
650861,0.0
650862,0.0
650863,0.0
650864,0.0
650865,0.0
650866,0.0
650867,0.0
650868,0.0
650869,0.0
650870,0.0
650871,0.0
650872,0.0
650873,0.0
650874,0.0
650875,0.0
650876,0.0
650877,0.0
650878,0.0
650879,0.0
650880,0.0
650881,0.0
650882,0.0
650883,0.0
650884,0.0
650885,0.0
650886,0.0
650887,0.0
650888,0.0
650889,0.0
650890,0.0
650891,0.0
650892,0.0
650893,0.0
650894,0.0
650895,0.0
650896,0.0
650897,0.0
650898,0.0
650899,0.0
650900,0.0
650901,0.0
650902,0.0
650903,0.0
650904,0.0
650905,0.0
650906,0.0
650907,0.0
650908,0.0
650909,0.0
650910,0.0
650911,0.0
650912,0.0
650913,0.0
650914,0.0
650915,0.0
650916,0.0
650917,0.0
650918,0.0
650919,0.0
650920,0.0
650921,0.0
650922,0.0
650923,0.0
650924,0.0
650925,0.0
650926,0.0
650927,0.0
650928,0.0
650929,0.0
650930,0.0
650931,0.0
650932,0.0
650933,0.0
650934,0.0
650935,0.0
650936,0.0
650937,0.0
650938,0.0
650939,0.0
650940,0.0
650941,0.0
650942,0.0
650943,0.0
650944,0.0
650945,0.0
650946,0.0
650947,0.0
650948,0.0
650949,0.0
650950,0.0
650951,0.0
650952,0.0
650953,0.0
650954,0.0
650955,0.0
650956,0.0
650957,0.0
650958,0.0
650959,0.0
650960,0.0
650961,0.0
650962,0.0
650963,2.1472162e-10
650964,0.0
650965,0.0
650966,0.0
650967,0.0
650968,0.0
650969,0.0
650970,0.0
650971,0.0
650972,0.0
650973,0.0
650974,0.0
650975,0.0
650976,0.0
650977,0.0
650978,0.0
650979,0.0
650980,0.0
650981,0.0
650982,0.0
650983,0.0
650984,0.0
650985,0.0
650986,0.0
650987,0.0
650988,0.0
650989,0.0
650990,0.0
650991,0.0
650992,0.0
650993,0.0
650994,0.0
650995,0.0
650996,0.0
650997,0.0
650998,0.0
650999,0.0
651000,0.0
651001,0.0
651002,0.0
651003,0.0
651004,0.0
651005,0.0
651006,0.0
651007,0.0
651008,0.0
651009,0.0
651010,0.0
651011,0.0
651012,0.0
651013,0.0
651014,0.0
651015,0.0
651016,0.0
651017,0.0
651018,0.0
651019,0.0
651020,0.0
651021,0.0
651022,0.0
651023,0.0
651024,0.0
651025,0.0
651026,0.0
651027,0.0
651028,0.0
651029,0.0
651030,0.0
651031,0.0
651032,0.0
651033,0.0
651034,0.0
651035,0.0
651036,0.0
651037,0.0
651038,0.0
651039,0.0
651040,0.0
651041,0.0
651042,0.0
651043,0.0
651044,0.0
651045,0.0
651046,0.0
651047,0.0
651048,0.0
651049,0.0
651050,0.0
651051,0.0
651052,0.0
651053,0.0
651054,0.0
651055,0.0
651056,0.0
651057,0.0
651058,0.0
651059,0.0
651060,0.0
651061,0.0
651062,0.0
651063,0.0
651064,0.0
651065,6.227168e-31
651066,0.0
651067,0.0
651068,0.0
651069,0.0
651070,0.0
651071,0.0
651072,0.0
651073,0.0
651074,0.0
651075,0.0
651076,0.0
651077,0.0
651078,0.0
651079,0.0
651080,0.0
651081,0.0
651082,0.0
651083,0.0
651084,0.0
651085,0.0
651086,0.0
651087,0.0
651088,0.0
651089,0.0
651090,0.0
651091,0.0
651092,0.0
651093,0.0
651094,0.0
651095,0.0
651096,0.0
651097,0.0
651098,0.0
651099,0.0
651100,0.0
651101,0.0
651102,0.0
651103,0.0
651104,0.0
651105,0.0
651106,0.0
651107,0.0
651108,0.0
651109,0.0
651110,0.0
651111,0.0
651112,0.0
651113,0.0
651114,0.0
651115,0.0
651116,0.0
651117,0.0
651118,0.0
651119,0.0
651120,0.0
651121,0.0
651122,0.0
651123,0.0
651124,0.0
651125,0.0
651126,0.0
651127,0.0
651128,0.0
651129,0.0
651130,6.1761432e-30
651131,0.0
651132,0.0
651133,0.0
651134,0.0
651135,0.0
651136,0.0
651137,0.0
651138,0.0
651139,0.0
651140,0.0
651141,0.0
651142,0.0
651143,0.0
651144,2.4246042e-14
651145,0.0
651146,0.0
651147,0.0
651148,0.0
651149,0.0
651150,0.0
651151,0.0
651152,0.0
651153,0.0
651154,0.0
651155,0.0
651156,0.0
651157,0.0
651158,0.0
651159,0.0
651160,0.0
651161,0.0
651162,0.0
651163,0.0
651164,0.0
651165,0.0
651166,0.0
651167,0.0
651168,0.0
651169,0.0
651170,0.0
651171,0.0
651172,0.0
651173,0.0
651174,0.0
651175,0.0
651176,0.0
651177,3.465689e-39
651178,0.0
651179,0.0
651180,0.0
651181,0.0
651182,0.0
651183,0.0
651184,0.0
651185,0.0
651186,0.0
651187,0.0
651188,0.0
651189,0.0
651190,0.0
651191,0.0
651192,0.0
651193,0.0
651194,0.0
651195,0.0
651196,0.0
651197,0.0
651198,0.0
651199,0.0
651200,0.0
651201,0.0
651202,0.0
651203,0.0
651204,0.0
651205,0.0
651206,0.0
651207,0.0
651208,0.0
651209,0.0
651210,0.0
651211,0.0
651212,0.0
651213,0.0
651214,0.0
651215,0.0
651216,0.0
651217,0.0
651218,0.0
651219,0.0
651220,0.0
651221,0.0
651222,0.0
651223,0.0
651224,0.0
651225,0.0
651226,0.0
651227,0.0
651228,0.0
651229,0.0
651230,0.0
651231,0.0
651232,0.0
651233,0.0
651234,0.0
651235,0.0
651236,0.0
651237,0.0
651238,0.0
651239,0.0
651240,0.0
651241,0.0
651242,0.0
651243,0.0
651244,0.0
651245,0.0
651246,0.0
651247,0.0
651248,0.0
651249,3.8414324e-28
651250,0.0
651251,0.0
651252,0.0
651253,0.0
651254,0.0
651255,0.0
651256,0.0
651257,0.0
651258,0.0
651259,0.0
651260,0.0
651261,0.0
651262,0.0
651263,0.0
651264,0.0
651265,0.0
651266,0.0
651267,0.0
651268,0.0
651269,0.0
651270,0.0
651271,0.0
651272,0.0
651273,0.0
651274,0.0
651275,0.0
651276,0.0
651277,0.0
651278,0.0
651279,0.0
651280,0.0
651281,0.0
651282,0.0
651283,0.0
651284,9.2180373e-35
651285,0.0
651286,0.0
651287,0.0
651288,0.0
651289,0.0
651290,0.0
651291,0.0
651292,0.0
651293,0.0
651294,0.0
651295,0.0
651296,0.0
651297,0.0
651298,0.0
651299,0.0
651300,1.7999364e-19
651301,0.0
651302,0.0
651303,0.0
651304,0.0
651305,0.0
651306,0.0
651307,0.0
651308,0.0
651309,0.0
651310,0.0
651311,0.0
651312,0.0
651313,0.0
651314,0.0
651315,0.0
651316,0.0
651317,0.0
651318,0.0
651319,0.0
651320,0.0
651321,0.0
651322,0.0
651323,0.0
651324,0.0
651325,0.0
651326,0.0
651327,0.0
651328,0.0
651329,0.0
651330,0.0
651331,0.0
651332,0.0
651333,0.0
651334,0.0
651335,0.0
651336,0.0
651337,0.0
651338,0.0
651339,0.0
651340,0.0
651341,0.0
651342,0.0
651343,0.0
651344,0.0
651345,0.0
651346,0.0
651347,0.0
651348,0.0
651349,0.0
651350,0.0
651351,0.0
651352,0.0
651353,0.0
651354,0.0
651355,0.0
651356,0.0
651357,0.0
651358,0.0
651359,0.0
651360,0.0
651361,0.0
651362,0.0
651363,2.838544e-26
651364,0.0
651365,0.0
651366,0.0
651367,0.0
651368,0.0
651369,0.0
651370,0.0
651371,0.0
651372,0.0
651373,0.0
651374,0.0
651375,0.07716468
651376,0.0
651377,0.0
651378,0.0
651379,0.0
651380,0.0
651381,0.0
651382,0.0
651383,0.0
651384,0.0
651385,0.0
651386,0.0
651387,0.0
651388,0.0
651389,0.0
651390,7.203992e-24
651391,0.0
651392,0.0
651393,0.0
651394,0.0
651395,0.0
651396,0.0
651397,0.0
651398,0.0
651399,0.0
651400,0.0
651401,0.0
651402,0.0
651403,0.0
651404,0.0
651405,0.0
651406,0.0
651407,0.0
651408,0.0
651409,0.0
651410,0.0
651411,0.0
651412,0.0
651413,0.0
651414,0.0
651415,0.0
651416,0.0
651417,0.0
651418,0.0
651419,0.0
651420,0.0
651421,0.0
651422,0.0
651423,0.0
651424,0.0
651425,0.0
651426,0.0
651427,0.0
651428,0.0
651429,0.0
651430,0.0
651431,0.0
651432,0.0
651433,0.0
651434,0.0
651435,0.0
651436,0.0
651437,0.0
651438,0.0038694975
651439,0.0
651440,0.0
651441,0.0
651442,0.0
651443,0.0
651444,0.0
651445,0.0
651446,0.0
651447,0.0
651448,0.0
651449,0.0
651450,0.0
651451,0.0
651452,0.0
651453,0.0
651454,0.0
651455,0.0
651456,0.0
651457,0.0
651458,0.0
651459,0.0
651460,0.0
651461,0.0
651462,0.0
651463,0.0
651464,0.0
651465,0.0
651466,0.0
651467,0.0
651468,0.0
651469,0.0
651470,0.0
651471,0.0
651472,0.0
651473,0.0
651474,0.0
651475,0.0
651476,0.0
651477,0.0
651478,0.0
651479,0.0
651480,0.0
651481,0.0
651482,0.0
651483,0.0
651484,0.0
651485,0.0
651486,0.0
651487,0.0
651488,0.0
651489,0.0
651490,0.0
651491,0.0
651492,0.0
651493,0.0
651494,0.0
651495,0.0
651496,0.0
651497,0.0
651498,0.0
651499,0.0
651500,0.0
651501,0.0
651502,0.0
651503,0.0
651504,0.0
651505,0.0
651506,0.0
651507,0.0
651508,0.0
651509,0.0
651510,0.0
651511,0.0
651512,0.0
651513,0.0
651514,0.0
651515,0.0
651516,0.0
651517,0.0
651518,0.0
651519,0.0
651520,0.0
651521,0.0
651522,0.0
651523,0.0
651524,0.0
651525,0.0
651526,0.0
651527,0.0
651528,0.0
651529,0.0
651530,0.0
651531,0.0
651532,0.0
651533,0.0
651534,0.0
651535,0.0
651536,0.0
651537,0.0
651538,0.0
651539,0.0
651540,0.0
651541,0.0
651542,0.0
651543,0.0
651544,0.0
651545,0.0
651546,0.0
651547,0.0
651548,0.0
651549,0.0
651550,0.0
651551,0.0
651552,0.0
651553,0.0
651554,0.0
651555,0.0
651556,0.0
651557,0.0
651558,0.0
651559,0.0
651560,0.0
651561,0.0
651562,0.0
651563,0.0
651564,0.0
651565,0.0
651566,0.0
651567,0.0
651568,0.0
651569,0.0
651570,0.0
651571,0.0
651572,0.0
651573,0.0
651574,0.0
651575,0.0
651576,0.0
651577,0.0
651578,0.0
651579,0.0
651580,0.0
651581,0.0
651582,0.0
651583,0.0
651584,0.0
651585,0.0
651586,0.0
651587,0.0
651588,0.0
651589,0.0
651590,0.0
651591,0.0
651592,0.0
651593,0.0
651594,0.0
651595,0.0
651596,0.0
651597,0.0
651598,0.0
651599,0.0
651600,0.0
651601,0.0
651602,0.0
651603,0.0
651604,0.0
651605,0.0
651606,0.0
651607,0.0
651608,0.0
651609,0.0
651610,0.0
651611,0.0
651612,0.0
651613,0.0
651614,0.0
651615,0.0
651616,0.0
651617,0.0
651618,0.0
651619,0.0
651620,0.0
651621,0.0
651622,0.0
651623,0.0
651624,0.09770699
651625,0.0
651626,0.0
651627,0.0
651628,0.0
651629,0.0
651630,0.0
651631,0.0
651632,0.0
651633,0.0
651634,0.0
651635,0.0
651636,0.0
651637,0.0
651638,0.0
651639,0.0
651640,0.0
651641,0.0
651642,0.0
651643,0.0
651644,0.0
651645,0.0
651646,0.0
651647,0.0
651648,0.0
651649,0.0
651650,0.0
651651,0.0
651652,0.0
651653,0.0
651654,0.0
651655,0.0
651656,0.0
651657,0.0
651658,0.0
651659,0.0
651660,0.0
651661,0.0
651662,1.6622162e-38
651663,0.0
651664,0.0
651665,0.0
651666,0.0
651667,0.0
651668,0.0
651669,0.0
651670,0.0
651671,0.0
651672,0.0
651673,0.0
651674,0.0
651675,0.0
651676,0.0
651677,0.0
651678,0.0
651679,0.0
651680,0.0
651681,0.0
651682,0.0
651683,0.0
651684,0.0
651685,0.0
651686,0.0
651687,0.0
651688,0.0
651689,0.0
651690,0.0
651691,0.0
651692,0.0
651693,0.0
651694,0.0
651695,0.0
651696,0.0
651697,0.0
651698,0.0
651699,0.0
651700,0.0
651701,0.0
651702,0.0
651703,0.0
651704,0.0
651705,0.0
651706,0.0
651707,0.0
651708,0.0
651709,0.0
651710,0.0
651711,0.0
651712,0.0
651713,0.0
651714,0.0
651715,0.0
651716,0.0
651717,0.0
651718,0.0
651719,0.0
651720,0.0
651721,0.0
651722,0.0
651723,0.0
651724,0.0
651725,0.0
651726,0.0
651727,0.0
651728,0.0
651729,0.0
651730,0.0
651731,0.0
651732,0.0
651733,0.0
651734,0.0
651735,0.0
651736,0.0
651737,0.0
651738,0.0
651739,0.0
651740,0.0
651741,0.0
651742,0.0
651743,0.0
651744,0.0
651745,0.0
651746,0.0
651747,0.0
651748,0.0
651749,0.0
651750,0.0
651751,0.0
651752,0.0
651753,0.0
651754,0.0
651755,0.0
651756,0.0
651757,0.0
651758,0.0
651759,0.0
651760,0.0
651761,0.0
651762,0.0
651763,0.0
651764,0.0
651765,0.0
651766,0.0
651767,0.0
651768,0.0
651769,0.0
651770,0.0
651771,0.0
651772,0.0
651773,0.0
651774,0.0
651775,0.0
651776,0.0
651777,0.0
651778,0.0
651779,0.0
651780,0.0
651781,0.0
651782,0.0
651783,0.0
651784,0.0
651785,0.0
651786,0.0
651787,0.0
651788,0.0
651789,0.0
651790,0.0
651791,0.0
651792,0.0
651793,0.0
651794,0.0
651795,0.0
651796,0.0
651797,0.0
651798,0.0
651799,0.0
651800,0.0
651801,0.0
651802,0.0
651803,0.0
651804,3.6832007e-25
651805,0.0
651806,0.0
651807,0.0
651808,0.0
651809,0.0
651810,0.0
651811,0.0
651812,0.0
651813,0.0
651814,0.0
651815,0.0
651816,0.0
651817,0.0
651818,0.0
651819,0.0
651820,0.0
651821,0.0
651822,0.0
651823,0.0
651824,0.0
651825,0.0
651826,0.0
651827,0.0
651828,0.0
651829,0.0
651830,0.0
651831,0.0
651832,0.0
651833,0.0
651834,0.0
651835,0.0
651836,0.0
651837,0.0
651838,0.0
651839,0.0
651840,0.0
651841,0.0
651842,0.0
651843,0.0
651844,0.0
651845,0.0
651846,0.0
651847,0.0
651848,0.0
651849,0.0
651850,0.0
651851,0.0
651852,0.0
651853,0.0
651854,0.0
651855,0.0
651856,0.0
651857,0.0
651858,0.0
651859,0.0
651860,0.0
651861,0.0
651862,0.0
651863,0.0
651864,0.0
651865,0.0
651866,0.0
651867,0.0
651868,0.0
651869,0.0
651870,0.0
651871,0.0
651872,0.0
651873,0.0
651874,0.0
651875,0.0
651876,0.0
651877,0.0
651878,0.0
651879,0.0
651880,0.0
651881,0.0
651882,0.0
651883,0.0
651884,0.0
651885,0.0
651886,0.0
651887,0.0
651888,0.0
651889,0.0
651890,0.0
651891,0.0
651892,0.0
651893,0.0
651894,0.0
651895,0.0
651896,0.0
651897,0.0
651898,0.0
651899,0.0
651900,0.0
651901,0.0
651902,0.0
651903,0.0
651904,0.0
651905,0.0
651906,0.0
651907,0.0
651908,0.0
651909,0.0
651910,0.0
651911,0.0
651912,0.0
651913,0.0
651914,0.0
651915,0.0
651916,0.0
651917,0.0
651918,0.0
651919,0.0
651920,0.0
651921,0.0
651922,0.0
651923,0.0
651924,0.0
651925,0.0
651926,0.0
651927,0.0
651928,0.0
651929,0.0
651930,0.0
651931,0.0
651932,0.0
651933,0.0
651934,0.0
651935,0.0
651936,0.0
651937,0.0
651938,0.0
651939,0.0
651940,0.0
651941,0.0
651942,0.0
651943,0.0
651944,0.0
651945,0.0
651946,0.0
651947,0.0
651948,0.0
651949,0.0
651950,0.0
651951,0.0
651952,0.0
651953,0.0
651954,0.0
651955,0.0
651956,0.0
651957,0.0
651958,0.0
651959,0.0
651960,0.0
651961,0.0
651962,0.0
651963,0.0
651964,0.0
651965,0.0
651966,0.0
651967,0.0
651968,0.0
651969,0.0
651970,0.0
651971,0.0
651972,0.0
651973,0.0
651974,0.0
651975,0.0
651976,0.0
651977,0.0
651978,0.0
651979,0.0
651980,0.0
651981,0.0
651982,0.0
651983,0.0
651984,0.0
651985,0.0
651986,0.0
651987,0.0
651988,0.0
651989,0.0
651990,0.0
651991,2.6388585e-07
651992,0.0
651993,0.0
651994,0.0
651995,0.0
651996,0.0
651997,0.0
651998,0.0
651999,0.0
652000,0.0
652001,0.0
652002,0.0
652003,0.0
652004,0.0
652005,0.0
652006,0.0
652007,0.0
652008,0.0
652009,0.0
652010,0.0
652011,0.0
652012,0.0
652013,0.0
652014,0.0
652015,0.0
652016,0.0
652017,0.0
652018,0.0
652019,0.0
652020,0.0
652021,0.0
652022,0.0
652023,0.0
652024,0.0
652025,0.0
652026,0.0
652027,0.0
652028,0.0
652029,0.0
652030,0.0
652031,0.0
652032,0.0
652033,0.0
652034,0.0
652035,0.0
652036,0.0
652037,0.0
652038,0.0
652039,0.0
652040,0.0
652041,0.0
652042,0.0
652043,0.0
652044,0.0
652045,0.0
652046,0.0
652047,0.0
652048,0.0
652049,0.0
652050,0.0
652051,0.0
652052,0.0
652053,0.0
652054,0.0
652055,0.0
652056,0.0
652057,0.0
652058,0.0
652059,0.0
652060,0.0
652061,0.0
652062,0.0
652063,0.0
652064,0.0
652065,0.0
652066,0.0
652067,0.0
652068,0.0
652069,0.0
652070,0.0
652071,0.0
652072,0.0
652073,0.0
652074,0.0
652075,0.0
652076,0.0
652077,0.0
652078,0.0
652079,0.0
652080,0.0
652081,0.0
652082,0.0
652083,0.0
652084,0.0
652085,0.0
652086,0.0
652087,0.0
652088,0.0
652089,0.0
652090,0.0
652091,0.0
652092,0.0
652093,0.0
652094,0.0
652095,0.0
652096,0.0
652097,0.0
652098,0.0
652099,0.0
652100,0.0
652101,0.0
652102,0.0
652103,0.0
652104,0.0
652105,0.0
652106,0.0
652107,0.0
652108,0.0
652109,0.0
652110,0.0
652111,0.0
652112,0.0
652113,0.0
652114,0.0
652115,0.0
652116,0.0
652117,0.0
652118,0.0
652119,0.0
652120,0.0
652121,0.0
652122,0.0
652123,0.0
652124,0.0
652125,0.0
652126,0.0
652127,0.0
652128,0.0
652129,0.0
652130,0.0
652131,0.0
652132,0.0
652133,0.0
652134,0.0
652135,0.0
652136,0.0
652137,0.0
652138,0.0
652139,0.0
652140,0.0
652141,0.0
652142,0.0
652143,0.0
652144,0.0
652145,0.0
652146,0.0
652147,0.0
652148,0.0
652149,0.0
652150,0.0
652151,0.0
652152,0.0
652153,0.0
652154,0.0
652155,0.0
652156,0.0
652157,0.0
652158,0.0
652159,0.0
652160,0.0
652161,0.0
652162,0.0
652163,0.0
652164,0.0
652165,0.0
652166,0.0
652167,0.0
652168,0.0
652169,0.0
652170,0.0
652171,0.0
652172,0.0
652173,0.0
652174,0.0
652175,0.0
652176,0.0
652177,0.0
652178,0.0
652179,0.0
652180,0.0
652181,0.0
652182,0.0
652183,0.0
652184,0.0
652185,0.0
652186,0.0
652187,0.0
652188,0.0
652189,0.0
652190,0.0
652191,0.0
652192,0.0
652193,0.0
652194,0.0
652195,0.0
652196,0.0
652197,0.0
652198,0.0
652199,0.0
652200,0.0
652201,0.0
652202,0.0
652203,0.0
652204,0.0
652205,0.0
652206,0.0
652207,0.0
652208,6.761572e-14
652209,0.0
652210,0.0
652211,0.0
652212,0.0
652213,0.0
652214,0.0
652215,0.0
652216,0.0
652217,0.0
652218,0.0
652219,0.0
652220,0.0
652221,0.0
652222,0.0
652223,0.0
652224,0.0
652225,0.0
652226,0.0
652227,0.0
652228,0.0
652229,0.0
652230,0.0
652231,0.0
652232,0.0
652233,0.0
652234,0.0
652235,0.0
652236,0.0
652237,0.0
652238,0.0
652239,0.0
652240,0.0
652241,0.0
652242,0.0
652243,0.0
652244,0.0
652245,0.0
652246,0.0
652247,0.0
652248,0.0
652249,0.0
652250,0.0
652251,0.0
652252,0.0
652253,0.0
652254,0.093987465
652255,0.0
652256,0.0
652257,0.0
652258,0.0
652259,0.0
652260,0.0
652261,0.0
652262,0.0
652263,0.0
652264,0.0
652265,0.0
652266,0.0
652267,0.0
652268,0.0
652269,0.0
652270,0.0
652271,0.0
652272,0.0
652273,0.0
652274,0.0
652275,0.0
652276,0.0
652277,0.0
652278,0.0
652279,0.0
652280,0.0
652281,0.0
652282,0.0
652283,0.0
652284,0.0
652285,0.0
652286,0.0
652287,0.0
652288,0.0
652289,0.0
652290,0.0
652291,0.0
652292,0.0
652293,0.0
652294,0.0
652295,0.0
652296,0.0
652297,0.0
652298,0.0
652299,0.0
652300,0.0
652301,0.0
652302,0.0
652303,0.0
652304,0.0
652305,0.0
652306,0.0
652307,0.0
652308,0.0
652309,0.0
652310,0.0
652311,0.0
652312,0.0
652313,0.0
652314,0.0
652315,0.0
652316,0.0
652317,0.0
652318,0.0
652319,0.0
652320,0.0
652321,0.0
652322,0.0
652323,0.0
652324,0.0
652325,0.0
652326,0.0
652327,0.0
652328,0.0
652329,0.0
652330,0.0
652331,0.0
652332,0.0
652333,0.0
652334,0.0
652335,0.0
652336,0.0
652337,0.0
652338,0.0
652339,0.0
652340,0.0
652341,0.0
652342,0.0
652343,0.0
652344,0.0
652345,0.0
652346,0.0
652347,0.0
652348,0.0
652349,0.0
652350,0.0
652351,0.08052425
652352,0.0
652353,0.0
652354,0.0
652355,0.0
652356,0.0
652357,0.0
652358,0.0
652359,0.0
652360,0.0
652361,0.0
652362,0.0
652363,0.0
652364,0.0
652365,0.0
652366,0.0
652367,0.0
652368,0.0
652369,0.0
652370,0.0
652371,0.0
652372,0.0
652373,0.0
652374,0.0
652375,0.0
652376,0.0
652377,0.0
652378,0.0
652379,0.0
652380,0.0
652381,0.0
652382,0.0
652383,0.0
652384,0.0
652385,0.0
652386,0.0
652387,0.0
652388,0.0
652389,0.0
652390,0.0
652391,0.0
652392,0.0
652393,0.0
652394,0.0
652395,0.0
652396,0.0
652397,0.0
652398,0.0
652399,0.0
652400,0.0
652401,0.0
652402,0.0
652403,0.0
652404,0.0
652405,0.0
652406,0.0
652407,0.0
652408,0.0
652409,0.0
652410,0.0
652411,0.0
652412,0.0
652413,0.0
652414,0.0
652415,0.0
652416,0.0
652417,0.0
652418,0.0
652419,0.0
652420,0.0
652421,0.0
652422,0.0
652423,0.0
652424,0.0
652425,0.0
652426,0.0
652427,0.0
652428,0.0
652429,0.0
652430,0.0
652431,0.0
652432,0.0
652433,0.0
652434,0.0
652435,0.0
652436,0.0
652437,0.0
652438,0.0
652439,0.0
652440,0.0
652441,0.0
652442,0.0
652443,0.0
652444,0.0
652445,0.0
652446,0.0
652447,0.0
652448,0.0
652449,0.0
652450,0.0
652451,0.0
652452,0.0
652453,0.0
652454,0.0
652455,0.0
652456,0.0
652457,0.0
652458,0.0
652459,0.0
652460,0.0
652461,0.0
652462,0.0
652463,0.0
652464,0.0
652465,0.0
652466,0.0
652467,0.0
652468,0.0
652469,0.0
652470,0.0
652471,0.0
652472,0.0
652473,0.0
652474,0.0
652475,0.0
652476,0.0
652477,0.0
652478,0.0
652479,0.0
652480,0.0
652481,0.0
652482,0.0
652483,0.0
652484,0.0
652485,0.0
652486,0.0
652487,0.0
652488,0.0
652489,0.0
652490,0.0
652491,0.0
652492,0.0
652493,0.0
652494,0.0
652495,0.0
652496,0.0
652497,0.0
652498,0.0
652499,0.0
652500,0.0
652501,0.0
652502,0.0
652503,0.0
652504,0.0
652505,0.0
652506,0.0
652507,0.0
652508,0.0
652509,0.0
652510,0.0
652511,0.0
652512,0.0
652513,0.0
652514,0.0
652515,0.0
652516,0.0
652517,0.0
652518,0.0
652519,0.0
652520,0.0
652521,0.0
652522,0.0
652523,0.0
652524,0.0
652525,0.0
652526,0.0
652527,0.0
652528,0.0
652529,0.0
652530,0.0
652531,0.0
652532,0.0
652533,0.0
652534,0.0
652535,0.0
652536,0.0
652537,0.0
652538,0.0
652539,0.0
652540,0.0
652541,0.0
652542,0.0
652543,0.0
652544,0.0
652545,0.0
652546,0.0
652547,0.0
652548,0.0
652549,0.0
652550,0.0
652551,0.0
652552,0.0
652553,0.0
652554,0.0
652555,0.0
652556,0.0
652557,0.0
652558,0.0
652559,0.0
652560,0.0
652561,0.0
652562,0.0
652563,0.0
652564,0.0
652565,0.0
652566,0.0
652567,0.0
652568,0.0
652569,0.0
652570,0.0
652571,0.0
652572,0.0
652573,0.0
652574,0.0
652575,0.0
652576,0.0
652577,0.0
652578,0.0
652579,0.0
652580,0.0
652581,0.0
652582,0.0
652583,0.0
652584,0.0
652585,0.0
652586,0.0
652587,0.0
652588,0.0
652589,0.0
652590,0.0
652591,0.0
652592,0.0
652593,0.0
652594,0.0
652595,0.0
652596,0.0
652597,0.0
652598,0.0
652599,0.0
652600,0.0
652601,0.0
652602,0.0
652603,0.0
652604,0.0
652605,0.0
652606,0.0
652607,0.0
652608,0.0
652609,0.0
652610,0.0
652611,0.0
652612,0.0
652613,0.0
652614,0.0
652615,0.0
652616,0.0
652617,0.0
652618,0.0
652619,0.0
652620,0.0
652621,0.0
652622,0.0
652623,1.5953728e-27
652624,0.0
652625,0.0
652626,0.0
652627,0.0
652628,0.0
652629,0.0
652630,0.0
652631,0.0
652632,0.0
652633,0.0
652634,1.053594e-24
652635,0.0
652636,0.0
652637,0.0
652638,0.0
652639,0.0
652640,0.0
652641,0.0
652642,0.0
652643,0.0
652644,0.0
652645,0.0
652646,0.0
652647,0.0
652648,0.0
652649,0.0
652650,0.0
652651,0.0
652652,0.0
652653,0.0
652654,0.0
652655,0.0
652656,0.0
652657,0.0
652658,0.0
652659,0.0
652660,0.0
652661,0.0
652662,0.0
652663,0.0
652664,0.0
652665,0.0
652666,0.0
652667,0.0
652668,0.0
652669,0.0
652670,0.0
652671,0.0
652672,0.0
652673,0.0
652674,0.0
652675,0.0
652676,0.0
652677,0.0
652678,0.0
652679,0.0
652680,0.0
652681,0.0
652682,0.0
652683,0.0
652684,0.0
652685,0.0
652686,0.0
652687,0.0
652688,0.0
652689,0.0
652690,0.0
652691,0.0
652692,0.0
652693,0.0
652694,0.0
652695,0.0
652696,0.0
652697,0.0
652698,0.0
652699,0.0
652700,0.0
652701,0.0
652702,0.0
652703,0.0
652704,0.0
652705,0.0
652706,0.0
652707,0.0
652708,0.0
652709,0.0
652710,0.0
652711,0.0
652712,0.0
652713,0.0
652714,0.0
652715,0.0
652716,0.0
652717,0.0
652718,0.0
652719,0.0
652720,0.0
652721,0.0
652722,0.0
652723,0.0
652724,0.0
652725,0.0
652726,0.0
652727,0.0
652728,0.0
652729,0.0
652730,0.0
652731,0.0
652732,0.0
652733,0.0
652734,0.0
652735,0.0
652736,0.0
652737,0.0
652738,0.0
652739,0.0
652740,0.0
652741,0.0
652742,0.0
652743,0.0
652744,0.0
652745,0.58188266
652746,0.0
652747,0.0
652748,0.0
652749,0.0
652750,0.0
652751,0.0
652752,0.0
652753,0.0
652754,0.0
652755,0.0
652756,0.0
652757,0.0
652758,0.0
652759,0.0
652760,0.0
652761,0.0
652762,0.0
652763,0.0
652764,0.0
652765,0.0
652766,0.0
652767,0.0
652768,0.0
652769,0.0
652770,0.0
652771,0.0
652772,0.0
652773,0.0
652774,0.0
652775,0.0
652776,0.0
652777,0.0
652778,0.0
652779,0.0
652780,0.0
652781,0.0
652782,0.0
652783,0.0
652784,0.0
652785,0.0
652786,0.0
652787,0.0
652788,0.0
652789,0.0
652790,0.0
652791,0.0
652792,0.0
652793,0.0
652794,0.0
652795,0.0
652796,0.0
652797,0.0
652798,0.0
652799,0.0
652800,0.0
652801,0.0
652802,0.0
652803,0.0
652804,0.0
652805,0.0
652806,0.0
652807,0.0
652808,0.0
652809,0.0
652810,0.0
652811,0.0
652812,0.0
652813,0.0
652814,0.0
652815,0.0
652816,0.0
652817,0.0
652818,0.0
652819,0.0
652820,0.0
652821,0.0
652822,0.0
652823,0.0
652824,0.0
652825,0.0
652826,0.0
652827,0.0
652828,0.0
652829,0.0
652830,0.0
652831,0.0
652832,0.0
652833,0.0
652834,0.0
652835,0.0
652836,0.0
652837,0.0
652838,0.0
652839,0.0
652840,0.0
652841,0.0
652842,0.0
652843,0.0
652844,0.0
652845,0.0
652846,0.0
652847,0.0
652848,0.0
652849,0.0
652850,0.0
652851,0.0
652852,0.0
652853,0.0
652854,0.0
652855,0.0
652856,0.0
652857,0.0
652858,0.0
652859,0.0
652860,0.0
652861,0.0
652862,0.0
652863,0.0
652864,0.0
652865,0.0
652866,0.0
652867,0.0
652868,0.0
652869,0.0
652870,0.0
652871,0.0
652872,0.0
652873,0.0
652874,0.0
652875,0.0
652876,0.0
652877,0.0
652878,0.0
652879,0.0
652880,0.0
652881,0.0
652882,0.0
652883,0.0
652884,0.0
652885,0.0
652886,0.0
652887,0.0
652888,0.0
652889,0.0
652890,0.0
652891,0.0
652892,0.0
652893,0.0
652894,0.0
652895,0.0
652896,0.0
652897,0.0
652898,0.0
652899,0.0
652900,0.0
652901,0.0
652902,0.0
652903,0.0
652904,0.0
652905,0.0
652906,0.0
652907,0.0
652908,0.0
652909,0.0
652910,0.0
652911,0.0
652912,0.0
652913,0.0
652914,0.0
652915,0.0
652916,0.0
652917,0.0
652918,0.0
652919,0.0
652920,0.0
652921,0.0
652922,0.0
652923,0.0
652924,0.0
652925,0.0
652926,0.0
652927,0.0
652928,0.0
652929,0.0
652930,0.0
652931,0.0
652932,5.8631896e-19
652933,0.0
652934,0.0
652935,0.0
652936,0.0
652937,0.0
652938,0.0
652939,0.0
652940,0.0
652941,0.0
652942,0.0
652943,0.0
652944,0.0
652945,0.0
652946,0.0
652947,0.0
652948,0.0
652949,0.0
652950,0.0
652951,0.0
652952,0.0
652953,0.0
652954,0.0
652955,0.0
652956,0.0
652957,0.0
652958,0.0
652959,0.0
652960,0.0
652961,0.0
652962,0.0
652963,0.0
652964,0.0
652965,0.0
652966,0.0
652967,0.0
652968,0.0
652969,0.0
652970,0.0
652971,0.0
652972,0.0
652973,0.0
652974,0.0
652975,0.0
652976,0.0
652977,0.0
652978,0.0
652979,0.0
652980,0.0
652981,0.0
652982,0.0
652983,0.0
652984,0.0
652985,0.0
652986,0.0
652987,0.0
652988,0.0
652989,0.0
652990,0.0
652991,0.0
652992,0.0
652993,0.0
652994,0.0
652995,0.0
652996,0.0
652997,0.0
652998,0.0
652999,0.0
653000,0.0
653001,0.0
653002,0.0
653003,0.0
653004,0.0
653005,0.0
653006,0.0
653007,0.0
653008,0.0
653009,0.0
653010,0.0
653011,0.0
653012,0.0
653013,0.0
653014,0.0
653015,0.0
653016,0.0
653017,0.0
653018,0.0
653019,0.0
653020,0.0
653021,0.0
653022,0.0
653023,0.0
653024,0.0
653025,0.0
653026,0.0
653027,0.0
653028,0.0
653029,0.0
653030,0.0
653031,0.0
653032,0.0
653033,0.0
653034,0.0
653035,0.0
653036,0.0
653037,0.0
653038,0.0
653039,0.0
653040,0.0
653041,0.0
653042,0.0
653043,0.0
653044,0.0
653045,0.0
653046,0.0
653047,0.0
653048,0.0
653049,0.0
653050,0.0
653051,0.0
653052,0.0
653053,0.0
653054,0.0
653055,0.0
653056,0.0
653057,0.0
653058,0.0
653059,0.0
653060,0.0
653061,0.0
653062,0.0
653063,0.0
653064,0.0
653065,0.0
653066,0.0
653067,0.0
653068,0.0
653069,0.0
653070,0.0
653071,0.0
653072,0.01070872
653073,0.0
653074,0.0
653075,0.0
653076,0.0
653077,0.0
653078,0.0
653079,0.0
653080,0.0
653081,0.0
653082,0.0
653083,0.0
653084,0.0
653085,0.0
653086,0.0
653087,0.0
653088,1.4494757e-35
653089,0.0
653090,0.0
653091,0.0
653092,0.0
653093,0.0
653094,0.0
653095,0.0
653096,0.0
653097,0.0
653098,0.0
653099,0.0
653100,0.0
653101,0.0
653102,0.0
653103,0.0
653104,0.0
653105,0.0
653106,0.0
653107,0.0
653108,0.0
653109,0.0
653110,0.0
653111,0.0
653112,0.0
653113,0.0
653114,0.0
653115,0.0
653116,0.0
653117,0.0
653118,0.0
653119,0.0
653120,0.0
653121,0.0
653122,0.0
653123,0.0
653124,0.0
653125,0.0
653126,0.0
653127,0.0
653128,0.0
653129,0.0
653130,0.0
653131,0.0
653132,0.0
653133,0.0
653134,0.0
653135,0.0
653136,0.0
653137,0.0
653138,0.0
653139,0.0
653140,0.0
653141,0.0
653142,0.0
653143,0.0
653144,0.0
653145,0.0
653146,0.0
653147,0.0
653148,0.0
653149,0.0
653150,0.0
653151,0.0
653152,0.0
653153,0.0
653154,0.0
653155,0.0
653156,0.0
653157,0.0
653158,0.0
653159,0.0
653160,0.0
653161,0.0
653162,0.0
653163,0.0
653164,0.0
653165,0.0
653166,0.0
653167,0.0
653168,0.0
653169,0.0
653170,0.0
653171,0.0
653172,0.0
653173,0.0
653174,0.0
653175,0.0
653176,0.0
653177,0.0
653178,0.0
653179,0.0
653180,0.0
653181,0.0
653182,0.0036677334
653183,0.0
653184,0.0
653185,0.0
653186,0.0
653187,0.0
653188,0.0
653189,0.0
653190,0.0
653191,0.0
653192,0.0
653193,0.0
653194,0.0
653195,0.0
653196,0.0
653197,0.0
653198,0.0
653199,0.0
653200,0.0
653201,0.0
653202,0.0
653203,0.0
653204,0.0
653205,0.0
653206,0.0
653207,0.0
653208,0.0
653209,0.0
653210,0.0
653211,0.0
653212,0.0
653213,0.0
653214,0.0
653215,0.0
653216,0.0
653217,0.0
653218,0.0
653219,0.0
653220,0.0
653221,0.0
653222,0.0
653223,0.0
653224,0.0
653225,0.0
653226,0.0
653227,0.0
653228,0.0
653229,0.0
653230,0.0
653231,0.0
653232,1.2340484e-38
653233,0.0
653234,0.0
653235,0.0
653236,0.0
653237,0.0
653238,0.0
653239,0.0
653240,0.0
653241,0.0
653242,0.0
653243,0.0
653244,0.0
653245,0.0
653246,0.0
653247,0.0
653248,0.0
653249,0.0
653250,0.0
653251,0.0
653252,0.0
653253,0.0
653254,0.0
653255,0.0
653256,0.0
653257,0.0
653258,0.0
653259,0.0
653260,0.0
653261,0.0
653262,0.0
653263,0.0
653264,0.0
653265,0.0
653266,0.0
653267,0.0
653268,0.0
653269,0.0
653270,0.0
653271,0.0
653272,0.0
653273,0.0
653274,0.0
653275,0.0
653276,0.0
653277,0.0
653278,0.0
653279,0.0
653280,0.0
653281,0.0
653282,0.0
653283,0.0
653284,0.0
653285,0.0
653286,0.0
653287,0.0
653288,0.0
653289,0.0
653290,0.0
653291,0.0
653292,0.0
653293,0.0
653294,0.0
653295,0.0
653296,0.0
653297,0.0
653298,0.0
653299,0.0
653300,0.0
653301,0.0
653302,0.0
653303,0.0
653304,0.0
653305,0.0
653306,0.0
653307,0.0
653308,0.0
653309,0.0
653310,0.0
653311,0.0
653312,0.0
653313,0.0
653314,0.0
653315,0.0
653316,0.0
653317,0.0
653318,0.0
653319,0.0
653320,0.0
653321,0.0
653322,0.0
653323,0.0
653324,0.0
653325,0.0
653326,0.0
653327,0.0
653328,0.0
653329,0.0
653330,0.0
653331,0.0
653332,0.0
653333,0.0
653334,0.0
653335,0.0
653336,0.0
653337,0.0
653338,0.0
653339,0.0
653340,0.0
653341,0.0
653342,0.0
653343,0.0
653344,0.0
653345,0.0
653346,0.0
653347,0.0
653348,0.0
653349,0.0
653350,0.0
653351,0.0
653352,0.0
653353,0.0
653354,0.0
653355,0.0
653356,0.0
653357,0.0
653358,0.0
653359,0.0
653360,0.0
653361,0.0
653362,0.0
653363,0.0
653364,0.0
653365,0.0
653366,0.0
653367,0.0
653368,0.0
653369,0.0
653370,0.0
653371,0.0
653372,0.0
653373,0.0
653374,0.0
653375,0.0
653376,0.0
653377,0.0
653378,0.0
653379,0.0
653380,0.0
653381,0.0
653382,0.0
653383,0.0
653384,0.0
653385,0.0
653386,0.0
653387,0.0
653388,0.0
653389,0.0
653390,0.0
653391,0.0
653392,0.0
653393,0.0
653394,0.0
653395,0.0
653396,0.0
653397,0.0
653398,0.0
653399,0.0
653400,0.0
653401,0.0
653402,0.0
653403,0.0
653404,0.0
653405,0.0
653406,0.0
653407,0.0
653408,0.0
653409,0.3496624
653410,0.0
653411,0.0
653412,0.0
653413,0.0
653414,0.0
653415,0.0
653416,0.0
653417,0.0
653418,0.0
653419,0.0
653420,0.0
653421,0.0
653422,0.0
653423,0.0
653424,0.0
653425,0.0
653426,0.0
653427,0.0
653428,0.0
653429,0.0
653430,0.0
653431,0.0
653432,0.0
653433,0.0
653434,0.0
653435,0.0
653436,0.0
653437,0.0
653438,0.0
653439,0.0
653440,0.0
653441,0.0
653442,0.0
653443,0.0
653444,0.0
653445,0.0
653446,0.0
653447,0.0
653448,0.0
653449,0.0
653450,0.0
653451,0.0
653452,0.0
653453,0.0
653454,0.0
653455,0.0
653456,0.0
653457,0.0
653458,0.0
653459,0.0
653460,0.0
653461,0.0
653462,0.0
653463,0.0
653464,0.0
653465,0.0
653466,0.0
653467,0.0
653468,0.0
653469,0.0
653470,0.0
653471,0.0
653472,0.0
653473,0.0
653474,0.0
653475,0.0
653476,0.0
653477,0.0
653478,0.0
653479,5.6130244e-07
653480,0.0
653481,0.0
653482,0.0
653483,0.0
653484,0.0
653485,0.0
653486,0.0
653487,0.0
653488,0.0
653489,0.0
653490,0.0
653491,0.0
653492,0.0
653493,0.0
653494,0.0
653495,0.0
653496,0.0
653497,0.0
653498,0.0
653499,0.0
653500,0.0
653501,0.0
653502,0.0
653503,0.0
653504,0.0
653505,0.0
653506,0.0
653507,0.0
653508,0.0
653509,0.0
653510,0.0
653511,0.0
653512,0.0
653513,0.0
653514,0.0
653515,0.0
653516,0.0
653517,0.0
653518,0.0
653519,0.0
653520,0.0
653521,0.0
653522,0.0
653523,0.0
653524,0.0
653525,0.0
653526,0.0
653527,0.0
653528,0.0
653529,0.0
653530,0.0
653531,0.0
653532,0.0
653533,0.0
653534,0.0
653535,0.0
653536,0.0
653537,0.0
653538,0.0
653539,0.0
653540,0.0
653541,0.0
653542,0.0
653543,0.0
653544,0.0
653545,0.0
653546,0.0
653547,0.0
653548,0.0
653549,0.0
653550,0.0
653551,0.0
653552,0.0
653553,0.0
653554,0.0
653555,0.0
653556,0.0
653557,0.0
653558,0.0
653559,0.0
653560,0.0
653561,0.0
653562,0.0
653563,0.0
653564,0.0
653565,0.0
653566,0.0
653567,0.0
653568,0.0
653569,0.0
653570,0.0
653571,0.0
653572,0.0
653573,0.0
653574,0.0
653575,0.0
653576,0.0
653577,0.0
653578,0.0
653579,0.0
653580,0.0
653581,0.0
653582,0.0
653583,0.0
653584,0.0
653585,0.0
653586,0.0
653587,0.0
653588,0.0
653589,0.0
653590,0.0
653591,2.7636508e-29
653592,0.0
653593,0.0
653594,0.0
653595,0.0
653596,0.0
653597,0.0
653598,0.0
653599,0.0
653600,0.0
653601,0.0
653602,0.0
653603,0.0
653604,0.0
653605,0.0
653606,0.0
653607,8.845804e-11
653608,0.0
653609,0.0
653610,0.0
653611,0.0
653612,0.0
653613,0.0
653614,0.0
653615,0.0
653616,0.0
653617,0.0
653618,0.0
653619,0.0
653620,0.0
653621,0.0
653622,0.0
653623,0.0
653624,0.0
653625,0.0
653626,0.0
653627,0.0
653628,0.0
653629,0.0
653630,0.0
653631,0.0
653632,0.0
653633,0.0
653634,0.0
653635,0.0
653636,0.0
653637,0.0
653638,0.0
653639,0.0
653640,0.0
653641,0.0
653642,0.0
653643,0.0
653644,0.0
653645,0.0
653646,0.0
653647,0.0
653648,0.0
653649,0.0
653650,0.0
653651,0.0
653652,0.0
653653,0.0
653654,0.052525733
653655,0.0
653656,0.0
653657,0.0
653658,0.0
653659,0.0
653660,0.0
653661,0.0
653662,0.0
653663,0.0
653664,0.0
653665,0.0
653666,0.0
653667,0.0
653668,0.0
653669,0.0
653670,0.0
653671,0.0
653672,0.0
653673,0.0
653674,0.0
653675,0.0
653676,0.0
653677,0.0
653678,0.0
653679,0.0
653680,0.0
653681,0.0
653682,0.0
653683,0.0
653684,0.0
653685,0.0
653686,0.0
653687,0.0
653688,1.5389458e-25
653689,0.0
653690,0.0
653691,0.0
653692,0.0
653693,0.0
653694,0.0
653695,0.0
653696,0.0
653697,0.0
653698,0.0
653699,0.0
653700,0.0
653701,0.0
653702,0.0
653703,0.0
653704,0.0
653705,0.0
653706,0.0
653707,0.0
653708,0.0
653709,0.0
653710,0.0
653711,0.0
653712,0.0
653713,0.0
653714,0.0
653715,0.0
653716,0.0
653717,0.0
653718,0.0
653719,0.0
653720,0.0
653721,0.0
653722,0.0
653723,0.0
653724,0.0
653725,0.0
653726,0.0
653727,0.0
653728,0.0
653729,0.0
653730,0.0
653731,0.0
653732,0.0
653733,0.0
653734,0.0
653735,0.0
653736,0.0
653737,0.0
653738,0.0
653739,0.0
653740,0.0
653741,0.0
653742,0.0
653743,0.0
653744,0.0
653745,0.0
653746,0.0
653747,0.0
653748,0.0
653749,0.0
653750,0.0
653751,0.0
653752,0.0
653753,0.0
653754,0.0
653755,0.0
653756,0.0
653757,0.0
653758,0.0
653759,0.0
653760,0.0
653761,0.0
653762,0.0
653763,0.0
653764,0.0
653765,0.0
653766,0.0
653767,0.0
653768,0.0
653769,0.0
653770,0.0
653771,0.0
653772,0.0
653773,0.0
653774,3.412776e-33
653775,0.0
653776,0.0
653777,0.0
653778,0.0
653779,0.0
653780,0.0
653781,0.0
653782,0.0
653783,0.0
653784,0.0
653785,0.0
653786,0.0
653787,0.0
653788,0.0
653789,0.0
653790,0.0
653791,0.0
653792,1.4497547e-24
653793,0.0
653794,0.0
653795,0.0
653796,0.0
653797,0.0
653798,0.0
653799,0.0
653800,0.0
653801,0.0
653802,0.0
653803,0.0
653804,0.0
653805,0.0
653806,0.0
653807,0.0
653808,0.0
653809,0.0
653810,0.0
653811,0.0
653812,0.0
653813,0.0
653814,0.0
653815,0.0
653816,0.0
653817,0.0
653818,0.0
653819,0.0
653820,0.0
653821,0.0
653822,0.0
653823,0.0
653824,0.0
653825,0.0
653826,0.0
653827,0.0
653828,0.0
653829,0.0
653830,0.0
653831,0.0
653832,0.0
653833,0.0
653834,0.0
653835,0.0
653836,0.0
653837,0.0
653838,0.0
653839,0.0
653840,3.7446904e-38
653841,0.0
653842,0.0
653843,0.0
653844,0.0
653845,0.0
653846,0.0
653847,0.0
653848,0.0
653849,0.0
653850,0.0
653851,0.0
653852,0.0
653853,0.0
653854,0.0
653855,0.0
653856,0.0
653857,0.0
653858,0.0
653859,0.0
653860,0.0
653861,0.0
653862,0.0
653863,0.0
653864,0.0
653865,0.0
653866,0.0
653867,0.0
653868,0.0
653869,0.0
653870,0.0
653871,0.0
653872,0.0
653873,0.0
653874,0.0
653875,0.0
653876,0.0
653877,0.0
653878,0.0
653879,0.0
653880,0.0
653881,0.0
653882,0.0
653883,0.0
653884,0.0
653885,0.0
653886,0.0
653887,0.0
653888,0.0
653889,0.0
653890,0.0
653891,0.0
653892,0.0
653893,0.0
653894,0.0
653895,0.0
653896,0.0
653897,0.0
653898,0.0
653899,0.0
653900,0.0
653901,0.0
653902,0.0
653903,0.0
653904,0.0
653905,0.0
653906,0.0
653907,0.0
653908,0.0
653909,0.0
653910,0.0
653911,0.0
653912,0.0
653913,0.0
653914,0.0
653915,0.0
653916,0.0
653917,0.0
653918,0.0
653919,0.0
653920,0.0
653921,0.0
653922,0.0
653923,0.0
653924,0.0
653925,0.0
653926,0.0
653927,0.0
653928,0.0
653929,0.0
653930,0.0
653931,0.0
653932,0.0
653933,0.0
653934,0.0
653935,0.0
653936,0.0
653937,0.0
653938,0.0
653939,0.0
653940,0.0
653941,0.0
653942,0.0
653943,0.0
653944,0.0
653945,0.0
653946,0.0
653947,0.0
653948,0.0
653949,0.0
653950,0.0
653951,0.0
653952,0.0
653953,0.0
653954,0.0
653955,0.0
653956,0.0
653957,0.0
653958,0.0
653959,0.0
653960,0.0
653961,0.0
653962,0.0
653963,0.0
653964,0.0
653965,0.0
653966,0.0
653967,0.0
653968,0.0
653969,0.0
653970,0.0
653971,0.0
653972,0.0
653973,0.0
653974,0.0
653975,0.0
653976,0.0
653977,0.0
653978,0.0
653979,0.0
653980,0.0
653981,1.5522811e-27
653982,0.0
653983,0.0
653984,0.0
653985,0.0
653986,0.0
653987,0.0
653988,0.0
653989,0.0
653990,0.0
653991,0.0
653992,0.0
653993,0.0
653994,0.0
653995,0.0
653996,0.0
653997,0.0
653998,0.0
653999,0.0
654000,0.0
654001,0.0
654002,0.0
654003,0.0
654004,0.0
654005,0.0
654006,0.0
654007,0.0
654008,0.0
654009,0.0
654010,0.0
654011,0.0
654012,0.0
654013,0.0
654014,0.0
654015,0.0
654016,0.0
654017,0.0
654018,0.0
654019,0.0
654020,0.0
654021,0.0
654022,0.0
654023,0.0
654024,0.0
654025,0.0
654026,0.0
654027,0.0
654028,0.0
654029,0.0
654030,0.0
654031,0.0
654032,0.0
654033,7.2105696e-11
654034,0.0
654035,0.0
654036,0.0
654037,0.0
654038,0.0
654039,0.0
654040,0.0
654041,0.0
654042,0.0
654043,0.0
654044,0.0
654045,0.0
654046,0.0
654047,0.0
654048,0.0
654049,0.0
654050,0.0
654051,0.0
654052,0.0
654053,0.0
654054,4.7234563e-28
654055,0.0
654056,0.0
654057,0.0
654058,0.0
654059,0.0
654060,0.0
654061,0.0
654062,0.0
654063,0.0
654064,0.0
654065,0.0
654066,0.0
654067,0.0
654068,0.0
654069,0.0
654070,0.0
654071,0.0
654072,0.0
654073,0.0
654074,0.0
654075,0.0
654076,0.0
654077,0.0
654078,0.0
654079,0.0
654080,0.0
654081,0.0
654082,0.0
654083,0.0
654084,0.0
654085,0.0
654086,0.0
654087,0.0
654088,0.0
654089,0.0
654090,0.0
654091,0.0
654092,0.0
654093,0.0
654094,0.0
654095,0.0
654096,0.0
654097,0.0
654098,0.0
654099,0.0
654100,0.0
654101,0.0
654102,0.0
654103,0.0
654104,0.0
654105,0.0
654106,0.0
654107,0.0
654108,0.0
654109,0.0
654110,0.0
654111,0.0
654112,0.0
654113,0.0
654114,0.0
654115,0.0
654116,0.0
654117,0.0
654118,0.0
654119,0.0
654120,0.0
654121,0.0
654122,0.0
654123,0.0
654124,0.0
654125,0.0
654126,0.0
654127,0.0
654128,0.0
654129,0.0
654130,0.0
654131,0.0
654132,0.0
654133,0.0
654134,8.0629046e-35
654135,0.0
654136,0.0
654137,0.0
654138,0.0
654139,0.0
654140,0.0
654141,0.0
654142,0.0
654143,0.0
654144,0.0
654145,0.0
654146,0.0
654147,0.0
654148,0.0
654149,0.0
654150,0.0
654151,0.0
654152,0.0
654153,0.0
654154,0.0
654155,0.0
654156,0.0
654157,0.0
654158,0.0
654159,0.0
654160,0.0
654161,0.0
654162,0.0
654163,0.0
654164,0.0
654165,3.3786834e-25
654166,0.0
654167,0.0
654168,0.0
654169,0.0
654170,0.0
654171,0.0
654172,0.0
654173,0.0
654174,0.0
654175,0.0
654176,0.0
654177,0.0
654178,0.0
654179,0.0
654180,0.0
654181,0.0
654182,0.0
654183,0.0
654184,0.0
654185,0.0
654186,0.0
654187,0.0
654188,0.0
654189,0.0
654190,0.0
654191,0.0
654192,0.0
654193,0.0
654194,0.0
654195,0.0
654196,0.0
654197,0.0
654198,0.0
654199,0.0
654200,0.0
654201,0.0
654202,0.0
654203,0.0
654204,0.0
654205,0.0
654206,0.0
654207,0.0
654208,0.0
654209,0.0
654210,0.0
654211,0.0
654212,0.0
654213,0.0
654214,0.0
654215,0.0
654216,0.0
654217,0.0
654218,0.0
654219,0.0
654220,0.0
654221,0.0
654222,0.0
654223,0.0
654224,0.0
654225,0.0
654226,0.0
654227,0.0
654228,0.0
654229,0.0
654230,0.0
654231,0.0
654232,0.0
654233,0.0
654234,0.0
654235,0.0
654236,0.0
654237,0.0
654238,0.0
654239,0.0
654240,0.0
654241,0.0
654242,0.0
654243,0.0
654244,0.0
654245,0.0
654246,0.0
654247,0.0
654248,0.0
654249,0.0
654250,0.0
654251,0.0
654252,0.0
654253,0.0
654254,0.0
654255,0.0
654256,0.0
654257,0.0
654258,0.0
654259,0.0
654260,0.0
654261,0.0
654262,0.0
654263,0.0
654264,0.0
654265,0.0
654266,5.097642e-08
654267,0.0
654268,0.0
654269,0.0
654270,0.0
654271,0.0
654272,0.0
654273,0.0
654274,0.0
654275,0.0
654276,0.0
654277,0.0
654278,0.0
654279,0.0
654280,0.0
654281,0.0
654282,0.0
654283,0.0
654284,0.0
654285,0.0
654286,0.0
654287,0.0
654288,0.0
654289,0.0
654290,0.0
654291,0.0
654292,0.0
654293,0.0
654294,0.0
654295,0.0
654296,0.0
654297,0.0
654298,0.0
654299,0.0
654300,0.0
654301,8.034655e-28
654302,0.0
654303,0.0
654304,0.0
654305,0.0
654306,0.0
654307,0.0
654308,0.0
654309,0.0
654310,0.0
654311,0.0
654312,0.0
654313,0.0
654314,0.0
654315,0.0
654316,0.0
654317,0.0
654318,0.0
654319,0.0
654320,0.0
654321,0.0
654322,0.0
654323,0.0
654324,0.0
654325,0.0
654326,0.0
654327,0.0
654328,0.0
654329,0.0
654330,0.0
654331,0.0
654332,0.0
654333,0.0
654334,0.0
654335,0.0
654336,0.0
654337,0.0
654338,0.0
654339,0.0
654340,0.0
654341,0.0
654342,0.0
654343,0.0
654344,0.0
654345,0.0
654346,0.0
654347,0.0
654348,0.0
654349,0.0
654350,0.0
654351,0.0
654352,0.0
654353,0.0
654354,0.0
654355,0.0
654356,0.0
654357,0.0
654358,0.0
654359,0.0
654360,0.0
654361,0.0
654362,0.0
654363,0.0
654364,0.0
654365,0.0
654366,0.0
654367,0.0
654368,0.0
654369,0.0
654370,0.0
654371,0.0
654372,0.0
654373,0.0
654374,0.0
654375,0.0
654376,0.0
654377,0.0
654378,0.0
654379,0.0
654380,0.0
654381,0.0
654382,0.0
654383,0.0
654384,0.0
654385,0.0
654386,0.0
654387,0.0
654388,0.0
654389,0.0
654390,0.0
654391,0.0
654392,0.0
654393,0.0
654394,0.0
654395,0.0
654396,0.0
654397,0.0
654398,0.0
654399,0.0
654400,0.0
654401,0.0
654402,0.0
654403,0.0
654404,0.0
654405,0.0
654406,0.0
654407,0.0
654408,0.0
654409,0.0
654410,0.0
654411,0.0
654412,0.0
654413,0.0
654414,0.0
654415,0.0
654416,0.0
654417,0.0
654418,0.0
654419,0.0
654420,0.0
654421,0.0
654422,0.0
654423,0.0
654424,0.0
654425,0.0
654426,0.0
654427,0.0
654428,0.0
654429,0.0
654430,0.0
654431,0.0
654432,0.0
654433,0.0
654434,0.0
654435,0.0
654436,0.0
654437,0.0
654438,0.0
654439,0.0
654440,0.0
654441,0.0
654442,0.0
654443,0.0
654444,0.0
654445,0.0
654446,0.0
654447,0.0
654448,0.0
654449,0.0
654450,0.0
654451,0.0
654452,0.0
654453,0.0
654454,0.0
654455,0.0
654456,0.0
654457,0.0
654458,0.0
654459,0.0
654460,0.0
654461,0.0
654462,0.0
654463,0.0
654464,0.0
654465,0.0
654466,0.0
654467,0.0
654468,0.0
654469,0.0
654470,0.0
654471,0.0
654472,0.0
654473,0.0
654474,0.0
654475,0.0
654476,0.0
654477,0.0
654478,0.0
654479,0.0
654480,0.0
654481,0.0
654482,0.0
654483,0.0
654484,0.0
654485,0.0
654486,0.0
654487,0.0
654488,0.0
654489,0.0
654490,0.0
654491,0.0
654492,0.0
654493,0.0
654494,0.0
654495,0.0
654496,0.0
654497,0.0
654498,0.0
654499,0.0
654500,0.0
654501,0.0
654502,0.0
654503,0.0
654504,0.0
654505,0.0
654506,0.0
654507,0.0
654508,0.0
654509,0.0
654510,0.0
654511,0.0
654512,0.0
654513,0.0
654514,0.0
654515,0.0
654516,0.0
654517,0.0
654518,0.0
654519,0.0
654520,0.0
654521,0.0
654522,0.0
654523,0.0
654524,0.0
654525,0.0
654526,0.0
654527,0.0
654528,0.0
654529,0.0
654530,0.0
654531,0.0
654532,0.0
654533,0.0
654534,0.0
654535,0.0
654536,0.0
654537,0.0
654538,0.0
654539,0.0
654540,0.0
654541,0.0
654542,0.0
654543,0.0
654544,0.0
654545,0.0
654546,0.0
654547,0.0
654548,0.0
654549,0.0
654550,0.0
654551,0.0
654552,0.0
654553,0.0
654554,0.0
654555,0.0
654556,0.0
654557,0.0
654558,0.0
654559,0.0
654560,0.0
654561,0.0
654562,0.0
654563,0.0
654564,0.0
654565,0.0
654566,0.0
654567,0.0
654568,0.0
654569,0.0
654570,0.0
654571,0.0
654572,0.0
654573,0.0
654574,0.0
654575,0.0
654576,0.0
654577,0.0
654578,0.0
654579,0.0
654580,0.0
654581,0.0
654582,0.0
654583,0.0
654584,0.0
654585,0.0
654586,0.0
654587,0.0
654588,0.0
654589,0.0
654590,0.0
654591,0.0
654592,0.0
654593,0.0
654594,0.0
654595,0.0
654596,0.0
654597,0.0
654598,0.0
654599,0.0
654600,0.0
654601,0.0
654602,0.0
654603,0.0
654604,0.0
654605,0.0
654606,0.0
654607,0.0
654608,0.0
654609,0.0
654610,0.0
654611,0.0
654612,0.0
654613,0.0
654614,0.0
654615,0.0
654616,0.0
654617,0.0
654618,0.0
654619,0.0
654620,0.0
654621,0.0
654622,0.0
654623,0.0
654624,0.0
654625,0.0
654626,0.0
654627,0.0
654628,0.0
654629,0.0
654630,0.0
654631,0.0
654632,0.0
654633,0.0
654634,4.665902e-34
654635,0.0
654636,0.0
654637,0.0
654638,0.0
654639,0.0
654640,0.0
654641,0.0
654642,0.0
654643,0.0
654644,0.0
654645,0.0
654646,1.125181e-28
654647,0.0
654648,0.0
654649,0.0
654650,0.0
654651,0.0
654652,0.0
654653,0.0
654654,0.0
654655,0.0
654656,0.0
654657,0.0
654658,0.0
654659,0.0
654660,0.0
654661,0.0
654662,0.0
654663,0.0
654664,0.0
654665,0.0
654666,0.0
654667,0.0
654668,0.0
654669,6.131048e-23
654670,0.0
654671,0.0
654672,0.0
654673,0.0
654674,0.0
654675,0.0
654676,0.0
654677,0.0
654678,0.0
654679,0.0
654680,0.0
654681,0.0
654682,0.0
654683,0.0
654684,0.0
654685,0.0
654686,0.0
654687,0.0
654688,0.0
654689,0.0
654690,0.0
654691,0.0
654692,0.0
654693,0.0
654694,0.0
654695,0.0
654696,0.0
654697,0.0
654698,0.0
654699,0.0
654700,0.0
654701,0.0
654702,0.0
654703,0.0
654704,0.0
654705,0.0
654706,9.738974e-20
654707,0.0
654708,0.0
654709,0.0
654710,0.0
654711,0.0
654712,0.0
654713,0.0
654714,0.0
654715,0.0
654716,0.0
654717,0.0
654718,0.0
654719,0.0
654720,0.0
654721,0.0
654722,0.0
654723,0.0
654724,0.0
654725,0.0
654726,0.0
654727,0.0
654728,0.0
654729,1.6635657e-25
654730,0.0
654731,0.0
654732,0.0
654733,0.0
654734,0.0
654735,0.0
654736,0.0
654737,0.0
654738,4.906282e-35
654739,0.0
654740,0.0
654741,0.0
654742,0.0
654743,0.0
654744,0.0
654745,0.0
654746,0.0
654747,0.0
654748,0.0
654749,0.0
654750,0.0
654751,0.0
654752,0.0
654753,0.0
654754,0.0
654755,0.0
654756,0.0
654757,0.0
654758,0.0
654759,0.0
654760,0.0
654761,0.0
654762,0.0
654763,0.0
654764,0.0
654765,0.0
654766,0.0
654767,0.0
654768,0.0
654769,0.0
654770,0.0
654771,0.0
654772,0.0
654773,0.0
654774,0.0
654775,0.0
654776,0.0
654777,0.0
654778,0.0
654779,0.0
654780,0.0
654781,0.0
654782,0.0
654783,0.0
654784,0.0
654785,0.0
654786,0.0
654787,0.0
654788,0.0
654789,0.0
654790,0.0
654791,0.0
654792,0.0
654793,0.0
654794,0.0
654795,0.0
654796,0.0
654797,0.0
654798,0.0
654799,0.0
654800,0.0
654801,0.0
654802,0.0
654803,0.0
654804,0.0
654805,0.0
654806,0.0
654807,0.0
654808,0.0
654809,0.0
654810,0.0
654811,0.0
654812,0.0
654813,0.0
654814,0.0
654815,0.0
654816,0.0
654817,0.0
654818,0.0
654819,0.0
654820,0.0
654821,0.0
654822,0.0
654823,0.0
654824,0.0
654825,0.0
654826,0.0
654827,0.0
654828,0.0
654829,0.0
654830,0.0
654831,0.0
654832,0.0
654833,0.0
654834,0.0
654835,0.0
654836,0.0
654837,0.0
654838,0.0
654839,0.0
654840,0.0
654841,0.0
654842,0.0
654843,0.0
654844,0.0
654845,0.0
654846,0.0
654847,0.0
654848,0.0
654849,0.0
654850,0.0
654851,0.0
654852,0.0
654853,0.0
654854,0.0
654855,0.0
654856,0.0
654857,0.0
654858,0.0
654859,0.0
654860,0.0
654861,0.0
654862,0.0
654863,0.0
654864,0.0
654865,0.0
654866,0.0
654867,0.0
654868,0.0
654869,0.0
654870,0.0
654871,0.0
654872,0.0
654873,0.0
654874,0.0
654875,0.0
654876,0.0
654877,0.0
654878,0.0
654879,0.0
654880,0.0
654881,0.0
654882,0.0
654883,0.0
654884,0.0
654885,0.0
654886,0.0
654887,0.0
654888,0.0
654889,0.0
654890,0.0
654891,0.0
654892,0.0
654893,0.0
654894,0.0
654895,0.0
654896,0.0
654897,0.0
654898,0.0
654899,0.0
654900,0.0
654901,0.0
654902,0.0
654903,0.0
654904,0.0
654905,0.0
654906,0.0
654907,0.0
654908,0.0
654909,0.0
654910,0.0
654911,0.0
654912,0.0
654913,0.0
654914,0.0
654915,0.0
654916,0.0
654917,0.0
654918,0.0
654919,0.0
654920,0.0
654921,0.0
654922,0.0
654923,0.0
654924,0.0
654925,0.0
654926,0.0
654927,0.0
654928,0.0
654929,0.0
654930,0.0
654931,0.0
654932,0.0
654933,0.0
654934,0.0
654935,0.0
654936,0.0
654937,1.8447548e-38
654938,0.0
654939,0.0
654940,0.0
654941,0.0
654942,0.0
654943,0.0
654944,0.0
654945,0.0
654946,0.0
654947,0.0
654948,0.0
654949,0.0
654950,0.0
654951,0.0
654952,0.0
654953,0.0
654954,0.0
654955,0.0
654956,0.0
654957,0.0
654958,0.0
654959,0.0
654960,0.0
654961,0.0
654962,0.0
654963,0.0
654964,0.0
654965,0.0
654966,0.0
654967,0.0
654968,0.0
654969,0.0
654970,0.0
654971,0.0
654972,0.0
654973,0.0
654974,0.0
654975,0.0
654976,0.0
654977,0.0
654978,0.0
654979,0.0
654980,0.0
654981,0.0
654982,0.0
654983,0.0
654984,0.0
654985,0.0
654986,0.0
654987,0.0
654988,0.0
654989,0.0
654990,0.0
654991,0.0
654992,0.0
654993,0.0
654994,0.0
654995,0.0
654996,0.0
654997,0.0
654998,0.0
654999,0.0
655000,0.0
655001,0.0
655002,0.0
655003,0.0
655004,0.0
655005,0.0
655006,0.0
655007,0.0
655008,0.0
655009,0.0
655010,0.0
655011,0.0
655012,0.0
655013,0.0
655014,0.0
655015,0.0
655016,0.0
655017,0.0
655018,0.0
655019,0.0
655020,0.0
655021,0.0
655022,0.0
655023,0.0
655024,0.0
655025,0.0
655026,0.0
655027,0.0
655028,0.0
655029,0.0
655030,0.0
655031,0.0
655032,0.0
655033,0.0
655034,0.050960258
655035,0.0
655036,0.0
655037,0.0
655038,0.0
655039,0.0
655040,0.0
655041,0.0
655042,0.0
655043,0.0
655044,0.0
655045,0.0
655046,0.0
655047,0.0
655048,0.0
655049,0.0
655050,0.0
655051,0.0
655052,0.0
655053,0.0
655054,0.0
655055,0.0
655056,0.0
655057,0.0
655058,0.0
655059,0.0
655060,0.0
655061,0.0
655062,0.0
655063,0.0
655064,0.0
655065,0.0
655066,0.0
655067,0.0
655068,0.0
655069,0.0
655070,0.0
655071,0.0
655072,0.36242384
655073,0.0
655074,0.0
655075,0.0
655076,0.0
655077,0.0
655078,0.0
655079,0.0
655080,0.0
655081,0.0
655082,0.0
655083,0.0
655084,0.0
655085,0.0
655086,0.0
655087,0.0
655088,0.0
655089,0.0
655090,0.0
655091,0.0
655092,0.0
655093,0.0
655094,0.0
655095,0.0
655096,0.0
655097,0.0
655098,0.0
655099,0.0
655100,0.0
655101,0.0
655102,0.0
655103,0.0
655104,0.0
655105,0.0
655106,0.0
655107,0.0
655108,0.0
655109,0.0
655110,0.0
655111,0.0
655112,0.0
655113,0.0
655114,0.0
655115,0.0
655116,0.0
655117,0.0
655118,0.0
655119,0.0
655120,0.0
655121,0.0
655122,0.0
655123,0.0
655124,0.0
655125,0.0
655126,0.0
655127,0.0
655128,0.0
655129,0.0
655130,0.0
655131,0.0
655132,0.0
655133,0.0
655134,0.0
655135,0.0
655136,0.0
655137,0.0
655138,0.0
655139,0.0
655140,0.0
655141,0.0
655142,0.0
655143,0.0
655144,0.0
655145,0.0
655146,0.0
655147,0.0
655148,0.0
655149,0.0
655150,0.0
655151,0.0
655152,0.0
655153,0.0
655154,0.0
655155,0.0
655156,0.0
655157,0.0
655158,0.0
655159,0.0
655160,0.0
655161,0.0
655162,0.0
655163,0.0
655164,0.0
655165,0.0
655166,0.0
655167,0.0
655168,0.0
655169,0.0
655170,0.0
655171,0.0
655172,0.0
655173,0.0
655174,0.0
655175,0.0
655176,0.0
655177,0.0
655178,0.0
655179,0.0
655180,0.0
655181,0.0
655182,0.0
655183,0.0
655184,0.0
655185,0.0
655186,0.0
655187,0.0
655188,0.0
655189,0.0
655190,0.0
655191,0.00089473673
655192,0.0
655193,0.0
655194,0.0
655195,0.0
655196,0.0
655197,0.0
655198,0.0
655199,0.0
655200,0.0
655201,0.0
655202,0.0
655203,0.0
655204,0.0
655205,0.0
655206,0.0
655207,0.0
655208,2.6755433e-25
655209,0.0
655210,0.0
655211,0.0
655212,0.0
655213,0.0
655214,0.0
655215,0.0
655216,0.0
655217,0.0
655218,0.0
655219,0.0
655220,0.0
655221,0.0
655222,0.0
655223,0.0
655224,0.0
655225,0.0
655226,0.0
655227,0.0
655228,0.0
655229,0.0
655230,0.0
655231,0.0
655232,5.1821575e-38
655233,0.0
655234,0.0
655235,8.600614e-28
655236,0.0
655237,0.0
655238,0.0
655239,0.0
655240,0.0
655241,0.0
655242,0.0
655243,0.0
655244,0.0
655245,0.0
655246,0.0
655247,0.0
655248,0.0
655249,0.0
655250,0.0
655251,0.0
655252,0.0
655253,0.0
655254,0.0
655255,0.0
655256,0.0
655257,0.0
655258,0.0
655259,0.0
655260,0.0
655261,0.0
655262,0.0
655263,0.0
655264,0.0
655265,7.1114416e-36
655266,0.0
655267,0.0
655268,0.0
655269,0.0
655270,0.0
655271,0.0
655272,0.0
655273,0.0
655274,0.0
655275,0.0
655276,0.0
655277,0.0
655278,0.0
655279,0.0
655280,0.0
655281,0.0
655282,0.0
655283,0.0
655284,0.0
655285,0.0
655286,0.0
655287,0.0
655288,0.0
655289,0.0
655290,0.0
655291,0.0
655292,0.0
655293,0.0
655294,0.0
655295,0.0
655296,0.0
655297,0.089003555
655298,0.0
655299,0.0
655300,0.0
655301,0.0
655302,0.0
655303,0.0
655304,0.0
655305,0.0
655306,0.0
655307,0.0
655308,0.0
655309,0.0
655310,0.0
655311,0.0
655312,0.0
655313,0.0
655314,0.0
655315,0.0
655316,0.0
655317,0.0
655318,0.0
655319,0.0
655320,0.0
655321,0.0
655322,0.0
655323,0.0
655324,0.0
655325,0.0
655326,0.0
655327,0.0
655328,0.0
655329,0.0
655330,0.0
655331,0.0
655332,0.0
655333,0.0
655334,0.0
655335,0.0
655336,0.0
655337,0.0
655338,0.0
655339,0.0
655340,0.0
655341,0.0
655342,0.0
655343,0.0
655344,0.0
655345,0.0
655346,0.0
655347,0.0
655348,0.0
655349,0.0
655350,0.0
655351,0.0
655352,0.0
655353,0.0
655354,0.0
655355,0.0
655356,0.0
655357,0.0
655358,0.0
655359,0.0
655360,0.0
655361,0.0
655362,0.0
655363,0.0
655364,0.0
655365,0.0
655366,0.0
655367,0.0
655368,0.0
655369,0.0
655370,0.0
655371,0.0
655372,0.0
655373,0.0
655374,0.0
655375,0.0
655376,7.2954954e-26
655377,0.0
655378,0.0
655379,0.0
655380,0.0
655381,0.0
655382,0.0
655383,0.0
655384,0.0
655385,0.0
655386,0.0
655387,0.0
655388,0.0
655389,0.0
655390,0.0
655391,0.0
655392,0.0
655393,0.0
655394,0.0
655395,0.0
655396,0.0
655397,0.0
655398,0.0
655399,0.0
655400,0.0
655401,0.0
655402,0.0
655403,0.0
655404,0.0
655405,0.0
655406,0.0
655407,0.0
655408,0.0
655409,0.0
655410,0.0
655411,0.0
655412,0.0
655413,0.0
655414,0.0
655415,0.0
655416,0.0
655417,0.0
655418,0.0
655419,0.0
655420,0.0
655421,0.0
655422,0.0
655423,0.0
655424,0.0
655425,0.0
655426,0.0
655427,0.0
655428,0.0
655429,0.0
655430,0.0
655431,0.0
655432,0.0
655433,3.625941e-05
655434,0.0
655435,0.0
655436,0.0
655437,0.0
655438,0.0
655439,0.0
655440,0.0
655441,0.0
655442,0.0
655443,0.0
655444,0.0
655445,0.0
655446,0.0
655447,0.0
655448,0.0
655449,0.0
655450,0.0
655451,0.0
655452,0.0
655453,0.0
655454,0.0
655455,0.0
655456,0.0
655457,0.0
655458,0.0
655459,0.0
655460,0.0
655461,0.0
655462,0.0
655463,0.0
655464,0.0
655465,0.0
655466,0.0
655467,0.0
655468,0.0
655469,0.0
655470,0.0
655471,0.0
655472,0.0
655473,0.0
655474,0.0
655475,0.0
655476,0.0
655477,0.0
655478,0.0
655479,0.0
655480,0.0
655481,0.0
655482,0.0
655483,0.0
655484,0.0
655485,0.0
655486,0.0
655487,0.0
655488,0.0
655489,0.0
655490,0.0
655491,0.0
655492,0.0
655493,0.0
655494,0.0
655495,0.0
655496,0.36242384
655497,0.0
655498,0.0
655499,0.0
655500,0.0
655501,0.0
655502,0.0
655503,0.0
655504,0.0
655505,0.0
655506,0.0
655507,0.0
655508,0.0
655509,0.0
655510,0.0
655511,0.0
655512,0.0
655513,0.0
655514,0.0
655515,0.0
655516,0.0
655517,0.0
655518,0.0
655519,0.0
655520,0.0
655521,1.4654705e-05
655522,0.0
655523,0.0
655524,0.0
655525,0.0
655526,0.0
655527,0.0
655528,0.0
655529,0.0
655530,0.0
655531,0.0
655532,0.0
655533,0.0
655534,0.0
655535,0.0
655536,0.0
655537,0.0
655538,0.0
655539,0.0
655540,0.0
655541,0.0
655542,0.0
655543,0.0
655544,0.0
655545,0.0
655546,0.0
655547,0.0
655548,0.0
655549,0.0
655550,0.0
655551,0.0
655552,0.0029559825
655553,0.0
655554,0.0
655555,0.0
655556,0.0
655557,0.0
655558,0.0
655559,0.0
655560,0.0
655561,0.0
655562,0.0
655563,0.0
655564,0.0
655565,0.0
655566,0.0
655567,0.0
655568,0.0
655569,0.0
655570,0.0
655571,0.0
655572,0.0
655573,0.0
655574,0.0
655575,0.0
655576,0.0
655577,0.0
655578,0.0
655579,0.0
655580,0.0
655581,0.0
655582,0.0
655583,0.0
655584,0.0
655585,0.0
655586,0.0
655587,0.0
655588,0.0
655589,0.0
655590,0.0
655591,0.0
655592,0.0
655593,0.0
655594,0.0
655595,0.0
655596,0.0
655597,0.0
655598,0.0
655599,0.0
655600,0.0
655601,0.0
655602,0.0
655603,0.0
655604,0.0
655605,0.0
655606,0.0
655607,0.0
655608,0.0
655609,0.0
655610,0.0
655611,0.0
655612,0.0
655613,0.0
655614,0.0
655615,0.0
655616,0.0
655617,0.0
655618,0.0
655619,0.0
655620,0.0
655621,0.0
655622,0.0
655623,0.0
655624,0.0
655625,0.0
655626,0.0
655627,0.0
655628,0.0
655629,0.0
655630,0.0
655631,0.0
655632,0.0
655633,0.0
655634,0.0
655635,0.0
655636,0.0
655637,0.0
655638,0.0
655639,0.0
655640,0.0
655641,0.0
655642,0.0
655643,0.0
655644,0.0
655645,0.0
655646,0.0
655647,0.0
655648,0.0
655649,0.0
655650,0.0
655651,0.0
655652,0.0
655653,0.0
655654,0.0
655655,0.0
655656,0.0
655657,0.0
655658,0.0
655659,0.0
655660,0.0
655661,0.0
655662,0.0
655663,0.0
655664,0.0
655665,0.0
655666,0.0
655667,0.0
655668,0.0
655669,0.0
655670,0.0
655671,0.0
655672,0.0
655673,0.0
655674,0.0
655675,0.0
655676,0.0
655677,0.0
655678,0.0
655679,0.0
655680,0.0
655681,0.0
655682,0.0
655683,0.0
655684,0.0
655685,1.19433726e-26
655686,0.0
655687,0.0
655688,0.0
655689,0.0
655690,0.0
655691,0.0
655692,0.0
655693,0.0
655694,0.0
655695,0.0
655696,0.0
655697,0.0
655698,0.0
655699,0.0
655700,0.0
655701,0.0
655702,0.0
655703,0.0
655704,0.0
655705,0.0
655706,0.0
655707,0.0
655708,0.0
655709,0.0
655710,0.0
655711,0.0
655712,0.0
655713,0.0
655714,0.0
655715,0.0
655716,0.0
655717,0.0
655718,0.0
655719,0.0
655720,0.0
655721,0.0
655722,0.0
655723,0.0
655724,0.0
655725,0.0
655726,0.0
655727,0.0
655728,0.0
655729,0.0
655730,0.0
655731,0.0
655732,0.0
655733,0.0
655734,0.0
655735,0.0
655736,0.0
655737,0.0
655738,0.0
655739,0.0
655740,0.0
655741,0.0
655742,0.0
655743,0.0
655744,0.0
655745,0.0
655746,0.0
655747,0.0
655748,0.0
655749,0.0
655750,0.0
655751,0.0
655752,0.0
655753,0.0
655754,0.0
655755,0.0
655756,0.0
655757,0.0
655758,0.0
655759,0.0
655760,0.0
655761,0.0
655762,0.0
655763,0.0
655764,0.0
655765,0.0
655766,0.0
655767,0.0
655768,0.0
655769,0.0
655770,0.0
655771,0.0
655772,0.0
655773,0.0
655774,0.0
655775,0.0
655776,0.0
655777,0.0
655778,0.0
655779,0.0
655780,4.1609784e-16
655781,0.0
655782,0.0
655783,0.0
655784,0.0
655785,0.0
655786,0.0
655787,0.0
655788,0.0
655789,0.0
655790,0.0
655791,0.0
655792,0.0
655793,0.0
655794,0.0
655795,0.0
655796,0.0
655797,0.0
655798,0.0
655799,0.0
655800,0.0
655801,0.0
655802,0.0
655803,0.0
655804,0.0
655805,0.0
655806,0.0
655807,0.0
655808,0.0
655809,0.0
655810,0.0
655811,0.0
655812,0.0
655813,0.0
655814,0.0
655815,0.0
655816,0.0
655817,0.0
655818,0.0
655819,0.0
655820,0.0
655821,0.0
655822,0.0
655823,0.0
655824,0.0
655825,0.0
655826,0.0
655827,0.0
655828,0.0
655829,0.0
655830,0.0
655831,0.0
655832,0.0
655833,0.0
655834,0.0
655835,0.0
655836,0.0
655837,0.0
655838,0.0
655839,0.0
655840,0.0
655841,0.0
655842,0.0
655843,0.0
655844,0.0
655845,0.0
655846,0.0
655847,0.0
655848,0.0
655849,0.0
655850,0.0
655851,0.0
655852,0.0
655853,0.0
655854,0.0
655855,0.0
655856,0.0
655857,0.0
655858,0.0
655859,0.0
655860,0.0
655861,0.0
655862,0.0
655863,0.0
655864,0.0
655865,0.0
655866,0.0
655867,0.0
655868,0.0
655869,0.0
655870,0.0
655871,0.0
655872,0.0
655873,0.0
655874,0.0
655875,0.0
655876,0.0
655877,0.0
655878,0.0
655879,0.0
655880,0.0
655881,0.0
655882,0.0
655883,0.0
655884,0.0
655885,0.0
655886,0.0
655887,0.0
655888,0.0
655889,0.0
655890,0.0
655891,0.0
655892,0.0
655893,0.0
655894,0.0
655895,0.0
655896,0.0
655897,0.0
655898,0.0
655899,0.0
655900,0.0
655901,0.0
655902,0.0
655903,0.0
655904,0.0
655905,0.0
655906,0.0
655907,0.0
655908,0.0
655909,0.0
655910,0.0
655911,0.0
655912,0.0
655913,0.0
655914,0.0
655915,0.0
655916,0.0
655917,0.0
655918,0.0
655919,0.0
655920,0.0
655921,0.0
655922,0.0
655923,0.0
655924,0.0
655925,0.0
655926,0.0
655927,0.0
655928,0.0
655929,0.0
655930,0.0
655931,0.0
655932,0.0
655933,0.0
655934,0.0
655935,0.0
655936,0.0
655937,0.0
655938,0.0
655939,0.0
655940,0.0
655941,0.0
655942,0.0
655943,0.0
655944,0.0
655945,0.0
655946,0.0
655947,0.0
655948,0.0
655949,0.0
655950,0.0
655951,0.0
655952,0.0
655953,0.0
655954,0.0
655955,0.0
655956,0.0
655957,0.0
655958,0.0
655959,0.0
655960,0.0
655961,0.0
655962,0.0
655963,0.0
655964,0.0
655965,0.0
655966,0.0
655967,0.0
655968,0.0
655969,0.0
655970,0.0
655971,0.0
655972,0.0
655973,0.0
655974,0.0
655975,0.0
655976,0.0
655977,0.0
655978,0.0
655979,0.0
655980,0.0
655981,0.0
655982,0.0
655983,0.0
655984,0.0
655985,0.0
655986,0.0
655987,0.0
655988,0.0
655989,0.0
655990,0.0
655991,0.0
655992,0.0
655993,0.0
655994,0.0
655995,0.0
655996,0.0
655997,0.0
655998,0.0
655999,0.0
656000,0.0
656001,0.0
656002,0.0
656003,0.0
656004,0.0
656005,0.0
656006,0.0
656007,0.0
656008,0.0
656009,0.0
656010,0.0
656011,0.0
656012,0.0
656013,0.0
656014,0.0
656015,0.0
656016,0.0
656017,0.0
656018,0.0
656019,0.0
656020,0.0
656021,0.0
656022,0.0
656023,0.0
656024,0.0
656025,0.0
656026,0.0
656027,0.0
656028,0.0
656029,0.0
656030,0.0
656031,0.0
656032,0.0
656033,0.0
656034,0.0
656035,0.0
656036,0.0
656037,0.0
656038,0.0
656039,0.0
656040,0.0
656041,0.0
656042,0.0
656043,0.0
656044,0.0
656045,0.0
656046,0.0
656047,0.0
656048,0.0
656049,0.0
656050,0.0
656051,0.0
656052,0.0
656053,0.0
656054,0.0
656055,0.0
656056,0.0
656057,0.0
656058,0.0
656059,0.0
656060,0.0
656061,0.0
656062,0.0
656063,0.0
656064,0.0
656065,0.0
656066,0.0
656067,0.0
656068,0.0
656069,0.0
656070,0.0
656071,0.0
656072,0.0
656073,0.0
656074,0.0
656075,0.0
656076,0.0
656077,0.0
656078,0.0
656079,0.0
656080,0.0
656081,0.0
656082,0.0
656083,0.0
656084,0.0
656085,0.0
656086,0.0
656087,0.0
656088,0.0
656089,0.0
656090,0.0
656091,0.0
656092,0.0
656093,0.0
656094,0.0
656095,0.0
656096,0.0
656097,0.0
656098,0.0
656099,0.0
656100,0.0
656101,0.0
656102,0.0
656103,0.0
656104,0.0
656105,0.0
656106,0.0
656107,0.0
656108,0.0
656109,0.0
656110,0.0
656111,0.0
656112,0.0
656113,0.0
656114,0.0
656115,0.0
656116,0.0
656117,0.0
656118,0.0
656119,0.0
656120,0.0
656121,0.0
656122,0.0
656123,0.0
656124,0.0
656125,0.0
656126,0.0
656127,0.0
656128,0.0
656129,0.0
656130,0.0
656131,0.0
656132,0.0
656133,0.0
656134,0.0
656135,0.0
656136,0.0
656137,0.0
656138,0.0
656139,0.0
656140,0.0
656141,0.0
656142,0.0
656143,0.0
656144,0.0
656145,0.0
656146,0.0
656147,0.0
656148,0.0
656149,0.0
656150,0.0
656151,1.0652826e-07
656152,0.0
656153,0.0
656154,0.0
656155,0.0
656156,0.0
656157,0.0
656158,0.0
656159,0.0
656160,0.0
656161,0.0
656162,0.0
656163,0.0
656164,0.0
656165,0.0
656166,0.0
656167,0.0
656168,0.0
656169,0.0
656170,0.0
656171,0.0
656172,0.0
656173,0.0
656174,0.0
656175,0.0
656176,0.0
656177,0.0
656178,0.0
656179,0.0
656180,0.0
656181,0.0
656182,0.0
656183,0.0
656184,0.0
656185,0.0
656186,0.0
656187,0.0
656188,0.0
656189,0.0
656190,0.0
656191,0.0
656192,0.0
656193,0.0
656194,0.0
656195,0.0
656196,0.0
656197,0.0
656198,0.0
656199,0.0
656200,0.0
656201,0.0
656202,0.0
656203,5.1750996e-25
656204,0.0
656205,0.0
656206,0.0
656207,0.0
656208,0.0
656209,0.0
656210,0.0
656211,0.0
656212,0.0
656213,0.0
656214,0.0
656215,0.0
656216,0.0
656217,0.0
656218,0.0
656219,0.0
656220,0.0
656221,0.0
656222,0.0
656223,0.0
656224,0.0
656225,0.0
656226,0.0
656227,0.0
656228,0.0
656229,0.0
656230,0.0
656231,0.0
656232,0.0
656233,0.0
656234,0.0
656235,0.0
656236,0.0
656237,0.0
656238,0.0
656239,0.0
656240,0.0
656241,0.0
656242,0.0
656243,0.0
656244,0.0
656245,0.0
656246,0.0
656247,0.0
656248,0.0
656249,0.0
656250,0.0
656251,0.0
656252,0.0
656253,0.0
656254,6.161649e-22
656255,0.0
656256,0.0
656257,0.0
656258,0.0
656259,0.0
656260,0.0
656261,0.0
656262,0.0
656263,0.0
656264,0.0
656265,0.0
656266,0.0
656267,0.0
656268,0.0
656269,0.0
656270,0.0
656271,0.0
656272,0.0
656273,0.0
656274,0.0
656275,0.0
656276,0.0
656277,0.0
656278,0.0
656279,0.0
656280,0.0
656281,0.0
656282,0.0
656283,0.0
656284,0.0
656285,0.0
656286,0.0
656287,0.0
656288,0.0
656289,0.0
656290,0.0
656291,0.0
656292,1.0733684e-28
656293,0.0
656294,0.0
656295,0.0
656296,8.323511e-36
656297,0.0
656298,7.0593595e-28
656299,0.0
656300,0.0
656301,0.0
656302,0.0
656303,0.0
656304,0.0
656305,0.0
656306,0.0
656307,0.0
656308,0.0
656309,0.0
656310,0.0
656311,0.0
656312,0.0
656313,0.0
656314,0.0
656315,0.0
656316,0.0
656317,0.0
656318,0.0
656319,0.00047721475
656320,0.0
656321,0.0
656322,0.0
656323,0.0
656324,0.0
656325,0.0
656326,0.0
656327,0.0
656328,0.0
656329,0.0
656330,0.0
656331,0.0
656332,0.0
656333,0.0
656334,0.0
656335,0.0
656336,0.0
656337,0.0
656338,0.0
656339,0.0
656340,0.0
656341,0.0
656342,0.0
656343,0.0
656344,0.0
656345,0.0
656346,0.0
656347,0.0
656348,0.0
656349,0.0
656350,0.0
656351,0.0
656352,0.0
656353,0.0
656354,0.0
656355,0.0
656356,0.0
656357,0.0
656358,0.0
656359,0.0
656360,0.0
656361,0.0
656362,0.0
656363,0.0
656364,0.0
656365,0.0
656366,0.0
656367,0.0
656368,0.0
656369,0.0
656370,0.0
656371,0.0
656372,0.0
656373,0.0
656374,0.0
656375,0.0
656376,0.0
656377,0.0
656378,0.0
656379,0.0
656380,0.0
656381,0.0
656382,0.0
656383,0.0
656384,0.0
656385,0.0
656386,0.0
656387,0.0
656388,0.0
656389,0.0
656390,0.0
656391,0.0
656392,0.0
656393,0.0
656394,3.517029e-25
656395,0.0
656396,0.0
656397,0.0
656398,0.0
656399,0.0
656400,0.0
656401,1.9513355e-23
656402,0.0
656403,0.0
656404,0.0
656405,0.0
656406,0.0
656407,0.0
656408,0.0
656409,0.0
656410,0.0
656411,0.0
656412,0.0
656413,0.0
656414,0.0
656415,0.0
656416,0.0
656417,0.0
656418,0.0
656419,0.0
656420,0.0
656421,0.0
656422,0.0
656423,0.0
656424,0.0
656425,0.0
656426,0.0
656427,0.0
656428,0.0
656429,0.0
656430,0.0
656431,0.0
656432,0.0
656433,0.0
656434,0.0
656435,0.0
656436,0.0
656437,0.0
656438,0.0
656439,0.0
656440,0.0
656441,0.0
656442,1.9966227e-20
656443,0.0
656444,0.0
656445,0.0
656446,0.0
656447,0.0
656448,0.0
656449,0.0
656450,0.0
656451,0.0
656452,0.0
656453,0.0
656454,0.0
656455,0.0
656456,1.3435927e-34
656457,0.0
656458,0.0
656459,0.0
656460,0.0
656461,0.0
656462,0.0
656463,0.0
656464,0.0
656465,0.0
656466,0.0
656467,0.0
656468,0.0
656469,0.0
656470,0.0
656471,0.0
656472,0.0
656473,0.0
656474,0.0
656475,0.0
656476,0.0
656477,0.0
656478,0.0
656479,0.0
656480,0.0
656481,0.0
656482,0.0
656483,0.0
656484,0.0
656485,0.0
656486,0.0
656487,0.0
656488,0.0
656489,0.0
656490,0.0
656491,0.0
656492,0.0
656493,0.0
656494,0.0
656495,0.0
656496,0.0
656497,0.0
656498,0.0
656499,0.0
656500,0.0
656501,0.0
656502,0.0
656503,0.0
656504,0.0
656505,0.0
656506,0.0
656507,0.0
656508,0.0
656509,0.0
656510,0.0
656511,0.0
656512,0.0
656513,0.0
656514,0.0
656515,0.0
656516,0.0
656517,0.0
656518,0.0
656519,0.0
656520,0.0
656521,0.0
656522,0.0
656523,0.0
656524,0.0
656525,0.0
656526,1.0280031e-23
656527,0.0
656528,0.0
656529,0.0
656530,0.0
656531,0.0
656532,0.0
656533,0.0
656534,0.0
656535,0.0
656536,0.0
656537,0.0
656538,0.0
656539,0.0
656540,0.0
656541,0.0
656542,0.0
656543,0.0
656544,0.0
656545,0.0
656546,0.0
656547,0.0
656548,0.0
656549,0.0
656550,0.0
656551,0.0
656552,0.0
656553,0.0
656554,0.0
656555,0.0
656556,0.0
656557,0.0
656558,0.0
656559,0.0
656560,0.0
656561,0.0
656562,0.0
656563,0.0
656564,0.0
656565,0.0
656566,0.0
656567,0.0
656568,0.0
656569,0.0
656570,0.0
656571,0.0
656572,0.0
656573,0.0
656574,0.0
656575,0.0
656576,0.0
656577,0.0
656578,0.0
656579,0.0
656580,0.0
656581,0.0
656582,1.4736531e-31
656583,0.0
656584,0.0
656585,0.0
656586,0.0
656587,0.0
656588,0.0
656589,0.0
656590,0.0
656591,0.0
656592,0.0
656593,0.0
656594,0.0
656595,0.0
656596,0.0
656597,0.0
656598,0.0
656599,0.0
656600,0.0
656601,0.0
656602,0.0
656603,0.0
656604,0.0
656605,0.0
656606,0.0
656607,0.0
656608,0.0
656609,0.0
656610,3.268249e-36
656611,0.0
656612,0.0
656613,0.0
656614,0.0
656615,0.0
656616,0.0
656617,0.0
656618,0.0
656619,0.0
656620,0.0
656621,0.0
656622,0.0
656623,0.0
656624,0.0
656625,0.0
656626,0.0
656627,0.0
656628,0.0
656629,0.0
656630,0.0
656631,0.0
656632,0.0
656633,0.0
656634,0.0
656635,0.0
656636,0.0
656637,0.0
656638,0.0
656639,0.0
656640,0.0
656641,0.0
656642,0.0
656643,0.0
656644,0.0
656645,0.0
656646,0.0
656647,0.0
656648,0.0
656649,0.0
656650,0.0
656651,0.0
656652,0.0
656653,0.0
656654,0.0
656655,0.0
656656,0.0
656657,0.0
656658,0.0
656659,0.0
656660,0.0
656661,0.0
656662,0.0
656663,0.0
656664,0.0
656665,0.0
656666,0.0
656667,0.0
656668,0.0
656669,0.0
656670,0.0
656671,0.0
656672,0.0
656673,0.0
656674,0.0
656675,0.0
656676,0.0
656677,0.0
656678,0.0
656679,0.0
656680,0.0
656681,0.0
656682,0.0
656683,0.0
656684,0.0
656685,0.0
656686,0.0
656687,0.0
656688,0.0
656689,0.0
656690,0.0
656691,0.0
656692,0.0
656693,0.0
656694,0.0
656695,0.0
656696,0.0
656697,0.0
656698,0.0
656699,0.0
656700,3.0173502e-35
656701,0.0
656702,0.0
656703,0.0
656704,1.0
656705,0.0
656706,0.0
656707,0.0
656708,0.0
656709,0.0
656710,0.0
656711,0.0
656712,0.0
656713,0.0
656714,0.08680262
656715,0.0
656716,0.0
656717,0.0
656718,0.0
656719,0.0
656720,0.0
656721,0.0
656722,0.0
656723,0.0
656724,0.0
656725,0.0
656726,1.1128852e-16
656727,0.0
656728,0.0
656729,0.0
656730,0.0
656731,0.0
656732,0.0
656733,0.0
656734,0.0
656735,0.0
656736,0.0
656737,0.0
656738,0.0
656739,0.0
656740,0.0
656741,0.0
656742,0.0
656743,0.0
656744,0.0
656745,0.0
656746,0.0
656747,0.0
656748,0.0
656749,0.0
656750,0.0
656751,0.0
656752,0.0
656753,0.0
656754,0.0
656755,0.0
656756,0.0
656757,0.0
656758,0.0
656759,0.0
656760,0.0
656761,0.0
656762,0.0
656763,0.0
656764,0.0
656765,0.0
656766,0.0
656767,0.0
656768,0.0
656769,0.0
656770,0.0
656771,0.0
656772,0.0
656773,0.0
656774,0.0
656775,0.0
656776,0.0
656777,0.0
656778,0.0
656779,0.0
656780,0.0
656781,0.0
656782,0.0
656783,0.0
656784,0.0
656785,0.0
656786,0.0
656787,0.0
656788,0.0
656789,1.3235228e-10
656790,0.0
656791,0.0
656792,0.0
656793,0.0
656794,0.0
656795,0.0
656796,0.0
656797,0.0
656798,0.0
656799,0.0
656800,0.0
656801,0.0
656802,0.0
656803,0.0
656804,0.0
656805,0.0
656806,0.0
656807,0.0
656808,0.0
656809,0.0
656810,0.0
656811,0.0
656812,0.0
656813,0.0
656814,0.0
656815,0.0
656816,0.0
656817,0.0
656818,0.0
656819,0.0
656820,0.0
656821,0.0
656822,0.0
656823,0.0
656824,0.0
656825,0.0
656826,0.0
656827,0.0
656828,0.0
656829,0.0
656830,0.0
656831,0.0
656832,0.0
656833,0.0
656834,0.0
656835,0.0
656836,0.0
656837,0.0
656838,0.0
656839,0.0
656840,0.0
656841,0.0
656842,3.882051e-33
656843,0.0
656844,0.0
656845,0.0
656846,0.0
656847,0.0
656848,0.0
656849,0.0
656850,0.0
656851,0.0
656852,0.0
656853,0.0
656854,0.0
656855,0.0
656856,0.0
656857,0.0
656858,0.0
656859,0.0
656860,0.0
656861,0.0
656862,0.0
656863,0.0
656864,0.0
656865,0.0
656866,0.0
656867,0.0
656868,0.0
656869,0.0
656870,0.0
656871,0.0
656872,0.0
656873,0.0
656874,0.0
656875,0.0
656876,0.0
656877,0.0
656878,0.0
656879,0.0
656880,0.0
656881,0.0
656882,0.0
656883,0.0
656884,0.0
656885,0.0
656886,0.0
656887,0.0
656888,0.0
656889,0.0
656890,0.0
656891,0.0
656892,0.0
656893,0.0
656894,0.0
656895,0.0
656896,0.0
656897,0.0
656898,0.0
656899,0.0
656900,0.0
656901,0.0
656902,9.860956e-20
656903,0.0
656904,0.0
656905,0.0
656906,0.0
656907,0.0
656908,0.0
656909,0.0
656910,0.0
656911,0.0
656912,0.0
656913,0.0
656914,0.0
656915,0.0
656916,0.0
656917,0.0
656918,0.0
656919,0.0
656920,0.0
656921,0.0
656922,0.0
656923,0.0
656924,0.0
656925,0.0
656926,0.0
656927,0.0
656928,0.0
656929,0.0
656930,0.0
656931,0.0
656932,0.0
656933,0.0
656934,0.0
656935,0.0
656936,0.0
656937,0.0
656938,0.0
656939,0.0
656940,0.0
656941,0.0
656942,0.0
656943,0.0
656944,0.0
656945,0.0
656946,0.0
656947,0.0
656948,0.0
656949,0.0
656950,0.0
656951,0.0
656952,0.0
656953,0.0
656954,0.0
656955,0.0
656956,0.0
656957,0.0
656958,0.0
656959,0.0
656960,0.0
656961,0.0
656962,0.0
656963,0.0
656964,0.0
656965,0.0
656966,0.0
656967,0.0
656968,0.0
656969,0.0
656970,0.0
656971,0.0
656972,0.0
656973,0.0
656974,0.0
656975,0.0
656976,0.0
656977,0.0
656978,0.0
656979,0.0
656980,0.0
656981,0.0
656982,0.0
656983,0.0
656984,0.0
656985,0.0
656986,0.0
656987,0.0
656988,0.0
656989,0.0
656990,0.0
656991,0.0
656992,0.0
656993,0.0
656994,0.0
656995,0.0
656996,0.00090139953
656997,0.0
656998,0.0
656999,0.0
657000,0.0
657001,0.0
657002,0.0
657003,2.5734407e-15
657004,0.0
657005,0.0
657006,0.0
657007,0.0
657008,0.0
657009,0.0
657010,0.0
657011,0.0
657012,0.0
657013,0.0
657014,0.0
657015,0.0
657016,0.0
657017,0.0
657018,0.0
657019,0.0
657020,0.0
657021,0.0
657022,0.0
657023,0.0
657024,0.0
657025,0.0
657026,0.0
657027,0.0
657028,0.0
657029,0.0
657030,0.0
657031,0.0
657032,0.0
657033,0.0
657034,0.0
657035,0.0
657036,0.0
657037,0.0
657038,4.5932916e-23
657039,0.0
657040,0.0
657041,0.0
657042,0.0
657043,0.0
657044,0.0
657045,0.0
657046,0.0
657047,0.0
657048,0.0
657049,0.0
657050,0.0
657051,0.0
657052,0.108153254
657053,0.0
657054,0.0
657055,0.0
657056,0.0
657057,0.0
657058,0.0
657059,0.0
657060,0.0
657061,0.0
657062,0.0
657063,0.0
657064,1.958852e-24
657065,0.0
657066,0.0
657067,0.0
657068,0.0
657069,0.0
657070,0.0
657071,0.0
657072,0.0
657073,0.0
657074,0.0
657075,0.0
657076,0.0
657077,0.0
657078,0.0
657079,0.0
657080,0.0
657081,0.0
657082,0.0
657083,0.0
657084,0.0
657085,0.0
657086,0.0
657087,0.0
657088,0.0
657089,0.0
657090,0.0
657091,0.0
657092,0.0
657093,0.0
657094,0.0
657095,0.0
657096,0.0
657097,0.0
657098,0.0
657099,0.0
657100,0.0
657101,0.0
657102,0.0
657103,0.0
657104,0.0
657105,0.0
657106,0.0
657107,0.0
657108,0.0
657109,0.0
657110,0.0
657111,0.0
657112,0.0
657113,0.0
657114,0.0
657115,0.0
657116,0.0
657117,0.0
657118,0.0
657119,0.0
657120,0.0
657121,0.0
657122,0.0
657123,0.0
657124,0.0
657125,0.0
657126,0.0
657127,0.0
657128,0.0
657129,0.0
657130,0.0
657131,0.0
657132,0.0
657133,0.0
657134,0.0
657135,0.0
657136,0.0
657137,0.0
657138,0.0
657139,0.0
657140,0.0
657141,0.0
657142,0.0
657143,0.0
657144,0.0
657145,0.0
657146,0.0
657147,0.0
657148,0.0
657149,0.0
657150,0.0
657151,0.0
657152,0.0
657153,0.0
657154,0.0
657155,0.0
657156,0.0
657157,0.0
657158,0.0
657159,0.0
657160,0.0
657161,0.0
657162,0.0
657163,0.0
657164,0.0
657165,0.0
657166,0.0
657167,0.0
657168,0.0
657169,0.0
657170,0.0
657171,0.0
657172,0.0
657173,0.0
657174,0.0
657175,0.0
657176,0.0
657177,0.0
657178,0.0
657179,0.0
657180,0.0
657181,0.0
657182,0.0
657183,0.040185705
657184,0.0
657185,0.0
657186,0.0
657187,0.0
657188,0.0
657189,0.0
657190,0.23836717
657191,0.0
657192,0.0
657193,0.0
657194,0.0
657195,0.0
657196,0.0
657197,0.0
657198,0.0
657199,0.0
657200,0.0
657201,0.0
657202,0.0
657203,0.0
657204,0.0
657205,0.0
657206,0.0
657207,0.0
657208,0.0
657209,0.0
657210,0.0
657211,0.0
657212,0.0
657213,0.0
657214,0.0
657215,0.0
657216,0.0
657217,0.0
657218,0.0
657219,0.0
657220,0.0
657221,0.0
657222,0.0
657223,0.0
657224,2.7892488e-22
657225,0.0
657226,0.0
657227,0.0
657228,0.0
657229,0.0
657230,0.0
657231,0.0
657232,0.0
657233,0.0
657234,0.0
657235,0.0
657236,0.0
657237,0.0
657238,0.0
657239,0.0
657240,0.0
657241,0.0
657242,0.0
657243,0.0
657244,0.0
657245,0.0
657246,0.0
657247,0.0
657248,0.0
657249,0.0
657250,0.0
657251,0.0
657252,0.0
657253,0.0
657254,0.0
657255,0.0
657256,0.0
657257,0.0
657258,0.0
657259,0.0
657260,0.0
657261,0.0
657262,0.0
657263,0.0
657264,0.0
657265,0.0
657266,0.0
657267,0.0
657268,0.0
657269,0.0
657270,0.0
657271,0.0
657272,0.0
657273,0.0
657274,0.0
657275,0.0
657276,0.0
657277,0.0
657278,0.0
657279,0.0
657280,0.0
657281,0.0
657282,0.0
657283,0.0
657284,0.0
657285,0.0
657286,0.0
657287,0.0
657288,0.0
657289,0.0
657290,0.0
657291,0.0
657292,0.0
657293,0.0
657294,0.0
657295,0.0
657296,0.0
657297,0.0
657298,0.0
657299,0.0
657300,0.0
657301,0.0
657302,0.0
657303,0.0
657304,0.0
657305,0.0
657306,0.0
657307,0.0
657308,0.0
657309,0.0
657310,0.0
657311,0.0
657312,0.0
657313,0.0
657314,0.0
657315,0.0
657316,0.0
657317,0.0
657318,0.0
657319,0.0
657320,0.0
657321,0.0
657322,0.0
657323,0.0
657324,0.0
657325,0.0
657326,0.0
657327,0.0
657328,0.0
657329,0.0
657330,0.0
657331,0.0
657332,0.0
657333,0.0
657334,0.0
657335,0.0
657336,0.0
657337,0.0
657338,0.0
657339,0.0
657340,0.0
657341,0.0
657342,0.0
657343,0.0
657344,0.0
657345,0.055382576
657346,0.0
657347,0.0
657348,0.0
657349,0.0
657350,0.0
657351,0.0
657352,0.0
657353,0.0
657354,0.0
657355,0.0
657356,0.0
657357,0.0
657358,0.0
657359,0.0
657360,0.0
657361,0.0
657362,0.0
657363,0.0
657364,0.0
657365,0.0
657366,0.0
657367,0.0
657368,0.0
657369,0.0
657370,0.0
657371,0.0
657372,0.0
657373,0.0
657374,0.0
657375,0.0
657376,0.0
657377,0.0
657378,0.0
657379,0.0
657380,0.0
657381,0.0
657382,0.0
657383,0.0
657384,0.0
657385,0.0
657386,0.0
657387,0.0
657388,0.0
657389,0.0
657390,0.0
657391,0.0
657392,0.0
657393,0.0
657394,0.0
657395,0.0
657396,0.0
657397,0.0
657398,0.0
657399,0.0
657400,0.0
657401,0.0
657402,0.0
657403,0.0
657404,0.0
657405,0.0
657406,0.0
657407,0.0
657408,0.0
657409,0.0
657410,0.0
657411,0.0
657412,0.0
657413,0.0
657414,0.0
657415,0.0
657416,0.0
657417,0.0
657418,0.0
657419,0.0
657420,0.0
657421,0.0
657422,0.0
657423,0.0
657424,0.0
657425,0.0
657426,0.0
657427,0.0
657428,0.0
657429,0.0
657430,0.0
657431,0.0
657432,0.0
657433,0.0
657434,0.0
657435,0.0
657436,0.0
657437,0.0
657438,0.0
657439,0.0
657440,0.0
657441,0.0
657442,0.0
657443,0.0
657444,0.0
657445,0.0
657446,0.0
657447,0.0
657448,0.0
657449,0.0
657450,0.0
657451,0.0
657452,0.0
657453,0.0
657454,0.0
657455,0.0
657456,0.0
657457,0.0
657458,0.0
657459,0.0
657460,0.0
657461,0.0
657462,0.0
657463,0.0
657464,0.0
657465,0.0
657466,0.0
657467,0.0
657468,0.0
657469,0.0
657470,0.0
657471,0.0
657472,0.0
657473,0.0
657474,0.0
657475,0.0
657476,0.0
657477,0.0
657478,0.0
657479,0.0
657480,0.0
657481,0.0
657482,0.0
657483,0.0
657484,0.0
657485,0.0
657486,0.0
657487,0.0
657488,0.0
657489,2.1445373e-06
657490,0.0
657491,0.0
657492,0.0
657493,0.0
657494,0.0
657495,0.0
657496,0.0
657497,0.0
657498,0.0
657499,0.0
657500,0.0
657501,0.0
657502,0.0
657503,0.0
657504,0.0
657505,0.0
657506,0.0
657507,0.0
657508,0.0
657509,0.0
657510,0.0
657511,0.0
657512,0.0
657513,0.0
657514,0.0
657515,0.0
657516,0.0
657517,0.0
657518,0.0
657519,0.0
657520,0.0
657521,0.0
657522,0.0
657523,0.0
657524,0.0
657525,0.0
657526,0.0
657527,0.0
657528,0.0
657529,0.0
657530,0.0
657531,0.0
657532,0.0
657533,0.0
657534,0.0
657535,0.0
657536,0.0
657537,0.0
657538,0.0
657539,0.0
657540,0.0
657541,0.0
657542,0.0
657543,0.0
657544,0.0
657545,0.0
657546,0.0
657547,0.0
657548,0.0
657549,0.0
657550,0.0
657551,0.0
657552,0.0
657553,0.0
657554,0.0
657555,0.0
657556,0.0
657557,0.0
657558,0.0
657559,0.0
657560,0.0
657561,0.0
657562,0.0
657563,0.0
657564,0.0
657565,0.0
657566,0.0
657567,0.0
657568,0.0
657569,0.0
657570,0.0
657571,0.0
657572,0.0
657573,0.0
657574,0.0
657575,0.0
657576,0.0
657577,0.0
657578,0.0
657579,0.0
657580,0.0
657581,0.0
657582,0.0
657583,0.0
657584,4.877035e-15
657585,0.0
657586,0.0
657587,0.0
657588,0.0
657589,0.0
657590,0.0
657591,0.0
657592,0.0
657593,0.0
657594,0.0
657595,0.0
657596,0.0
657597,0.0
657598,0.0
657599,0.0
657600,0.0
657601,0.0
657602,0.0
657603,0.0
657604,0.0
657605,0.0
657606,0.0
657607,0.0
657608,0.0
657609,0.0
657610,0.0
657611,0.0
657612,0.0
657613,0.0
657614,0.0
657615,0.0
657616,0.0
657617,0.0
657618,0.0
657619,0.0
657620,0.0
657621,0.0
657622,0.0
657623,0.0
657624,0.0
657625,0.0
657626,0.0
657627,0.0
657628,0.0
657629,0.0
657630,0.0
657631,0.0
657632,0.0038931188
657633,0.0
657634,0.0
657635,0.0
657636,0.0
657637,0.0
657638,0.0
657639,0.0010013579
657640,0.0
657641,0.0
657642,0.0
657643,0.0
657644,0.0
657645,0.0
657646,0.0
657647,0.0
657648,0.0
657649,0.0
657650,0.0
657651,0.0
657652,0.0
657653,0.0
657654,0.0
657655,0.0
657656,0.0
657657,0.0
657658,0.0
657659,0.0
657660,1.8130878e-12
657661,0.0
657662,0.0
657663,0.0
657664,0.0
657665,0.0
657666,0.0
657667,0.0
657668,0.0
657669,0.0
657670,0.0
657671,0.0
657672,0.0
657673,0.0
657674,0.0
657675,0.0
657676,0.0
657677,0.0
657678,0.0
657679,0.0
657680,0.0
657681,0.0
657682,0.0
657683,0.0
657684,0.0
657685,0.0
657686,0.0
657687,0.0
657688,0.0
657689,0.0
657690,0.0
657691,0.0
657692,0.0
657693,0.0
657694,0.0
657695,0.0
657696,0.0
657697,0.0
657698,0.0
657699,0.0
657700,0.0
657701,0.0
657702,0.0
657703,0.0
657704,0.0
657705,0.0
657706,0.0
657707,0.0
657708,0.0
657709,0.0
657710,0.0
657711,0.0
657712,0.0
657713,0.0
657714,0.0
657715,0.0
657716,0.0
657717,0.0
657718,0.0
657719,0.0
657720,0.0
657721,0.0
657722,0.0
657723,0.0
657724,0.0
657725,0.0
657726,0.0
657727,0.0
657728,0.0
657729,0.0
657730,0.0
657731,0.0
657732,0.0
657733,0.0
657734,0.0
657735,0.0
657736,0.0
657737,0.0
657738,0.0
657739,0.0
657740,0.0
657741,0.0
657742,0.0
657743,0.0
657744,0.0
657745,0.0
657746,0.0
657747,0.0
657748,0.0
657749,0.0
657750,0.0
657751,0.0
657752,0.0
657753,0.0
657754,0.0
657755,0.0
657756,0.0
657757,0.0
657758,0.0
657759,0.0
657760,0.0
657761,0.0
657762,0.0
657763,0.0
657764,0.0
657765,0.0
657766,0.0
657767,0.0
657768,0.0
657769,0.0
657770,0.0
657771,0.0
657772,0.0
657773,0.0
657774,0.0
657775,0.0
657776,0.0
657777,0.0
657778,0.0
657779,0.0
657780,0.0
657781,0.0
657782,0.0
657783,0.0
657784,0.0
657785,0.0
657786,0.0
657787,2.23496e-35
657788,0.0
657789,0.0
657790,0.0
657791,0.0
657792,0.0
657793,0.0
657794,0.0
657795,0.0
657796,0.0
657797,0.0
657798,0.0
657799,0.0
657800,0.0
657801,0.0
657802,0.0
657803,0.0
657804,0.0
657805,0.0
657806,0.0
657807,0.0
657808,0.0
657809,0.0
657810,0.0
657811,0.0
657812,0.0
657813,0.0
657814,0.0
657815,0.0
657816,0.0
657817,0.0
657818,0.0
657819,0.0
657820,0.0
657821,0.0
657822,0.0
657823,0.0
657824,0.0
657825,0.0
657826,0.0
657827,0.0
657828,0.0
657829,0.0
657830,0.0
657831,0.0
657832,0.0
657833,0.0
657834,0.0
657835,0.0
657836,0.0
657837,0.0
657838,0.0
657839,0.0
657840,0.0
657841,0.0
657842,0.0
657843,0.0
657844,0.0
657845,0.0
657846,0.0
657847,0.0
657848,0.0
657849,0.0
657850,0.0
657851,0.0
657852,0.0
657853,0.0
657854,0.0
657855,0.0
657856,0.0
657857,0.047757067
657858,0.0
657859,0.0
657860,0.0
657861,1.2220282e-15
657862,0.0
657863,0.0
657864,0.0
657865,0.0
657866,0.0
657867,0.0
657868,0.0
657869,0.0
657870,0.0
657871,0.0
657872,0.0
657873,0.0
657874,0.0
657875,0.0
657876,0.0
657877,0.0
657878,0.0
657879,0.0
657880,0.0
657881,0.0
657882,0.0
657883,0.0
657884,0.0
657885,0.0
657886,0.0
657887,0.0
657888,0.0
657889,0.0
657890,0.0
657891,0.0
657892,0.0
657893,0.0
657894,0.0
657895,0.0
657896,0.0
657897,0.0
657898,0.0
657899,0.0
657900,0.0
657901,0.0
657902,0.0
657903,0.0
657904,0.0
657905,0.0
657906,0.0
657907,0.0
657908,0.0
657909,0.0
657910,0.0
657911,0.0
657912,0.0
657913,0.0
657914,0.0
657915,0.0
657916,0.0
657917,0.0
657918,0.0
657919,0.0
657920,0.0
657921,0.0
657922,0.0
657923,0.0
657924,0.0
657925,0.0
657926,0.0
657927,0.0
657928,0.0
657929,0.0
657930,0.0
657931,0.0
657932,0.0
657933,0.0
657934,0.0
657935,0.0
657936,0.0
657937,0.0
657938,0.0
657939,0.0
657940,0.0
657941,0.0
657942,0.0
657943,0.0
657944,0.0
657945,0.0
657946,0.0
657947,0.0
657948,0.0
657949,0.0
657950,0.0
657951,0.0
657952,0.0
657953,0.0
657954,0.0
657955,0.0
657956,0.0
657957,0.0
657958,0.0
657959,0.0
657960,0.0
657961,0.0
657962,0.0
657963,0.0
657964,0.0
657965,0.0
657966,0.0
657967,0.0
657968,0.0
657969,0.0
657970,0.0
657971,9.842574e-36
657972,0.0
657973,0.0
657974,0.0
657975,0.0
657976,0.0
657977,0.0
657978,0.0
657979,0.0
657980,0.0
657981,0.0
657982,0.0
657983,0.0
657984,0.0
657985,0.0
657986,0.0
657987,0.0
657988,0.0
657989,0.0
657990,0.0
657991,0.0
657992,0.0
657993,0.0
657994,0.0
657995,0.0
657996,0.0
657997,0.0
657998,0.0
657999,0.0
658000,0.0
658001,0.0
658002,0.0
658003,0.0
658004,0.0
658005,0.0
658006,0.0
658007,0.0
658008,0.0
658009,0.0
658010,0.0
658011,0.0
658012,0.0
658013,0.0
658014,0.0
658015,0.0
658016,0.0
658017,0.0
658018,0.0
658019,0.0
658020,0.0
658021,0.0
658022,0.0
658023,0.0
658024,2.0418626e-13
658025,0.0
658026,0.0
658027,0.0
658028,0.0
658029,0.0
658030,0.0
658031,0.0
658032,0.0
658033,0.0
658034,0.0
658035,0.0
658036,0.0
658037,0.0
658038,0.0
658039,0.0
658040,0.0
658041,2.3977963e-37
658042,0.0
658043,0.0
658044,0.0
658045,0.0
658046,0.0
658047,0.0
658048,0.0
658049,0.0
658050,0.0
658051,0.0
658052,0.0
658053,0.0
658054,0.0
658055,0.0
658056,0.0
658057,0.0
658058,0.0
658059,0.0
658060,0.0
658061,0.0
658062,0.0
658063,0.0
658064,0.0
658065,0.0
658066,0.0
658067,0.0
658068,0.0
658069,0.0
658070,0.0
658071,0.0
658072,0.0
658073,0.0
658074,0.0
658075,0.0
658076,0.0
658077,0.0
658078,0.0
658079,0.0
658080,0.0
658081,0.0
658082,0.0
658083,0.0
658084,0.0
658085,0.0
658086,0.0
658087,0.0
658088,0.0
658089,0.0
658090,0.0
658091,0.0
658092,0.0
658093,0.0
658094,0.0
658095,0.0
658096,0.0
658097,0.0
658098,0.0
658099,0.0
658100,0.0
658101,0.0
658102,0.0
658103,0.0
658104,0.0
658105,0.0
658106,0.0
658107,0.0
658108,0.0
658109,0.0
658110,0.0
658111,0.0
658112,0.0
658113,0.0
658114,0.0
658115,0.0
658116,1.091576e-32
658117,0.0
658118,1.8009832e-12
658119,0.0
658120,0.0
658121,0.0
658122,0.0
658123,0.0
658124,0.0
658125,0.0
658126,0.0
658127,0.0
658128,0.0
658129,0.0
658130,0.0
658131,0.0
658132,0.0
658133,0.0
658134,0.0
658135,0.0
658136,0.0
658137,0.0
658138,0.0
658139,0.0
658140,0.0
658141,0.0
658142,0.0
658143,0.0
658144,0.0
658145,0.0
658146,0.0
658147,0.0
658148,0.0
658149,0.0
658150,0.0
658151,0.0
658152,0.0
658153,0.0
658154,0.0
658155,0.0
658156,0.0
658157,0.0
658158,0.0
658159,0.0
658160,0.0
658161,0.0
658162,0.0
658163,0.0
658164,0.0
658165,0.0
658166,0.0
658167,0.0
658168,0.0
658169,0.0
658170,0.0
658171,0.0
658172,0.0
658173,0.0
658174,0.0
658175,0.0
658176,0.0
658177,0.0
658178,0.0
658179,0.0
658180,0.0
658181,0.0
658182,0.0
658183,0.0
658184,0.0
658185,0.0
658186,0.0
658187,0.0
658188,0.0
658189,0.0
658190,0.0
658191,0.0
658192,0.0
658193,0.0
658194,0.0
658195,0.0
658196,0.0
658197,0.0
658198,0.0
658199,0.0
658200,0.0
658201,0.0
658202,0.0
658203,0.0
658204,0.0
658205,0.0
658206,0.0
658207,0.0
658208,0.0
658209,0.0
658210,0.0
658211,0.0
658212,0.0
658213,0.0
658214,0.0
658215,0.0
658216,0.0
658217,0.0
658218,0.0
658219,0.0
658220,0.0
658221,0.0
658222,1.2962684e-25
658223,0.0
658224,0.0
658225,0.0
658226,0.0
658227,0.0
658228,0.0
658229,0.0
658230,0.0
658231,6.6592767e-16
658232,0.0
658233,0.0
658234,0.0
658235,0.0
658236,0.0
658237,0.0
658238,0.0
658239,0.0
658240,0.0
658241,0.0
658242,0.0
658243,0.0
658244,0.0
658245,0.0
658246,0.0
658247,0.0
658248,0.0
658249,0.0
658250,0.0
658251,0.0
658252,0.0
658253,0.0
658254,0.0
658255,1.5783928e-27
658256,0.0
658257,0.0
658258,0.0
658259,0.0
658260,0.0
658261,0.0
658262,4.719301e-26
658263,0.0
658264,0.0
658265,0.0
658266,0.0
658267,0.0
658268,0.0
658269,0.0
658270,0.0
658271,0.0
658272,0.0
658273,0.0
658274,0.0
658275,0.0
658276,0.0
658277,0.0
658278,0.0
658279,0.0
658280,0.0
658281,3.339744e-23
658282,0.0
658283,0.0
658284,0.0
658285,0.0
658286,0.0
658287,0.0
658288,0.0
658289,0.0
658290,0.0
658291,0.0
658292,0.0
658293,0.0
658294,0.0
658295,0.0
658296,0.0
658297,0.0
658298,0.0
658299,0.0
658300,0.0
658301,0.0
658302,0.0
658303,0.0
658304,0.0
658305,0.0
658306,0.0
658307,0.0
658308,0.0
658309,0.0
658310,0.0
658311,0.0
658312,0.0
658313,0.0
658314,0.0
658315,0.0
658316,0.0
658317,0.0
658318,0.0
658319,0.0
658320,0.0
658321,0.0
658322,0.0
658323,0.0
658324,0.0
658325,0.0
658326,0.0
658327,0.0
658328,0.0
658329,0.0
658330,0.0
658331,0.0
658332,0.0
658333,0.0
658334,0.0
658335,0.0
658336,0.0
658337,0.0
658338,0.0
658339,0.0
658340,0.0
658341,0.0
658342,0.0
658343,0.0
658344,0.0
658345,0.0
658346,0.0
658347,0.0
658348,0.0
658349,0.0
658350,0.0
658351,0.0
658352,0.0
658353,0.0
658354,0.0
658355,0.0
658356,0.0
658357,0.0
658358,0.0
658359,0.0
658360,0.0
658361,0.0
658362,0.0
658363,0.0
658364,0.0
658365,0.0
658366,0.0
658367,0.0
658368,0.0
658369,0.0
658370,0.0
658371,0.0
658372,0.0
658373,0.0
658374,0.0
658375,0.0
658376,0.0
658377,0.0
658378,0.0
658379,0.0
658380,0.0
658381,0.0
658382,0.0
658383,0.0
658384,0.0
658385,0.0
658386,0.0
658387,0.0
658388,0.0
658389,0.0
658390,0.0
658391,0.0
658392,0.0
658393,0.0
658394,0.0
658395,0.0
658396,0.0
658397,0.0
658398,0.0
658399,0.0
658400,0.0
658401,0.0
658402,0.0
658403,0.0
658404,0.0
658405,0.0
658406,0.0
658407,0.0
658408,0.0
658409,0.0
658410,0.0
658411,0.0
658412,0.0
658413,0.0
658414,0.0
658415,0.0
658416,0.0
658417,0.0
658418,0.0
658419,0.0
658420,0.0
658421,0.0
658422,0.0
658423,0.0
658424,0.0
658425,0.0
658426,0.0
658427,0.0
658428,0.0
658429,0.0
658430,0.0
658431,0.0
658432,0.0
658433,0.0
658434,0.0
658435,0.0
658436,0.0
658437,0.0
658438,0.0
658439,0.0
658440,0.0
658441,0.0
658442,0.0
658443,0.0
658444,0.0
658445,0.0
658446,0.0
658447,0.0
658448,0.0
658449,0.0
658450,0.0
658451,0.0
658452,0.0
658453,0.0
658454,0.0
658455,0.0
658456,0.0
658457,0.0
658458,0.0
658459,0.0
658460,0.0
658461,0.0
658462,0.0
658463,0.0
658464,0.0
658465,0.0
658466,0.0
658467,0.0
658468,0.0
658469,0.0
658470,0.0
658471,0.0
658472,0.0
658473,0.0
658474,0.0
658475,0.0
658476,0.0
658477,0.0
658478,0.0
658479,0.0
658480,0.0
658481,0.0
658482,0.0
658483,0.0
658484,0.0
658485,0.0
658486,0.0
658487,0.0
658488,0.0
658489,0.0
658490,0.0
658491,0.0
658492,0.0
658493,0.0
658494,0.0
658495,0.0
658496,0.0
658497,0.0
658498,0.0
658499,0.0
658500,0.0
658501,0.0
658502,0.0
658503,0.0
658504,0.0
658505,0.0
658506,0.0
658507,0.0
658508,0.0
658509,0.0
658510,0.0
658511,0.0
658512,0.0
658513,0.0
658514,0.0
658515,0.0
658516,0.0
658517,0.0
658518,0.0
658519,0.0
658520,0.0
658521,0.0
658522,0.0
658523,0.0
658524,0.0
658525,0.0
658526,7.7289456e-28
658527,0.0
658528,0.0
658529,0.0
658530,0.0
658531,0.0
658532,0.0
658533,0.0
658534,0.0
658535,0.0
658536,0.0
658537,0.0
658538,0.0
658539,0.0
658540,0.0
658541,0.0
658542,0.0
658543,0.0
658544,0.0
658545,0.0
658546,0.0
658547,0.0
658548,0.0
658549,0.0
658550,0.0
658551,0.0
658552,0.0
658553,0.0
658554,0.0
658555,0.0
658556,0.0
658557,0.0
658558,0.0
658559,0.0
658560,0.0
658561,0.0
658562,0.0
658563,0.0
658564,0.0
658565,0.0
658566,0.0
658567,0.0
658568,0.0
658569,0.0
658570,0.0
658571,0.0
658572,0.0
658573,0.0
658574,0.0
658575,0.0
658576,0.0
658577,0.0
658578,0.0
658579,0.0
658580,0.0
658581,0.0
658582,0.0
658583,0.0
658584,0.0
658585,0.0
658586,0.0
658587,0.0
658588,0.0
658589,0.0
658590,0.0
658591,0.0
658592,0.0
658593,0.0
658594,0.0
658595,0.0
658596,0.0
658597,0.0
658598,0.0
658599,0.0
658600,0.0
658601,0.0
658602,0.0
658603,0.0
658604,0.0
658605,0.0
658606,0.0
658607,0.0
658608,0.0
658609,0.0
658610,0.0
658611,0.0
658612,0.0
658613,0.0
658614,0.0
658615,0.0
658616,0.0
658617,0.0
658618,0.0
658619,0.0
658620,0.0
658621,0.0
658622,0.0
658623,0.0
658624,0.0
658625,0.0
658626,0.0
658627,0.0
658628,0.0
658629,0.0
658630,0.0
658631,0.0
658632,0.0
658633,0.0
658634,0.0
658635,0.0
658636,0.0
658637,0.0
658638,0.0
658639,0.0
658640,0.0
658641,0.0
658642,0.0
658643,0.0
658644,0.0
658645,0.0
658646,0.0
658647,0.0
658648,0.0
658649,0.0
658650,0.0
658651,0.0
658652,0.0
658653,0.0
658654,0.0
658655,0.0
658656,0.0
658657,0.18852933
658658,0.0
658659,0.0
658660,0.0
658661,0.0
658662,0.0
658663,0.0
658664,0.0
658665,0.0
658666,0.0
658667,0.0
658668,0.0
658669,0.0
658670,0.0
658671,0.0
658672,0.0
658673,0.0
658674,0.0
658675,0.0
658676,0.0
658677,0.0
658678,0.0
658679,0.0
658680,0.0
658681,0.0
658682,0.0
658683,0.0
658684,0.0
658685,0.0
658686,0.0
658687,0.0
658688,0.0
658689,0.0
658690,0.0
658691,0.0
658692,0.0
658693,0.0
658694,0.0
658695,0.0
658696,0.0
658697,0.0
658698,0.0
658699,0.0
658700,0.0
658701,0.0
658702,0.0
658703,0.0
658704,0.0
658705,0.0
658706,0.0
658707,0.0
658708,0.0
658709,0.0
658710,0.0
658711,0.0
658712,0.0
658713,0.0
658714,0.0
658715,0.0
658716,0.0
658717,0.0
658718,0.0
658719,0.0
658720,0.0
658721,0.0
658722,0.0
658723,0.0
658724,0.0
658725,0.0
658726,0.0
658727,0.0
658728,0.0
658729,0.0
658730,0.0
658731,0.0
658732,0.0
658733,0.0
658734,0.0
658735,0.0
658736,0.0
658737,0.0
658738,0.0
658739,0.0
658740,0.0
658741,0.0
658742,0.0
658743,0.0
658744,0.0
658745,0.0
658746,0.0
658747,0.0
658748,0.0
658749,0.0
658750,0.0
658751,0.0
658752,0.0
658753,0.0
658754,0.0
658755,0.0
658756,0.0
658757,0.0
658758,0.0
658759,0.0
658760,0.0
658761,0.0
658762,0.0
658763,0.0
658764,0.0
658765,0.0
658766,0.0
658767,0.0
658768,0.0
658769,0.0
658770,0.0
658771,0.0
658772,0.0
658773,0.0
658774,0.0
658775,0.0
658776,0.0
658777,0.0
658778,0.0
658779,0.0
658780,0.0
658781,0.0
658782,0.0
658783,0.0
658784,0.0
658785,0.0
658786,0.0
658787,0.0
658788,0.0
658789,0.0
658790,0.0
658791,0.0
658792,0.0
658793,0.0
658794,0.0
658795,0.0
658796,0.0
658797,0.0
658798,0.0
658799,0.0
658800,0.0
658801,0.0
658802,0.0
658803,0.0
658804,0.0
658805,0.0
658806,0.0
658807,0.0
658808,0.0
658809,0.0
658810,0.0
658811,0.0
658812,0.0
658813,0.0
658814,0.0
658815,0.0
658816,0.0
658817,0.0
658818,0.0
658819,0.0
658820,0.0
658821,0.0
658822,0.0
658823,0.0
658824,0.0
658825,0.0
658826,8.084296e-16
658827,0.0
658828,0.0
658829,0.0
658830,0.0
658831,0.0
658832,0.0
658833,0.0
658834,0.0
658835,0.0
658836,0.0
658837,0.0
658838,0.0
658839,0.0
658840,0.0
658841,0.0
658842,0.0
658843,0.0
658844,0.0
658845,0.0
658846,0.0
658847,0.0
658848,0.0
658849,0.0
658850,0.0
658851,0.0
658852,0.0
658853,0.0
658854,0.0
658855,0.0
658856,0.0
658857,0.0
658858,0.0
658859,0.0
658860,0.0
658861,0.0
658862,0.0
658863,0.0
658864,0.0
658865,0.0
658866,0.0
658867,0.0
658868,0.0
658869,0.0
658870,0.0
658871,0.0
658872,0.0
658873,0.0
658874,0.0
658875,0.0
658876,0.0
658877,0.0
658878,0.0
658879,0.0
658880,0.0
658881,0.0
658882,0.0
658883,0.0
658884,0.0
658885,0.0
658886,0.0
658887,0.0
658888,0.0
658889,0.0
658890,0.0
658891,0.0
658892,0.0
658893,0.0
658894,0.0
658895,0.0
658896,0.0
658897,0.0
658898,0.0
658899,0.0
658900,0.0
658901,0.0
658902,0.0
658903,0.0
658904,0.0
658905,0.0
658906,0.0
658907,0.0
658908,0.0
658909,0.0
658910,0.0
658911,0.0
658912,0.0
658913,0.0
658914,0.0
658915,0.0
658916,0.0
658917,0.0
658918,0.0
658919,0.0
658920,0.0
658921,0.0
658922,0.0
658923,0.0
658924,0.0
658925,0.0
658926,0.0
658927,0.0
658928,0.0
658929,0.0
658930,0.0
658931,0.0
658932,0.0
658933,0.0
658934,0.0
658935,0.0
658936,0.0
658937,0.0
658938,0.0
658939,0.0
658940,0.0
658941,0.0
658942,0.0
658943,0.0
658944,0.0
658945,0.0
658946,0.0
658947,0.0
658948,0.0
658949,0.0
658950,0.0
658951,0.0
658952,0.0
658953,0.0
658954,0.0
658955,0.0
658956,0.0
658957,0.0
658958,0.0
658959,3.6943285e-34
658960,0.0
658961,0.0
658962,0.0
658963,0.0
658964,0.0
658965,0.0
658966,0.0
658967,0.0
658968,0.0
658969,2.2069073e-29
658970,0.0
658971,0.0
658972,0.0
658973,0.0
658974,0.0
658975,0.0
658976,0.0
658977,0.0
658978,0.0
658979,0.0
658980,0.0
658981,0.0
658982,0.0
658983,0.0
658984,0.0
658985,0.0
658986,0.0
658987,0.0
658988,0.0
658989,0.0
658990,0.0
658991,0.0
658992,0.0
658993,0.0
658994,0.0
658995,0.0
658996,0.0
658997,0.0
658998,0.0
658999,0.0
659000,0.0
659001,0.0
659002,0.0
659003,0.0
659004,0.0
659005,0.0
659006,0.0
659007,0.0
659008,0.0
659009,0.0
659010,0.0
659011,0.0
659012,0.0
659013,0.0
659014,0.0
659015,0.0
659016,0.0
659017,0.0
659018,0.0
659019,0.0
659020,0.0
659021,0.0
659022,0.0
659023,0.0
659024,0.0
659025,0.0
659026,0.0
659027,0.0
659028,0.0
659029,0.0
659030,0.0
659031,1.3649478e-05
659032,0.0
659033,0.0
659034,0.0
659035,0.0
659036,0.0
659037,0.0
659038,0.0
659039,0.0
659040,0.0
659041,0.0
659042,0.0
659043,0.0
659044,0.0
659045,0.0
659046,0.0
659047,0.0
659048,0.0
659049,2.6135819e-27
659050,0.0
659051,0.0
659052,0.0
659053,0.0
659054,0.0
659055,0.0
659056,0.0
659057,0.0
659058,0.0
659059,0.0
659060,0.0
659061,0.0
659062,0.0
659063,0.0
659064,0.0
659065,0.0
659066,0.0
659067,0.0
659068,0.0
659069,0.0
659070,0.0
659071,0.0
659072,0.0
659073,0.0
659074,0.0
659075,0.0
659076,0.0
659077,0.0
659078,0.0
659079,0.0
659080,0.0
659081,0.0
659082,0.0
659083,0.0
659084,0.0
659085,0.0
659086,0.0
659087,0.0
659088,0.0
659089,0.0
659090,0.0
659091,0.0
659092,0.0
659093,0.0
659094,0.0
659095,0.0
659096,0.0
659097,0.0
659098,0.0
659099,0.0
659100,0.0
659101,0.0
659102,0.0
659103,0.0
659104,0.0
659105,0.0
659106,0.0
659107,0.0
659108,0.0
659109,0.0
659110,0.0
659111,0.0
659112,0.0
659113,0.0
659114,0.0
659115,0.0
659116,0.0
659117,0.0
659118,0.0
659119,0.0
659120,0.0
659121,0.0
659122,0.0
659123,0.0
659124,0.0
659125,0.0
659126,0.0
659127,0.0
659128,0.0
659129,0.0
659130,0.0
659131,0.0
659132,0.0
659133,0.0
659134,0.0
659135,0.0
659136,0.0
659137,0.0
659138,0.0
659139,0.0
659140,0.0
659141,0.0
659142,0.0
659143,0.0
659144,0.0
659145,0.0
659146,0.0
659147,0.0
659148,0.0
659149,0.0
659150,0.0
659151,0.0
659152,0.0
659153,0.0
659154,0.0
659155,0.0
659156,0.0
659157,0.0
659158,0.0
659159,0.0
659160,0.0
659161,0.0
659162,0.0
659163,0.0
659164,0.0
659165,0.0
659166,0.0
659167,0.0
659168,0.0
659169,0.0
659170,0.023129016
659171,0.0
659172,0.0
659173,0.0
659174,0.0
659175,0.0
659176,0.0
659177,0.0
659178,0.0
659179,0.0
659180,0.0
659181,0.0
659182,0.0
659183,0.0
659184,0.0
659185,0.0
659186,0.0
659187,0.0
659188,0.0
659189,0.0
659190,0.0
659191,0.0
659192,0.0
659193,0.0
659194,0.0
659195,0.0
659196,0.0
659197,0.0
659198,0.0
659199,0.0
659200,0.0
659201,0.0
659202,0.0
659203,0.0
659204,0.0
659205,0.0
659206,0.0
659207,0.0
659208,0.0
659209,0.0
659210,0.0
659211,0.0
659212,0.0
659213,0.0
659214,0.0
659215,0.0
659216,0.0
659217,0.0
659218,0.0
659219,0.0
659220,0.0
659221,0.0
659222,0.0
659223,0.0
659224,0.0
659225,0.0
659226,0.0
659227,0.0
659228,0.0
659229,0.0
659230,0.0
659231,0.0
659232,0.0
659233,0.0
659234,0.0
659235,0.0
659236,0.0
659237,0.0
659238,0.0
659239,0.0
659240,0.0
659241,0.0
659242,0.0
659243,0.0
659244,0.0
659245,0.0
659246,0.0
659247,0.0
659248,0.0
659249,0.0
659250,0.0
659251,0.0
659252,0.0
659253,0.0
659254,0.0
659255,0.0
659256,0.0
659257,0.0
659258,0.0
659259,0.0
659260,0.0
659261,0.0
659262,0.0
659263,0.0
659264,0.0
659265,0.0
659266,0.0
659267,0.0
659268,0.0
659269,0.0
659270,0.0
659271,0.0
659272,0.0
659273,0.0
659274,0.0
659275,0.0
659276,0.0
659277,0.0
659278,0.0
659279,0.0
659280,0.0
659281,0.0
659282,0.0
659283,0.0
659284,0.0
659285,0.0
659286,0.0
659287,0.0
659288,0.0
659289,0.0
659290,0.0
659291,0.0
659292,0.0
659293,0.0
659294,0.0
659295,0.0
659296,0.0
659297,0.0
659298,0.0
659299,0.0
659300,0.0
659301,0.0
659302,0.0
659303,0.0
659304,0.0
659305,0.0
659306,0.0
659307,0.0
659308,0.0
659309,0.0
659310,0.0
659311,0.0
659312,0.0
659313,0.0
659314,0.0
659315,0.0
659316,0.0
659317,0.0
659318,0.0
659319,0.0
659320,0.0
659321,0.0
659322,0.0
659323,0.0
659324,0.0
659325,0.0
659326,0.0
659327,0.0
659328,0.0
659329,0.0
659330,0.0
659331,0.0
659332,0.0
659333,0.0
659334,0.0
659335,0.0
659336,0.0
659337,0.0
659338,0.0
659339,0.0
659340,0.0
659341,0.0
659342,0.0
659343,0.0
659344,0.0
659345,0.0
659346,0.0
659347,0.0
659348,0.0
659349,0.0
659350,0.0
659351,0.0
659352,0.0
659353,0.0
659354,0.0
659355,0.0
659356,0.0
659357,0.0
659358,0.0
659359,0.0
659360,0.0
659361,0.0
659362,0.0
659363,0.0
659364,0.0
659365,0.0
659366,0.0
659367,0.0
659368,0.0
659369,0.0
659370,0.0
659371,0.0
659372,0.0
659373,0.0
659374,0.0
659375,0.0
659376,0.0
659377,0.0
659378,0.0
659379,0.0
659380,0.0
659381,0.0
659382,0.0
659383,0.0
659384,0.0
659385,0.0
659386,0.0
659387,0.0
659388,0.0
659389,0.0
659390,0.0
659391,0.0
659392,0.0
659393,0.0
659394,0.0
659395,0.0
659396,0.0
659397,0.0
659398,0.0
659399,0.0
659400,0.0
659401,0.0
659402,0.0
659403,0.0
659404,0.0
659405,0.0
659406,0.0
659407,0.0
659408,0.0
659409,0.0
659410,0.0
659411,0.0
659412,0.0
659413,0.0
659414,0.0
659415,0.0
659416,0.0
659417,0.0
659418,0.0
659419,0.0
659420,0.0
659421,0.0
659422,0.0
659423,0.0
659424,0.0
659425,0.0
659426,0.0
659427,0.0
659428,0.0
659429,0.0
659430,0.0
659431,0.0
659432,0.0
659433,0.0
659434,0.0
659435,0.0
659436,0.0
659437,0.0
659438,4.7109948e-17
659439,0.0
659440,0.0
659441,0.0
659442,0.0
659443,0.0
659444,0.0
659445,0.0
659446,0.0
659447,0.0
659448,0.0
659449,0.0
659450,0.0
659451,0.0
659452,0.0
659453,0.0
659454,0.0
659455,0.0
659456,0.0
659457,0.0
659458,0.0
659459,0.0
659460,0.0
659461,0.0
659462,0.0
659463,0.0
659464,0.0
659465,0.0
659466,0.0
659467,0.0
659468,0.0
659469,0.0
659470,0.0
659471,0.0
659472,0.0
659473,0.0
659474,0.0
659475,0.0
659476,0.0
659477,0.0
659478,0.0
659479,0.0
659480,0.0
659481,0.0
659482,0.0
659483,0.0
659484,0.0
659485,0.0
659486,0.0
659487,0.0
659488,0.0
659489,0.0
659490,0.0
659491,0.0
659492,0.0
659493,0.0
659494,0.0
659495,0.0
659496,0.0
659497,0.0
659498,0.0
659499,0.0
659500,0.0
659501,0.0
659502,0.0
659503,0.0
659504,0.0
659505,0.0
659506,0.0
659507,0.0
659508,0.0
659509,0.0
659510,0.0
659511,0.0
659512,0.0
659513,0.0
659514,0.0
659515,0.0
659516,0.0
659517,0.0
659518,0.0
659519,0.0
659520,0.0
659521,0.0
659522,0.0
659523,0.0
659524,0.0
659525,0.0
659526,0.0
659527,0.0
659528,0.0
659529,0.0
659530,0.0
659531,0.0
659532,0.0
659533,0.0
659534,0.0
659535,0.0
659536,0.0
659537,0.0
659538,0.0
659539,0.0
659540,0.0
659541,0.0
659542,0.0
659543,0.0
659544,0.0
659545,0.0
659546,0.0
659547,0.0
659548,0.0
659549,0.0
659550,0.0
659551,0.0
659552,0.0
659553,0.0
659554,0.0
659555,0.0
659556,0.0
659557,0.0
659558,0.0
659559,0.0
659560,0.0
659561,0.0
659562,0.0
659563,0.0
659564,0.0
659565,0.0
659566,0.0
659567,0.0
659568,0.0
659569,0.0
659570,0.0
659571,0.0
659572,0.0
659573,0.0
659574,0.0
659575,0.0
659576,0.0
659577,0.0
659578,0.0
659579,0.0
659580,0.0
659581,0.0
659582,0.0
659583,0.0
659584,0.0
659585,0.0
659586,0.0
659587,0.0
659588,0.0
659589,0.0
659590,0.0
659591,0.0
659592,3.9090166e-36
659593,0.0
659594,0.0
659595,0.0
659596,0.0
659597,0.0
659598,0.0
659599,0.0
659600,0.0
659601,0.0
659602,0.0
659603,0.0
659604,0.0
659605,0.0
659606,0.0
659607,0.0
659608,0.0
659609,0.0
659610,0.0
659611,0.0
659612,0.0
659613,0.0
659614,0.0
659615,0.0
659616,0.0
659617,0.0
659618,0.0
659619,0.0
659620,0.0
659621,0.0
659622,0.0
659623,0.0
659624,0.0
659625,0.0
659626,0.0
659627,0.0
659628,0.0
659629,0.0
659630,0.0
659631,0.0
659632,0.0
659633,0.0
659634,0.0
659635,0.0
659636,0.0
659637,0.0
659638,0.0
659639,0.0
659640,0.0
659641,0.0
659642,0.0
659643,0.0
659644,0.0
659645,0.0
659646,0.0
659647,0.0
659648,0.0
659649,0.0
659650,0.0
659651,0.0
659652,0.0
659653,0.0
659654,0.0
659655,0.0
659656,0.0
659657,0.0
659658,0.0
659659,0.0
659660,0.0
659661,0.0
659662,0.0
659663,0.0
659664,0.0
659665,0.0
659666,0.0
659667,0.0
659668,0.0
659669,0.0
659670,0.0
659671,0.0
659672,0.0
659673,0.0
659674,0.0
659675,0.0
659676,0.0
659677,0.0
659678,0.0
659679,2.7711572e-21
659680,0.0
659681,0.0
659682,0.0
659683,0.0
659684,0.0
659685,0.0
659686,0.0
659687,0.0
659688,0.0
659689,0.0
659690,0.0
659691,0.0
659692,0.0
659693,0.0
659694,0.0
659695,0.0
659696,0.0
659697,0.0
659698,0.0
659699,0.0
659700,0.0
659701,0.0
659702,0.0
659703,0.0
659704,0.0
659705,0.0
659706,0.0
659707,0.0
659708,0.0
659709,0.0
659710,0.0
659711,0.0
659712,0.0
659713,0.0
659714,0.0
659715,0.0
659716,0.0
659717,0.0
659718,0.0
659719,0.0
659720,0.0
659721,0.0
659722,0.0
659723,0.0
659724,0.0
659725,0.0
659726,0.0
659727,0.0
659728,0.0
659729,0.0
659730,0.0
659731,0.0
659732,0.0
659733,0.0
659734,0.0
659735,0.0
659736,0.0
659737,0.0
659738,0.0
659739,0.0
659740,0.0
659741,0.0
659742,0.0
659743,0.0
659744,0.0
659745,0.0
659746,0.0
659747,0.0
659748,0.0
659749,0.0
659750,0.0
659751,0.0
659752,0.0
659753,0.0
659754,0.0
659755,0.0
659756,0.0
659757,0.0
659758,0.0
659759,0.0
659760,0.0
659761,0.0
659762,0.0
659763,0.0
659764,0.0
659765,0.0
659766,0.0
659767,0.0
659768,0.0
659769,0.0
659770,0.0
659771,0.0
659772,0.0
659773,0.0
659774,0.0
659775,0.0
659776,0.0
659777,0.26723078
659778,0.0
659779,0.0
659780,0.0
659781,0.0
659782,0.0
659783,0.0
659784,0.0
659785,0.0
659786,0.0
659787,0.0
659788,0.0
659789,0.0
659790,0.0
659791,0.0
659792,0.0
659793,0.0
659794,0.0
659795,0.0
659796,0.0
659797,8.436252e-37
659798,0.0
659799,0.0
659800,0.0
659801,0.0
659802,0.0
659803,0.0
659804,0.0
659805,0.0
659806,0.0
659807,0.0
659808,0.0
659809,0.0
659810,0.0
659811,0.0
659812,0.0
659813,0.0
659814,0.0
659815,0.0
659816,0.0
659817,0.0
659818,0.0
659819,0.0
659820,0.0
659821,0.0
659822,0.0
659823,0.0
659824,0.0
659825,1.8827106e-24
659826,0.0
659827,0.0
659828,0.0
659829,0.0
659830,0.0
659831,0.0
659832,0.0
659833,0.0
659834,0.0
659835,0.0
659836,0.0
659837,0.0
659838,0.0
659839,0.0
659840,0.0
659841,0.0
659842,0.0
659843,0.0
659844,0.0
659845,0.0
659846,0.0
659847,0.0
659848,0.0
659849,0.0
659850,0.0
659851,0.0
659852,0.0
659853,0.0
659854,0.0
659855,0.0
659856,0.0
659857,0.0
659858,0.0
659859,0.0
659860,0.0
659861,0.0
659862,0.0
659863,0.0
659864,0.0
659865,1.6485778e-21
659866,0.0
659867,0.0
659868,0.0
659869,0.0
659870,0.0
659871,0.0
659872,0.0
659873,0.0
659874,0.0
659875,0.0
659876,0.0
659877,0.0
659878,0.0
659879,0.0
659880,0.0
659881,0.0
659882,0.0
659883,0.0
659884,0.0
659885,0.0
659886,0.0
659887,0.0
659888,0.0
659889,0.0
659890,0.0
659891,0.0
659892,0.0
659893,0.0
659894,0.0
659895,0.0
659896,0.0
659897,0.0
659898,0.0
659899,0.0
659900,0.0
659901,0.0
659902,0.0
659903,0.0
659904,0.0
659905,0.0
659906,0.0
659907,0.0
659908,0.0
659909,0.0
659910,0.0
659911,0.0
659912,0.0
659913,0.0
659914,0.0
659915,0.0
659916,0.0
659917,0.0
659918,0.0
659919,0.0
659920,0.0
659921,0.0
659922,0.0
659923,0.0
659924,0.0
659925,0.0
659926,0.0
659927,0.0
659928,0.0
659929,0.0
659930,0.0
659931,0.0
659932,0.0
659933,0.0
659934,0.0
659935,0.0
659936,0.0
659937,0.0
659938,0.0
659939,0.0
659940,0.0
659941,0.0
659942,0.0
659943,0.0
659944,0.0
659945,0.0
659946,0.0
659947,0.0
659948,0.0
659949,0.0
659950,0.0
659951,0.0
659952,0.0
659953,0.0
659954,0.0
659955,0.0
659956,0.0
659957,0.0
659958,0.0
659959,0.0
659960,0.0
659961,0.0
659962,0.0
659963,0.0
659964,0.0
659965,0.0
659966,0.0
659967,0.0
659968,0.0
659969,0.0
659970,0.0
659971,0.0
659972,0.0
659973,0.0
659974,0.0
659975,0.0
659976,0.0
659977,0.0
659978,0.0
659979,0.0
659980,0.0
659981,0.0
659982,0.0
659983,0.0
659984,0.0
659985,0.0
659986,0.0
659987,0.0
659988,0.0
659989,0.0
659990,0.0
659991,0.0
659992,0.0
659993,0.0
659994,0.0
659995,0.0
659996,0.0
659997,0.0
659998,0.0
659999,0.0
660000,0.0
660001,0.0
660002,0.0
660003,0.0
660004,0.0
660005,0.0
660006,0.0
660007,0.0
660008,0.0
660009,0.0
660010,0.0
660011,0.0
660012,0.0
660013,0.0
660014,0.0
660015,0.0
660016,0.0
660017,0.0
660018,0.0
660019,0.0
660020,0.0
660021,0.0
660022,0.0
660023,0.0
660024,0.0
660025,0.0
660026,0.0
660027,0.0
660028,0.0
660029,0.0
660030,0.0
660031,0.0
660032,0.0
660033,0.0
660034,0.0
660035,0.0
660036,0.0
660037,0.0
660038,0.0
660039,0.0
660040,0.0
660041,0.0
660042,0.0
660043,0.0
660044,0.0
660045,0.0
660046,0.0
660047,0.0
660048,0.0
660049,0.0
660050,0.0
660051,0.0
660052,0.0
660053,0.0
660054,0.0
660055,0.0
660056,0.0
660057,0.0
660058,0.0
660059,0.0
660060,0.0
660061,0.0
660062,0.0
660063,0.0
660064,0.0
660065,0.0
660066,0.0
660067,0.0
660068,0.0
660069,0.0
660070,0.0
660071,0.0
660072,0.0
660073,0.0
660074,0.0
660075,0.0
660076,0.0
660077,0.0
660078,0.0
660079,0.0
660080,0.0
660081,0.0
660082,0.0
660083,0.0
660084,0.0
660085,0.0
660086,0.0
660087,0.0
660088,0.0
660089,0.0
660090,0.0
660091,0.0
660092,0.0
660093,0.0
660094,0.0
660095,0.0
660096,0.0
660097,0.0
660098,0.0
660099,0.0
660100,0.0
660101,0.0
660102,0.0
660103,0.0
660104,0.0
660105,0.0
660106,0.0
660107,0.0
660108,0.0
660109,0.0
660110,0.0
660111,0.0
660112,0.0
660113,0.0
660114,0.0
660115,0.0
660116,0.0
660117,0.0
660118,0.0
660119,0.0
660120,0.0
660121,0.0
660122,0.0
660123,0.0
660124,0.0
660125,0.0
660126,0.0
660127,0.0
660128,0.0
660129,0.0
660130,0.0
660131,0.0
660132,0.0
660133,0.0
660134,0.0
660135,0.0
660136,0.0
660137,0.0
660138,0.0
660139,1.1250399e-27
660140,0.0
660141,0.0
660142,0.0
660143,0.0
660144,0.0
660145,0.0
660146,0.0
660147,0.0
660148,0.0
660149,0.0
660150,0.0
660151,0.0
660152,0.0
660153,0.0
660154,0.0
660155,0.0
660156,0.0
660157,0.0
660158,0.0
660159,0.0
660160,0.0
660161,0.0
660162,0.0
660163,0.0
660164,0.0
660165,0.0
660166,0.0
660167,0.0
660168,0.0
660169,0.0
660170,0.0
660171,0.0
660172,0.0
660173,0.0
660174,0.0
660175,0.0
660176,0.0
660177,0.0
660178,0.0
660179,0.0
660180,0.0
660181,0.0
660182,0.0
660183,0.0
660184,0.0
660185,0.0
660186,0.0
660187,0.0
660188,0.0
660189,0.0
660190,0.0
660191,0.0
660192,0.0
660193,0.0
660194,0.0
660195,0.0
660196,0.0
660197,0.0
660198,0.0
660199,0.0
660200,0.0
660201,0.0
660202,9.14948e-12
660203,0.0
660204,0.0
660205,0.0
660206,0.0
660207,0.0
660208,0.0
660209,0.0
660210,0.0
660211,0.0
660212,0.0
660213,0.0
660214,0.0
660215,0.0
660216,0.0
660217,0.0
660218,0.0
660219,0.0
660220,0.0
660221,0.0
660222,0.0
660223,0.0
660224,0.0
660225,0.0
660226,0.0
660227,0.0
660228,0.0
660229,0.0
660230,0.0
660231,0.0
660232,0.0
660233,0.0
660234,0.0
660235,0.0
660236,0.0
660237,0.0
660238,0.0
660239,0.0
660240,0.0
660241,0.0
660242,0.0
660243,0.0
660244,0.0
660245,0.0
660246,0.0
660247,0.0
660248,0.0
660249,0.0
660250,0.0
660251,0.0
660252,0.0
660253,0.0
660254,0.0
660255,0.0
660256,0.0
660257,0.0
660258,0.0
660259,0.0
660260,0.0
660261,0.0
660262,0.0
660263,0.0
660264,0.0
660265,0.0
660266,0.0
660267,0.0
660268,0.0
660269,0.0
660270,0.0
660271,0.0
660272,0.0
660273,0.0
660274,0.0
660275,0.0
660276,0.0
660277,0.0
660278,0.0
660279,0.0
660280,0.0
660281,0.0
660282,0.0
660283,0.0
660284,0.0
660285,0.0
660286,0.0
660287,0.0
660288,0.0
660289,0.0
660290,0.0
660291,0.0
660292,0.0
660293,0.0
660294,0.0
660295,0.0
660296,0.0
660297,0.0
660298,0.0
660299,0.0
660300,0.0
660301,0.0
660302,0.0
660303,0.0
660304,0.0
660305,0.0
660306,0.0
660307,0.0
660308,0.0
660309,0.0
660310,0.0
660311,0.0
660312,0.0
660313,0.0
660314,0.0
660315,0.0
660316,0.0
660317,0.0
660318,0.0
660319,0.0
660320,0.0
660321,0.0
660322,0.0
660323,0.0
660324,0.0
660325,0.0
660326,0.0
660327,0.0
660328,0.0
660329,0.0
660330,0.0
660331,0.0
660332,0.0
660333,0.0
660334,0.0
660335,0.0
660336,0.0
660337,0.0
660338,0.0
660339,0.0
660340,0.0
660341,0.0
660342,0.0
660343,0.0
660344,0.0
660345,0.0
660346,0.0
660347,0.0
660348,0.0
660349,1.292643e-34
660350,0.0
660351,0.0
660352,0.0
660353,0.0
660354,0.0
660355,0.0
660356,0.0
660357,0.0
660358,0.0
660359,0.0
660360,0.0
660361,0.0
660362,0.0
660363,0.0
660364,0.0
660365,0.0
660366,0.0
660367,0.0
660368,0.0
660369,0.0
660370,0.0
660371,0.0
660372,1.40877e-36
660373,0.0
660374,0.0
660375,0.0
660376,0.0
660377,0.0
660378,0.0
660379,0.0
660380,0.0
660381,0.0
660382,0.0
660383,0.0
660384,0.0
660385,0.0
660386,0.0
660387,0.0
660388,0.0
660389,0.0
660390,0.0
660391,0.0
660392,0.0
660393,0.0
660394,0.0
660395,0.0
660396,0.0
660397,0.0
660398,0.0
660399,0.0
660400,0.0
660401,0.0
660402,0.0
660403,0.0
660404,0.0
660405,0.0
660406,0.0
660407,0.0
660408,0.0
660409,0.0
660410,0.0
660411,0.0
660412,0.0
660413,0.0
660414,0.0
660415,0.0
660416,0.0
660417,0.0
660418,0.0
660419,0.0
660420,0.0
660421,0.0
660422,0.0
660423,0.0
660424,0.0
660425,0.0
660426,0.0
660427,0.0
660428,0.0
660429,0.0
660430,0.0
660431,0.0
660432,0.0
660433,0.0
660434,0.0
660435,0.0
660436,0.0
660437,0.0
660438,0.0
660439,0.0
660440,0.0
660441,0.0
660442,0.0
660443,0.0
660444,0.0
660445,0.0
660446,0.0
660447,0.0
660448,0.0
660449,0.0
660450,0.0
660451,0.0
660452,0.0
660453,0.0
660454,0.0
660455,0.0
660456,0.0
660457,0.0
660458,0.0
660459,0.0
660460,0.0
660461,0.0
660462,0.0
660463,0.0
660464,0.0
660465,0.0
660466,0.0
660467,0.0
660468,1.2149901e-31
660469,0.0
660470,0.0
660471,0.0
660472,0.0
660473,0.0
660474,0.0
660475,0.0
660476,0.0
660477,0.0
660478,0.0
660479,0.0
660480,0.0
660481,0.0
660482,0.0
660483,0.0
660484,0.0
660485,0.0
660486,0.0
660487,0.0
660488,0.0
660489,0.0
660490,0.0
660491,0.0
660492,0.0
660493,0.0
660494,0.0
660495,0.0
660496,0.0
660497,0.0
660498,0.0
660499,0.0
660500,0.0
660501,0.0
660502,0.0
660503,0.0
660504,0.0
660505,0.0
660506,0.0
660507,0.0
660508,0.0
660509,0.0
660510,0.0
660511,0.0
660512,0.0
660513,0.0
660514,0.0
660515,0.0
660516,0.0
660517,0.0
660518,0.0
660519,0.0
660520,0.0
660521,0.0
660522,0.0
660523,0.0
660524,0.0
660525,0.0
660526,0.0
660527,0.0
660528,0.0
660529,0.0
660530,0.0
660531,0.0
660532,0.0
660533,0.0
660534,0.0
660535,0.0
660536,0.0
660537,0.0
660538,0.0
660539,0.0
660540,0.0
660541,0.0
660542,0.0
660543,0.0
660544,0.0
660545,0.0
660546,0.0
660547,0.0
660548,0.0
660549,0.0
660550,0.0
660551,0.0
660552,0.0
660553,0.0
660554,0.0
660555,0.0
660556,0.0
660557,0.0
660558,0.0
660559,0.0
660560,0.0
660561,0.0
660562,0.0
660563,0.0
660564,0.0
660565,0.0
660566,0.0
660567,0.0
660568,0.0
660569,0.0
660570,0.0
660571,0.0
660572,0.0
660573,0.0
660574,0.0
660575,0.0
660576,0.0
660577,0.0
660578,0.0
660579,0.0
660580,0.0
660581,0.0
660582,0.0
660583,0.0
660584,0.0
660585,0.0
660586,0.0
660587,0.0
660588,0.0
660589,0.0
660590,0.0
660591,0.0
660592,0.0
660593,0.0
660594,0.0
660595,0.0
660596,0.0
660597,0.0
660598,0.0
660599,0.0
660600,0.0
660601,0.0
660602,0.0
660603,0.0
660604,0.0
660605,0.0
660606,0.0
660607,0.0
660608,0.0
660609,0.0
660610,0.0
660611,0.0
660612,0.0
660613,0.0
660614,0.0
660615,0.0
660616,0.0
660617,0.0
660618,0.0
660619,0.0
660620,0.0
660621,0.0
660622,0.0
660623,0.0
660624,0.0
660625,0.0
660626,0.0
660627,0.0
660628,0.0
660629,0.0
660630,0.0
660631,0.0
660632,0.0
660633,0.0
660634,0.0
660635,0.0
660636,0.0
660637,0.0
660638,0.0
660639,0.0
660640,0.0
660641,0.0
660642,0.0
660643,0.0
660644,0.0
660645,0.0
660646,0.0
660647,0.0
660648,0.0
660649,0.0
660650,0.0
660651,0.0
660652,0.0
660653,0.0
660654,0.0
660655,0.0
660656,0.010648607
660657,0.0
660658,0.0
660659,0.0
660660,0.0
660661,0.0
660662,0.0
660663,0.0
660664,0.0
660665,0.0
660666,0.0
660667,0.0
660668,0.0
660669,0.0
660670,0.0
660671,0.0
660672,0.0
660673,0.0
660674,0.0
660675,0.0
660676,0.0
660677,0.0
660678,0.0
660679,0.0
660680,0.0
660681,0.0
660682,0.0
660683,0.0
660684,0.0
660685,0.0
660686,0.0
660687,0.0
660688,0.0
660689,0.0
660690,0.0
660691,0.0
660692,0.0
660693,0.0
660694,0.0
660695,0.0
660696,0.0
660697,0.0
660698,0.0
660699,0.0
660700,0.0
660701,0.0
660702,0.0
660703,0.0
660704,0.0
660705,1.6475485e-34
660706,0.0
660707,0.0
660708,0.0
660709,0.0
660710,0.0
660711,0.0
660712,0.0
660713,0.0
660714,0.0
660715,0.0
660716,0.0
660717,0.0
660718,0.0
660719,0.0
660720,0.0
660721,0.0
660722,0.0
660723,0.0
660724,0.0
660725,0.0
660726,0.0
660727,0.0
660728,0.0
660729,0.0
660730,0.0
660731,0.0
660732,0.0
660733,0.0
660734,0.0
660735,0.0
660736,0.0
660737,0.0
660738,0.0
660739,0.0
660740,0.0
660741,0.0
660742,0.0
660743,0.0
660744,0.0
660745,0.0
660746,0.0
660747,0.0
660748,0.0
660749,0.0
660750,0.0
660751,0.0
660752,0.0
660753,0.0
660754,0.0
660755,0.0
660756,0.0
660757,0.0
660758,0.0
660759,0.0
660760,0.0
660761,0.0
660762,0.0
660763,0.0
660764,0.0
660765,0.0
660766,0.0
660767,0.0
660768,0.0
660769,0.0
660770,0.0
660771,0.0
660772,0.0
660773,0.0
660774,0.0
660775,0.0
660776,0.0
660777,0.0
660778,0.0
660779,0.0
660780,0.0
660781,0.0
660782,0.36242384
660783,0.0
660784,0.0
660785,0.0
660786,0.0
660787,0.0
660788,0.0
660789,0.0
660790,0.0
660791,0.0
660792,0.0
660793,0.0
660794,0.0
660795,0.0
660796,0.0
660797,0.0
660798,0.0
660799,0.0
660800,0.0
660801,0.0
660802,0.0
660803,0.0
660804,0.0
660805,0.0
660806,0.0
660807,0.0
660808,0.0
660809,0.0
660810,0.0
660811,0.0
660812,0.0
660813,0.0
660814,0.0
660815,0.0
660816,0.0
660817,0.0
660818,0.0
660819,0.0
660820,0.0
660821,0.0
660822,7.081085e-39
660823,0.0
660824,0.0
660825,0.0
660826,0.0
660827,0.0
660828,0.0
660829,0.0
660830,0.0
660831,0.0
660832,0.0
660833,0.0
660834,0.0
660835,0.0
660836,0.0
660837,0.0
660838,0.0
660839,0.0
660840,0.0
660841,0.0
660842,0.0
660843,0.0
660844,0.0
660845,0.0
660846,0.0
660847,0.0
660848,0.0
660849,1.9575017e-30
660850,0.0
660851,0.0
660852,0.0
660853,0.0
660854,0.0
660855,0.0
660856,0.0
660857,0.0
660858,0.0
660859,0.0
660860,0.0
660861,0.0
660862,0.0
660863,0.0
660864,0.0
660865,0.0
660866,0.0
660867,0.0
660868,0.0
660869,0.0
660870,0.0
660871,0.0
660872,0.0
660873,0.0
660874,0.0
660875,0.0
660876,0.0
660877,0.0
660878,0.0
660879,0.0
660880,0.0
660881,0.0
660882,0.0
660883,0.0
660884,0.0
660885,0.0
660886,0.0
660887,0.0
660888,0.0
660889,0.0
660890,0.0
660891,0.0
660892,0.0
660893,0.0
660894,0.0
660895,0.0
660896,0.0
660897,0.0
660898,0.0
660899,0.0
660900,0.0
660901,0.0
660902,0.0
660903,0.0
660904,0.0
660905,0.0
660906,0.0
660907,0.0
660908,0.0
660909,0.0
660910,0.0
660911,0.0
660912,0.0
660913,0.0
660914,0.0
660915,0.0
660916,0.0
660917,0.0
660918,0.36242384
660919,0.0
660920,0.0
660921,0.0
660922,0.0
660923,0.0
660924,0.0
660925,0.0
660926,0.0
660927,0.0
660928,0.0
660929,0.0
660930,0.0
660931,0.0
660932,0.0
660933,0.0
660934,0.0
660935,0.0
660936,0.0
660937,0.0
660938,0.0
660939,0.0
660940,0.0
660941,0.0
660942,0.0
660943,0.0
660944,0.0
660945,0.0
660946,0.0
660947,0.0
660948,0.0
660949,0.0
660950,0.0
660951,0.0
660952,0.0
660953,0.0
660954,0.0
660955,0.0
660956,0.0
660957,0.0
660958,0.0
660959,0.0
660960,0.0
660961,0.0
660962,0.0
660963,0.0
660964,0.0
660965,0.0
660966,0.0
660967,0.0
660968,0.0
660969,0.0
660970,0.0
660971,0.0
660972,0.0
660973,0.0
660974,0.0
660975,0.0
660976,0.0
660977,0.0
660978,0.0
660979,0.0
660980,0.0
660981,0.0
660982,0.0
660983,0.0
660984,0.0
660985,0.0
660986,0.0
660987,0.0
660988,0.0
660989,0.0
660990,0.0
660991,0.0
660992,0.0
660993,0.0
660994,0.0
660995,0.0
660996,0.0
660997,0.0
660998,0.0
660999,0.0
661000,0.0
661001,0.0
661002,0.0
661003,0.0
661004,0.0
661005,0.0
661006,0.0
661007,0.0
661008,0.0
661009,0.0
661010,0.0
661011,0.0
661012,0.0
661013,0.0
661014,0.0
661015,0.0
661016,0.0
661017,0.0
661018,0.0
661019,0.0
661020,0.0
661021,0.0
661022,0.0
661023,0.0
661024,0.0
661025,0.0
661026,0.0
661027,0.0
661028,0.0
661029,0.0
661030,0.0
661031,0.0
661032,0.0
661033,0.0
661034,0.0
661035,0.0
661036,0.0
661037,0.0
661038,0.0
661039,0.0
661040,0.0
661041,0.0
661042,0.0
661043,0.0
661044,0.0
661045,0.0
661046,0.0
661047,0.0
661048,0.0
661049,0.0
661050,0.0
661051,0.0
661052,0.0
661053,0.0
661054,0.0
661055,0.0
661056,0.0
661057,0.0
661058,0.0
661059,0.0
661060,0.0
661061,0.0
661062,0.0
661063,0.0
661064,0.0
661065,0.0
661066,0.0
661067,0.0
661068,0.0
661069,0.0
661070,0.0
661071,0.0
661072,0.0
661073,0.0
661074,0.0
661075,0.0
661076,0.0
661077,0.0
661078,0.0
661079,0.0
661080,0.0
661081,0.0
661082,0.0
661083,0.0
661084,0.0
661085,0.0
661086,0.0
661087,0.0
661088,0.0
661089,0.0
661090,0.0
661091,0.0
661092,0.0
661093,0.0
661094,0.0
661095,0.0
661096,0.0
661097,0.0
661098,0.0
661099,0.0
661100,0.0
661101,0.0
661102,0.0
661103,0.0
661104,0.0
661105,0.0
661106,0.0
661107,0.0
661108,0.0
661109,0.0
661110,0.0
661111,0.0
661112,0.0
661113,0.0
661114,0.0
661115,0.0
661116,0.0
661117,0.0
661118,0.0
661119,0.0
661120,0.0
661121,0.0
661122,0.0
661123,0.0
661124,0.0
661125,0.0
661126,0.0
661127,0.0
661128,0.0
661129,0.0
661130,0.0
661131,0.0
661132,0.0
661133,0.0
661134,0.0
661135,0.0
661136,0.0
661137,0.0
661138,0.0
661139,0.0
661140,0.0
661141,0.0
661142,0.0
661143,0.0
661144,0.0
661145,0.0
661146,0.0
661147,0.0
661148,0.0
661149,0.0
661150,0.0
661151,0.0
661152,0.0
661153,0.0
661154,0.0
661155,0.0
661156,0.0
661157,0.0
661158,0.0
661159,0.0
661160,0.0
661161,0.0
661162,0.0
661163,0.0
661164,0.0
661165,0.0
661166,0.0
661167,0.0
661168,0.0
661169,0.0
661170,0.0
661171,0.0
661172,0.0
661173,0.0
661174,0.0
661175,0.0
661176,0.0
661177,0.0
661178,0.0
661179,0.0
661180,0.0
661181,0.0
661182,0.0
661183,0.0
661184,0.0
661185,0.0
661186,0.0
661187,0.0
661188,0.0
661189,0.0
661190,0.0
661191,0.0
661192,0.0
661193,0.0
661194,0.0
661195,0.0
661196,0.0
661197,0.0
661198,0.0
661199,0.0
661200,0.0
661201,0.0
661202,0.0
661203,0.0
661204,0.0
661205,0.0
661206,0.0
661207,0.0
661208,0.0
661209,0.0
661210,0.0
661211,0.0
661212,0.0
661213,0.0
661214,0.0
661215,0.0
661216,0.0
661217,0.0
661218,0.0
661219,0.0
661220,1.7590527e-06
661221,0.0
661222,0.0
661223,0.0
661224,0.0
661225,0.0
661226,0.0
661227,0.0
661228,0.0
661229,0.0
661230,0.0
661231,0.0
661232,0.0
661233,0.0
661234,0.0
661235,0.0
661236,0.0
661237,0.0
661238,0.0
661239,0.0
661240,0.0
661241,0.0
661242,0.0
661243,0.0
661244,0.0
661245,0.0
661246,0.0
661247,0.0
661248,0.0
661249,0.0
661250,0.0
661251,0.0
661252,0.0
661253,0.0
661254,0.0
661255,0.0
661256,0.0
661257,0.0
661258,0.0
661259,0.0
661260,0.0
661261,0.0
661262,0.0
661263,0.0
661264,0.0
661265,0.0
661266,0.0
661267,0.0
661268,0.0
661269,0.0
661270,0.0
661271,0.0
661272,0.0
661273,0.0
661274,0.0
661275,0.0
661276,0.0
661277,0.0
661278,0.0
661279,0.0
661280,1.9398273e-35
661281,0.0
661282,0.0
661283,0.0
661284,0.0
661285,0.0
661286,0.0
661287,0.0
661288,0.0
661289,0.0
661290,0.0
661291,0.0
661292,0.0
661293,0.0
661294,0.0
661295,0.0
661296,0.0
661297,0.0
661298,0.0
661299,0.0
661300,0.0
661301,0.0
661302,0.0
661303,0.0
661304,0.0
661305,0.0
661306,0.0
661307,0.0
661308,0.0
661309,0.0
661310,0.0
661311,0.0
661312,0.0
661313,0.0
661314,0.0
661315,0.0
661316,0.0
661317,0.0
661318,0.0
661319,0.0
661320,0.0
661321,0.0
661322,0.0
661323,0.0
661324,0.0
661325,0.0
661326,0.0
661327,0.0
661328,0.0
661329,0.0
661330,0.0
661331,0.0
661332,4.311844e-28
661333,0.0
661334,0.0
661335,0.0
661336,0.0
661337,0.0
661338,0.0
661339,0.009206338
661340,0.0
661341,0.0
661342,0.0
661343,0.0
661344,0.0
661345,0.0
661346,0.0
661347,0.0
661348,0.0
661349,0.0
661350,0.0
661351,0.0
661352,0.0
661353,0.0
661354,0.0
661355,0.0
661356,0.0
661357,0.0
661358,0.0
661359,0.0
661360,0.0
661361,0.0
661362,0.0
661363,0.0
661364,0.0
661365,0.0
661366,0.0
661367,0.0
661368,0.0
661369,0.0
661370,0.0
661371,0.0
661372,0.0
661373,0.0
661374,0.0
661375,0.0
661376,0.0
661377,0.0
661378,0.0
661379,0.0
661380,0.0
661381,0.0
661382,0.0
661383,0.0
661384,0.0
661385,0.0
661386,0.0
661387,0.0
661388,0.0
661389,0.0
661390,0.0
661391,0.0
661392,0.0
661393,0.0
661394,0.0
661395,0.0
661396,0.0
661397,0.0
661398,0.0
661399,0.0
661400,0.0
661401,0.0
661402,0.0
661403,0.0
661404,0.0
661405,0.0
661406,0.0
661407,0.0
661408,0.0
661409,0.0
661410,0.0
661411,0.0
661412,0.0
661413,0.0
661414,0.0
661415,0.0
661416,0.0
661417,0.0
661418,0.0
661419,0.0
661420,0.0
661421,0.0
661422,0.0
661423,0.0
661424,2.4773581e-29
661425,0.0
661426,0.0
661427,0.0
661428,0.0
661429,0.0
661430,0.0
661431,0.0
661432,0.0
661433,0.0
661434,0.0
661435,0.0
661436,0.0
661437,0.0
661438,0.0
661439,0.0
661440,0.0
661441,0.0
661442,0.0
661443,0.0
661444,0.0
661445,0.0
661446,0.0
661447,0.0
661448,0.0
661449,0.0
661450,0.0
661451,0.0
661452,0.0
661453,0.0
661454,0.0
661455,0.0
661456,0.0
661457,4.3153932e-23
661458,0.0
661459,0.0
661460,0.0
661461,0.0
661462,0.0
661463,0.0
661464,0.0
661465,0.0
661466,0.0
661467,0.0
661468,0.0
661469,0.0
661470,0.0
661471,0.0
661472,0.0
661473,0.0
661474,0.0
661475,0.0
661476,0.0
661477,0.0
661478,0.0
661479,0.0
661480,0.0
661481,0.0
661482,0.0
661483,0.0
661484,0.0
661485,0.0
661486,0.0
661487,0.0
661488,0.0
661489,0.0
661490,0.0
661491,0.0
661492,0.0
661493,0.0
661494,0.0
661495,0.0
661496,0.0
661497,0.0
661498,0.0
661499,0.0
661500,0.0
661501,0.0
661502,0.0
661503,0.0
661504,0.0
661505,0.0
661506,0.0
661507,0.0
661508,0.0
661509,0.0
661510,0.0
661511,0.0
661512,0.0
661513,0.0
661514,0.0
661515,0.0
661516,0.0
661517,0.0
661518,0.0
661519,3.3685012e-07
661520,0.0
661521,0.0
661522,0.0
661523,0.0
661524,0.0
661525,0.0
661526,0.0
661527,0.0
661528,0.0
661529,0.0
661530,0.0
661531,0.0
661532,0.0
661533,0.0
661534,0.0
661535,0.0
661536,0.0
661537,0.0
661538,0.0
661539,0.0
661540,0.0
661541,0.0
661542,0.0
661543,0.0
661544,0.0
661545,0.0
661546,0.0
661547,0.0
661548,0.0
661549,0.0
661550,0.0
661551,0.0
661552,0.0
661553,0.0
661554,0.0
661555,0.0
661556,3.2536237e-34
661557,0.0
661558,0.0
661559,0.0
661560,0.0
661561,0.0
661562,0.0
661563,0.0
661564,0.0
661565,0.0
661566,0.0
661567,0.0
661568,0.0
661569,0.0
661570,0.0
661571,0.0
661572,0.0
661573,0.0
661574,0.0
661575,0.0
661576,0.044583924
661577,0.0
661578,0.0
661579,0.0
661580,0.0
661581,0.0
661582,0.0
661583,0.0
661584,0.0
661585,0.0
661586,0.0
661587,0.0
661588,0.0
661589,0.0
661590,0.0
661591,0.0
661592,0.0
661593,0.0
661594,0.0
661595,0.0
661596,0.0
661597,0.0
661598,0.0
661599,0.0
661600,0.0
661601,0.0
661602,0.0
661603,0.0
661604,0.0
661605,0.0
661606,0.0
661607,0.0
661608,0.0
661609,0.0
661610,0.0
661611,0.0
661612,0.0
661613,0.0
661614,0.0
661615,0.0
661616,0.0
661617,0.0
661618,0.0
661619,0.0
661620,0.0
661621,0.0
661622,0.0
661623,0.0
661624,0.0
661625,0.0
661626,0.0
661627,0.0
661628,0.0
661629,0.0
661630,0.0
661631,0.0
661632,0.0
661633,0.0
661634,0.0
661635,0.0
661636,0.0
661637,0.0
661638,0.0
661639,0.0
661640,0.0
661641,0.0
661642,0.0
661643,0.0
661644,0.0
661645,0.0
661646,0.0
661647,0.0
661648,0.0
661649,0.0
661650,0.0
661651,0.0
661652,0.0
661653,0.0
661654,0.0
661655,0.0
661656,0.0
661657,0.0
661658,0.0
661659,0.0
661660,0.0
661661,0.0
661662,0.0
661663,0.0
661664,0.0
661665,0.0
661666,0.0
661667,0.0
661668,0.0
661669,0.0
661670,0.0
661671,0.0
661672,0.0
661673,0.0
661674,0.0
661675,0.0
661676,0.0
661677,0.0
661678,0.0
661679,0.0
661680,0.0
661681,0.0
661682,0.0
661683,0.0
661684,0.0
661685,0.0
661686,0.0
661687,0.0
661688,0.0
661689,0.0
661690,0.0
661691,0.0
661692,0.0
661693,0.0
661694,0.0
661695,0.0
661696,0.0
661697,0.0
661698,0.0
661699,0.0
661700,0.0
661701,0.0
661702,0.0
661703,0.0
661704,0.0
661705,0.0
661706,0.0
661707,0.0
661708,0.0
661709,0.0
661710,0.0
661711,0.0
661712,0.0
661713,0.0
661714,0.0
661715,0.0
661716,0.0
661717,0.0
661718,0.0
661719,0.0
661720,0.0
661721,0.0
661722,0.014795371
661723,0.0
661724,0.0
661725,0.0
661726,0.0
661727,0.0
661728,0.0
661729,0.0
661730,0.0
661731,0.0
661732,0.0
661733,0.0
661734,0.0
661735,0.0
661736,0.0
661737,0.0
661738,0.0
661739,0.0
661740,0.0
661741,0.0
661742,0.0
661743,0.0
661744,0.0
661745,0.0
661746,0.0
661747,0.0
661748,0.0
661749,0.0
661750,0.0
661751,0.0
661752,0.0
661753,0.0
661754,1.7724842e-26
661755,0.0
661756,0.0
661757,0.0
661758,0.0
661759,0.0
661760,0.0
661761,0.0
661762,0.0
661763,0.0
661764,0.0
661765,0.0
661766,0.0
661767,0.0
661768,0.0
661769,0.0
661770,0.0
661771,0.0
661772,0.0
661773,0.0
661774,0.0
661775,0.0
661776,0.0
661777,0.0
661778,0.0
661779,0.0
661780,0.0
661781,0.0
661782,0.0
661783,0.0
661784,0.0
661785,0.0
661786,0.0
661787,0.0
661788,0.0
661789,0.0
661790,0.0
661791,0.0
661792,0.0
661793,0.0
661794,0.0
661795,0.0
661796,0.0
661797,0.0
661798,0.0
661799,0.0
661800,0.0
661801,0.0
661802,0.0
661803,0.0
661804,0.0
661805,0.0
661806,0.0
661807,0.0
661808,0.0
661809,0.0
661810,0.0
661811,0.0
661812,0.0
661813,0.0
661814,0.0
661815,0.0
661816,0.0
661817,0.0
661818,0.0
661819,0.0
661820,0.0
661821,0.0
661822,0.0
661823,0.0
661824,0.0
661825,0.0
661826,0.0
661827,0.0
661828,0.0
661829,0.0
661830,0.0
661831,0.0
661832,0.0
661833,0.0
661834,0.0
661835,0.0
661836,0.0
661837,0.0
661838,0.0
661839,0.0
661840,0.0
661841,0.0
661842,0.0
661843,0.0
661844,0.0
661845,0.0
661846,0.0
661847,0.0
661848,0.0
661849,0.0
661850,0.0
661851,0.0
661852,0.0
661853,0.0
661854,0.0
661855,0.0
661856,0.0
661857,0.0
661858,0.0
661859,0.0
661860,0.0
661861,0.0
661862,0.0
661863,0.0
661864,0.0
661865,0.0
661866,0.0
661867,0.0
661868,0.0
661869,0.0
661870,0.0
661871,1.7479601e-10
661872,0.0
661873,0.0
661874,0.0
661875,0.0
661876,0.0
661877,0.0
661878,0.0
661879,0.0
661880,0.0
661881,0.0
661882,0.0
661883,0.0
661884,0.0
661885,0.0
661886,0.0
661887,0.067836806
661888,0.0
661889,0.0
661890,0.0
661891,0.0
661892,0.0
661893,0.0
661894,0.0
661895,0.0
661896,0.0
661897,0.0
661898,0.0
661899,0.0
661900,0.0
661901,0.0
661902,0.0
661903,0.0
661904,0.0
661905,0.0
661906,0.0
661907,0.0
661908,0.0
661909,0.0
661910,0.0
661911,0.0
661912,0.0
661913,0.0
661914,0.0
661915,0.0
661916,9.262018e-37
661917,0.0
661918,0.0
661919,0.0
661920,0.0
661921,0.0
661922,0.0
661923,0.0
661924,0.0
661925,0.0
661926,0.0
661927,0.0
661928,0.0
661929,0.0
661930,0.0
661931,0.0
661932,0.0
661933,0.0
661934,0.0
661935,0.0
661936,0.0
661937,0.0
661938,0.0
661939,0.0
661940,0.0
661941,0.0
661942,0.0
661943,0.0
661944,0.0
661945,0.0
661946,0.0
661947,0.0
661948,0.0
661949,0.0
661950,0.0
661951,0.0
661952,0.0
661953,0.0
661954,0.0
661955,0.0
661956,0.0
661957,0.0
661958,0.0
661959,0.0
661960,0.0
661961,0.0
661962,0.0
661963,0.0
661964,0.0
661965,0.0
661966,0.0
661967,0.0
661968,0.0
661969,0.0
661970,0.0
661971,0.0
661972,0.0
661973,0.0
661974,0.0
661975,0.0
661976,0.0
661977,0.0
661978,0.0
661979,0.0
661980,0.0
661981,0.0
661982,0.0
661983,0.0
661984,0.0
661985,0.0
661986,0.0
661987,0.0
661988,0.0
661989,0.0
661990,0.0
661991,0.0
661992,0.0
661993,0.0
661994,0.0
661995,0.0
661996,0.0
661997,8.886318e-23
661998,0.0
661999,0.0
662000,0.0
662001,0.0
662002,0.0
662003,0.0
662004,0.0
662005,0.0
662006,0.0
662007,0.0
662008,0.0
662009,0.0
662010,0.0
662011,0.0
662012,0.0
662013,0.0
662014,0.0
662015,0.0
662016,0.0
662017,0.0
662018,0.0
662019,0.0
662020,0.0
662021,0.0
662022,0.0
662023,0.0
662024,0.0
662025,0.0
662026,0.0
662027,0.0
662028,0.0
662029,0.0
662030,0.0
662031,0.0
662032,0.0
662033,0.0
662034,0.0
662035,0.0
662036,0.0
662037,0.0
662038,0.0
662039,0.0
662040,0.0
662041,0.0
662042,0.0
662043,0.0
662044,0.0
662045,0.0
662046,0.0
662047,0.0
662048,0.0
662049,0.0
662050,0.0
662051,0.0
662052,0.0
662053,0.0
662054,0.0
662055,0.0
662056,0.0
662057,0.0
662058,0.0
662059,0.0
662060,0.0
662061,0.0
662062,0.0
662063,0.0
662064,0.0
662065,0.0
662066,0.0
662067,0.0
662068,0.0
662069,0.0
662070,0.0
662071,0.0
662072,0.0
662073,0.0
662074,0.0
662075,0.0
662076,0.0
662077,0.0
662078,0.0
662079,0.0
662080,0.0
662081,0.0
662082,0.0
662083,0.0
662084,0.0
662085,0.0
662086,0.0
662087,0.0
662088,0.0
662089,0.0
662090,0.0
662091,0.0
662092,0.0
662093,0.0
662094,0.0
662095,0.0
662096,0.0
662097,0.0
662098,0.0
662099,0.0
662100,0.0
662101,0.0
662102,0.0
662103,0.0
662104,0.0
662105,0.0
662106,0.0
662107,0.0
662108,0.0
662109,0.0
662110,0.0
662111,0.0
662112,0.0
662113,0.0
662114,0.0
662115,0.0
662116,0.0
662117,0.0
662118,1.3202872e-26
662119,0.0
662120,0.0
662121,0.0
662122,0.0
662123,0.0
662124,0.0
662125,0.0
662126,0.0
662127,0.0
662128,0.0
662129,0.0
662130,0.0
662131,0.0
662132,0.0
662133,0.0
662134,0.0
662135,0.0
662136,0.0
662137,0.0
662138,0.0
662139,0.0
662140,0.0
662141,0.0
662142,0.0
662143,0.0
662144,0.0
662145,0.0
662146,0.0
662147,0.0
662148,0.0
662149,0.0
662150,0.0
662151,0.0
662152,0.0
662153,0.0
662154,0.0
662155,0.0
662156,0.0
662157,0.0
662158,0.0
662159,0.0
662160,0.0
662161,0.0
662162,0.0
662163,0.0
662164,0.0
662165,0.0
662166,0.0
662167,0.0
662168,0.0
662169,0.0
662170,0.0
662171,0.0
662172,0.0
662173,0.0
662174,0.0
662175,0.0
662176,0.0
662177,0.0
662178,0.0
662179,0.0
662180,0.0
662181,0.0
662182,0.0
662183,0.0
662184,0.0
662185,0.0
662186,0.0
662187,0.0
662188,0.0
662189,0.0
662190,0.0
662191,0.0
662192,0.0
662193,0.0
662194,0.0
662195,0.0
662196,0.0
662197,0.0
662198,0.0
662199,0.0
662200,0.0
662201,0.0
662202,0.0
662203,0.0
662204,0.0
662205,0.0
662206,0.0
662207,0.0
662208,0.0
662209,8.754505e-20
662210,0.0
662211,0.0
662212,0.0
662213,0.0
662214,0.0
662215,0.0
662216,0.0
662217,0.0
662218,0.0
662219,0.0
662220,0.0
662221,3.165135e-36
662222,0.0
662223,0.0
662224,0.0
662225,0.0
662226,0.0
662227,0.0
662228,0.0
662229,0.0
662230,0.0
662231,0.0
662232,0.0
662233,0.0
662234,0.0
662235,0.0
662236,0.0
662237,0.0
662238,0.0
662239,0.0
662240,0.0
662241,0.0
662242,0.0
662243,0.0
662244,0.0
662245,0.0
662246,0.0
662247,0.0
662248,0.0
662249,0.0
662250,0.0
662251,0.0
662252,0.0
662253,0.0
662254,0.0
662255,0.0
662256,0.0
662257,0.0
662258,0.0
662259,0.0
662260,0.0
662261,0.0
662262,0.0
662263,0.0
662264,0.0
662265,0.0
662266,0.0
662267,0.0
662268,0.0
662269,0.0
662270,0.0
662271,0.0
662272,0.0
662273,0.0
662274,0.0
662275,0.0
662276,0.0
662277,0.0
662278,0.0
662279,0.0
662280,0.0
662281,0.0
662282,0.0
662283,0.0
662284,0.0
662285,0.0
662286,0.0
662287,0.0
662288,0.0
662289,0.0
662290,0.0
662291,0.0
662292,0.0
662293,0.0
662294,0.0
662295,0.0
662296,0.0
662297,0.0
662298,0.0
662299,0.0
662300,0.0
662301,0.0
662302,0.0
662303,0.0
662304,0.0
662305,0.0
662306,0.0
662307,0.0
662308,0.0
662309,0.0
662310,0.0
662311,0.0
662312,0.0
662313,0.0
662314,0.0
662315,0.0
662316,0.0
662317,0.0
662318,0.0
662319,0.0
662320,0.0
662321,0.0
662322,0.0
662323,0.0
662324,0.0
662325,0.0
662326,0.0
662327,0.0
662328,0.0
662329,0.0
662330,0.0
662331,0.0
662332,0.0
662333,0.0
662334,0.0
662335,0.0
662336,0.0
662337,0.0
662338,0.0
662339,0.0
662340,0.0
662341,0.0
662342,0.0
662343,0.0
662344,0.0
662345,0.0
662346,0.0
662347,0.0
662348,0.0
662349,0.0
662350,0.0
662351,0.0
662352,0.0
662353,0.0
662354,0.0
662355,0.0
662356,0.0
662357,0.0
662358,0.0
662359,0.0
662360,0.0
662361,0.0
662362,0.0
662363,0.0
662364,0.0
662365,0.0
662366,0.0
662367,0.0
662368,0.0
662369,0.0
662370,0.0
662371,0.0
662372,0.0
662373,0.0
662374,0.0
662375,0.0
662376,0.0
662377,0.0
662378,0.0
662379,0.0
662380,0.0
662381,0.0
662382,0.0
662383,0.0
662384,0.0
662385,0.0
662386,0.0
662387,0.0
662388,0.0
662389,0.0
662390,0.0
662391,1.3278424e-35
662392,0.0
662393,0.0
662394,0.0
662395,0.0
662396,0.0
662397,0.0
662398,0.0
662399,0.0
662400,0.0
662401,0.0
662402,0.0
662403,0.0
662404,0.0
662405,0.0
662406,0.0
662407,0.0
662408,0.0
662409,0.0
662410,0.0
662411,0.0
662412,0.0
662413,0.0
662414,0.0
662415,0.0
662416,0.0
662417,0.0
662418,0.0
662419,0.0
662420,0.0
662421,0.0
662422,0.0
662423,0.0
662424,0.0
662425,0.0
662426,0.0
662427,0.0
662428,0.0
662429,0.0
662430,0.0
662431,0.0
662432,0.0
662433,0.0
662434,0.0
662435,0.0
662436,0.0
662437,0.0
662438,0.0
662439,0.0
662440,0.0
662441,0.0
662442,0.0
662443,0.0
662444,0.0
662445,0.0
662446,0.0
662447,0.0
662448,0.0
662449,0.0
662450,0.0
662451,0.0
662452,0.0
662453,0.0
662454,0.0
662455,0.0
662456,0.0
662457,0.0
662458,0.0
662459,0.0
662460,0.0
662461,0.0
662462,0.0
662463,0.0
662464,0.0
662465,0.0
662466,0.0
662467,0.0
662468,0.0
662469,0.0
662470,0.0
662471,0.0
662472,0.0
662473,0.0
662474,0.0
662475,0.0
662476,0.0
662477,0.0
662478,0.0
662479,0.0
662480,6.248966e-31
662481,0.0
662482,0.0
662483,0.0
662484,0.0
662485,0.0
662486,0.0
662487,0.0
662488,0.0
662489,0.0
662490,0.0
662491,0.0
662492,0.0
662493,0.0
662494,0.0
662495,0.0
662496,0.0
662497,0.0
662498,0.0
662499,0.0
662500,0.0
662501,0.0
662502,0.0
662503,0.0
662504,0.0
662505,0.0
662506,0.0
662507,0.0
662508,0.0
662509,0.0
662510,0.0
662511,0.0
662512,0.0
662513,0.0
662514,0.0
662515,0.0
662516,0.0
662517,0.0
662518,0.0
662519,0.0
662520,0.0
662521,0.0
662522,0.0
662523,0.0
662524,0.0
662525,0.0
662526,0.0
662527,0.0
662528,0.0
662529,0.0
662530,0.0
662531,0.0
662532,0.0
662533,0.0
662534,0.0
662535,0.0
662536,0.0
662537,0.0
662538,0.0
662539,0.0
662540,0.0
662541,0.0
662542,0.0
662543,0.0
662544,0.0
662545,0.0
662546,0.0
662547,0.0
662548,0.0
662549,0.0
662550,0.0
662551,0.0
662552,0.0
662553,1.7061564e-14
662554,0.0
662555,0.0
662556,0.0
662557,0.0
662558,0.0
662559,0.0
662560,0.0
662561,0.0
662562,0.0
662563,0.0
662564,0.0
662565,0.0
662566,0.0
662567,0.0
662568,3.8361427e-37
662569,0.0
662570,0.0
662571,0.0
662572,0.0
662573,0.0
662574,0.0
662575,0.0
662576,0.0
662577,0.0
662578,0.0
662579,0.0
662580,0.0
662581,0.0
662582,0.0
662583,0.0
662584,0.0
662585,0.0
662586,0.0
662587,0.0
662588,0.0
662589,0.0
662590,0.0
662591,0.0
662592,0.0
662593,0.0
662594,0.0
662595,0.0
662596,0.0
662597,0.0
662598,0.0
662599,0.0
662600,0.0
662601,0.0
662602,0.0
662603,0.0
662604,0.0
662605,0.0
662606,0.0
662607,0.0
662608,0.0
662609,0.0
662610,0.0
662611,0.0
662612,0.0
662613,0.0
662614,0.0
662615,0.0
662616,0.0
662617,0.0
662618,0.0
662619,3.7828783e-17
662620,0.0
662621,0.0
662622,0.0
662623,0.0
662624,0.0
662625,0.0
662626,0.0
662627,0.0
662628,0.0
662629,0.0
662630,0.0
662631,0.0
662632,6.7789024e-10
662633,0.0
662634,0.0
662635,0.0
662636,0.0
662637,0.0
662638,0.0
662639,0.0
662640,0.0
662641,0.0
662642,0.0
662643,0.0
662644,0.0
662645,0.0
662646,0.0
662647,0.0
662648,0.0
662649,0.0
662650,0.0
662651,0.0
662652,0.0
662653,0.0
662654,0.0
662655,0.0
662656,0.0
662657,0.0
662658,0.0
662659,0.0
662660,0.0
662661,0.0
662662,0.0
662663,0.53791493
662664,0.0
662665,0.0
662666,0.0
662667,0.0
662668,0.0
662669,0.0
662670,0.0
662671,0.0
662672,0.0
662673,0.0
662674,0.0
662675,0.0
662676,0.0
662677,0.0
662678,0.0
662679,0.0
662680,0.0
662681,0.0
662682,0.0
662683,0.0
662684,1.2417259e-24
662685,0.0
662686,0.0
662687,0.0
662688,0.0
662689,0.0
662690,0.0
662691,0.0
662692,0.0
662693,0.0
662694,0.0
662695,0.0
662696,0.0
662697,0.0
662698,0.0
662699,0.0
662700,0.0
662701,0.0
662702,0.0
662703,0.0
662704,0.0
662705,0.0
662706,0.0
662707,0.0
662708,0.0
662709,0.0
662710,0.0
662711,0.0
662712,0.0
662713,0.0
662714,0.0
662715,0.0
662716,0.0
662717,0.0
662718,0.0
662719,0.0
662720,0.0
662721,0.0
662722,0.0
662723,0.0
662724,0.0
662725,0.0
662726,0.0
662727,0.0
662728,0.0
662729,0.0
662730,0.0
662731,0.0
662732,0.0
662733,0.0
662734,0.0
662735,0.0
662736,0.0
662737,0.0
662738,0.0
662739,0.0
662740,0.0
662741,0.0
662742,0.0
662743,0.0
662744,0.0
662745,0.0
662746,0.00021470115
662747,0.0
662748,0.0
662749,0.0
662750,0.0
662751,0.0
662752,0.0
662753,0.0
662754,0.0
662755,0.0
662756,0.0
662757,0.0
662758,0.0
662759,0.0
662760,0.0
662761,0.0
662762,0.0
662763,0.0
662764,0.0
662765,0.0
662766,0.0
662767,0.0
662768,0.0
662769,0.0
662770,0.0
662771,0.0
662772,0.0
662773,0.0
662774,0.0
662775,0.0
662776,0.0
662777,0.0
662778,0.0
662779,0.0
662780,0.0
662781,0.0
662782,0.0
662783,0.0
662784,0.0
662785,0.0
662786,0.0
662787,0.0
662788,0.0
662789,0.0
662790,0.0
662791,0.0
662792,0.0
662793,0.0
662794,0.0
662795,0.0
662796,0.0
662797,0.0
662798,0.0
662799,0.0
662800,0.0
662801,0.0
662802,0.0
662803,0.0
662804,0.0
662805,0.0
662806,0.0
662807,7.979347e-34
662808,0.0
662809,0.0
662810,0.0
662811,0.0
662812,0.0
662813,0.0
662814,0.0
662815,0.0
662816,0.0
662817,0.0
662818,0.0
662819,0.0
662820,0.0
662821,0.0
662822,0.0
662823,0.0
662824,0.0
662825,0.0
662826,0.0
662827,0.0
662828,0.0
662829,0.0
662830,0.0
662831,0.0
662832,0.0
662833,0.0
662834,0.0
662835,0.0
662836,0.0
662837,0.0
662838,0.0
662839,0.0
662840,0.0
662841,0.0
662842,0.0
662843,0.0
662844,0.0
662845,0.0
662846,0.0
662847,0.0
662848,0.0
662849,0.0
662850,0.0
662851,0.0
662852,0.0
662853,9.5248564e-14
662854,0.0
662855,0.0
662856,0.0
662857,0.0
662858,0.0
662859,0.0
662860,0.0
662861,0.0
662862,0.0
662863,0.0
662864,0.0
662865,0.0
662866,0.0
662867,0.0
662868,0.0
662869,0.0
662870,0.0
662871,0.0
662872,0.0
662873,0.0
662874,0.0
662875,0.0
662876,0.0
662877,0.0
662878,0.0
662879,0.0
662880,0.0
662881,0.0
662882,0.0
662883,0.0
662884,0.0
662885,0.0
662886,0.0
662887,0.0
662888,0.0
662889,0.0
662890,0.0
662891,0.0
662892,0.0
662893,0.0
662894,0.0
662895,0.0
662896,0.0
662897,0.0
662898,0.0
662899,0.0
662900,0.0
662901,0.0
662902,0.0
662903,0.0
662904,0.0
662905,0.0
662906,0.0
662907,0.0
662908,0.0
662909,0.0
662910,0.0
662911,0.0
662912,0.0
662913,0.0
662914,0.0
662915,0.0
662916,0.0
662917,0.0
662918,0.0
662919,0.0
662920,0.0
662921,0.0
662922,0.0
662923,0.0
662924,0.0
662925,0.0
662926,0.0
662927,0.0
662928,0.0
662929,0.0
662930,0.0
662931,0.0
662932,0.0
662933,0.0
662934,0.0
662935,0.0
662936,0.0
662937,0.0
662938,0.0
662939,0.0
662940,0.0
662941,0.0
662942,0.0
662943,0.0
662944,0.0
662945,0.0
662946,0.0
662947,0.0
662948,0.0
662949,0.0
662950,0.0
662951,0.0
662952,0.0
662953,0.0
662954,0.0
662955,0.0
662956,0.0
662957,0.0
662958,0.0
662959,0.0
662960,0.0
662961,0.0
662962,0.0
662963,0.0
662964,0.0
662965,0.0
662966,0.0
662967,0.0
662968,0.0
662969,0.0
662970,0.0
662971,0.0
662972,0.0
662973,0.0
662974,0.33819136
662975,0.0
662976,0.0
662977,0.0
662978,0.0
662979,0.0
662980,0.0
662981,0.0
662982,0.0
662983,0.0
662984,0.0
662985,0.0
662986,0.0
662987,0.0
662988,0.0
662989,0.0
662990,0.0
662991,0.0
662992,0.0
662993,5.127978e-09
662994,0.0
662995,0.0
662996,0.0
662997,0.0
662998,0.0
662999,0.0
663000,0.0
663001,0.0
663002,0.0
663003,0.0
663004,0.0
663005,0.0
663006,0.0
663007,0.0
663008,0.0
663009,0.0
663010,0.0
663011,0.0
663012,0.0
663013,0.0
663014,0.0
663015,0.0
663016,0.0
663017,0.0
663018,0.0
663019,0.0
663020,0.0
663021,2.2472861e-06
663022,0.0
663023,0.0
663024,0.0
663025,0.0
663026,0.0
663027,0.0
663028,0.0
663029,0.0
663030,0.0
663031,0.0
663032,0.0
663033,0.0
663034,0.0
663035,0.0
663036,0.0
663037,0.0
663038,0.0
663039,0.0
663040,0.0
663041,0.0
663042,0.0
663043,0.0
663044,0.0
663045,0.0
663046,0.0
663047,0.0
663048,0.0
663049,0.0
663050,0.0
663051,1.048925e-26
663052,0.0
663053,0.0
663054,0.0
663055,0.0
663056,0.0
663057,0.0
663058,6.577221e-25
663059,0.0
663060,0.0
663061,0.0
663062,0.0
663063,0.0
663064,0.0
663065,0.0
663066,0.0
663067,0.0
663068,0.0
663069,0.0
663070,0.0
663071,0.0
663072,0.0
663073,0.0
663074,0.0
663075,0.0
663076,0.0
663077,0.0
663078,0.0
663079,0.0
663080,0.0
663081,0.0
663082,0.0
663083,0.0
663084,0.0
663085,0.0
663086,0.0
663087,0.0
663088,0.0
663089,0.0
663090,0.0
663091,0.0
663092,0.0
663093,0.0
663094,0.0
663095,0.0
663096,0.023424514
663097,0.0
663098,0.0
663099,0.0
663100,0.0
663101,0.0
663102,0.0
663103,0.0
663104,0.0
663105,0.0
663106,0.0
663107,0.0
663108,0.0
663109,0.0
663110,0.0
663111,0.0
663112,0.0
663113,0.0
663114,0.0
663115,0.0
663116,0.0
663117,0.0
663118,0.0
663119,0.0
663120,0.0
663121,0.0
663122,0.0
663123,0.0
663124,0.0
663125,0.0
663126,0.0
663127,0.0
663128,0.0
663129,0.0
663130,0.0
663131,0.0
663132,0.0
663133,0.0
663134,0.0
663135,0.0
663136,0.0
663137,0.0
663138,0.0
663139,0.0
663140,0.0
663141,0.0
663142,0.0
663143,0.0
663144,0.0
663145,0.0
663146,0.0
663147,0.0
663148,0.0
663149,0.0
663150,0.0
663151,0.0
663152,0.0
663153,0.0
663154,0.0
663155,0.0
663156,0.0
663157,0.0
663158,0.0
663159,0.0
663160,0.0
663161,0.0
663162,0.0
663163,0.0
663164,0.0
663165,0.0
663166,0.0
663167,0.0
663168,0.0
663169,0.0
663170,0.0
663171,0.0
663172,0.0
663173,0.0
663174,0.0
663175,0.0
663176,0.0
663177,0.0
663178,0.0
663179,0.0
663180,0.0
663181,0.0
663182,0.0
663183,0.0
663184,0.0
663185,0.0
663186,0.0
663187,0.0
663188,0.0
663189,0.0
663190,0.0
663191,0.0
663192,0.0
663193,0.0
663194,0.0
663195,0.0
663196,0.0
663197,0.0
663198,0.0
663199,0.0
663200,0.0
663201,0.0
663202,0.0
663203,0.0
663204,0.0
663205,0.0
663206,0.0
663207,0.0
663208,0.0
663209,0.0
663210,0.0
663211,0.0
663212,0.0
663213,0.0
663214,0.0
663215,0.0
663216,0.0
663217,0.0
663218,0.0
663219,0.0
663220,0.0
663221,0.0
663222,0.0
663223,0.0
663224,0.0
663225,0.0
663226,0.0
663227,0.0
663228,0.0
663229,0.0
663230,0.0
663231,0.0
663232,0.0
663233,0.0
663234,0.0
663235,0.0
663236,0.0
663237,0.0
663238,0.0
663239,0.0
663240,0.0
663241,0.0
663242,0.0
663243,0.0
663244,0.0
663245,0.0
663246,0.0
663247,0.0
663248,0.0
663249,0.0
663250,0.0
663251,0.0
663252,0.0
663253,0.0
663254,0.0
663255,0.0
663256,0.0
663257,0.0
663258,0.0
663259,0.0
663260,0.0
663261,0.0
663262,0.0
663263,0.0
663264,0.0
663265,0.0
663266,0.0
663267,0.0
663268,0.0
663269,0.0
663270,0.0
663271,0.0
663272,0.0
663273,0.0
663274,0.0
663275,0.0
663276,0.0
663277,0.0
663278,0.0
663279,0.0
663280,0.0
663281,0.0
663282,0.0
663283,0.0
663284,0.0
663285,0.0
663286,0.0
663287,0.0
663288,0.0
663289,0.0
663290,0.0
663291,0.0
663292,0.0
663293,0.0
663294,3.2182737e-32
663295,0.0
663296,0.0
663297,0.0
663298,0.0
663299,0.0
663300,0.0
663301,0.0
663302,0.0
663303,0.0
663304,0.0
663305,0.0
663306,0.0
663307,0.0
663308,0.0
663309,0.0
663310,0.0
663311,1.2644875e-26
663312,0.0
663313,0.0
663314,0.0
663315,0.0
663316,0.0
663317,0.0
663318,0.0
663319,0.0
663320,0.0
663321,0.0
663322,0.0
663323,0.0
663324,0.0
663325,0.0
663326,0.0
663327,0.0
663328,0.0
663329,0.0
663330,0.0
663331,0.0
663332,0.0
663333,0.0
663334,0.0
663335,0.0
663336,0.0
663337,0.0
663338,0.0
663339,0.0
663340,0.0
663341,0.0
663342,0.0
663343,0.0
663344,0.0
663345,0.0
663346,0.0
663347,2.5559324e-27
663348,0.0
663349,0.0
663350,0.0
663351,0.0
663352,0.0
663353,0.0
663354,0.0
663355,0.0
663356,0.0
663357,0.0
663358,0.0
663359,0.0
663360,0.0
663361,3.9636353e-25
663362,0.0
663363,0.0
663364,0.0
663365,0.0
663366,0.0
663367,0.0
663368,0.0
663369,0.0
663370,0.0
663371,0.0
663372,0.0
663373,0.0
663374,0.0
663375,0.0
663376,0.0
663377,0.0
663378,0.0
663379,0.0
663380,0.0
663381,0.0
663382,0.0
663383,0.0
663384,0.0
663385,0.0
663386,0.0
663387,0.0
663388,0.0
663389,0.0
663390,0.0
663391,0.0
663392,0.0
663393,0.0
663394,0.0
663395,0.0
663396,0.0
663397,0.0
663398,0.0
663399,0.0
663400,0.0
663401,0.0
663402,0.0
663403,0.0
663404,0.0
663405,0.0
663406,0.0
663407,0.0
663408,0.0
663409,0.0
663410,0.0
663411,0.0
663412,0.0
663413,0.0
663414,0.0
663415,0.0
663416,0.0
663417,0.0
663418,0.0
663419,0.0
663420,0.0
663421,0.0
663422,1.977616e-23
663423,0.0
663424,0.0
663425,0.0
663426,0.0
663427,0.0
663428,0.0
663429,0.0
663430,0.0
663431,0.0
663432,0.0
663433,0.0
663434,0.0
663435,0.0
663436,0.0
663437,0.0
663438,0.0
663439,0.0
663440,0.0
663441,0.0
663442,0.0
663443,0.0
663444,0.0
663445,0.0
663446,0.0
663447,0.0
663448,3.065499e-08
663449,0.0
663450,0.0
663451,0.0
663452,0.0
663453,0.0
663454,0.0
663455,0.0
663456,0.0
663457,0.0
663458,0.0
663459,0.0
663460,0.0
663461,0.0
663462,0.0
663463,0.0
663464,0.0
663465,0.0
663466,0.0
663467,0.0
663468,0.0
663469,0.0
663470,0.0
663471,0.0
663472,0.0
663473,0.0
663474,0.0
663475,0.0
663476,0.0
663477,0.0
663478,0.0
663479,0.0
663480,0.0
663481,0.0
663482,0.0
663483,0.0
663484,0.0
663485,0.0
663486,0.0
663487,0.0
663488,0.0
663489,0.0
663490,0.05648273
663491,0.0
663492,0.0
663493,0.0
663494,0.0
663495,0.0
663496,0.0
663497,0.0
663498,0.0
663499,0.0
663500,0.0
663501,0.0
663502,0.0
663503,0.0
663504,0.0
663505,0.0
663506,0.0
663507,0.0
663508,0.0
663509,0.0
663510,0.0
663511,0.0
663512,0.0
663513,0.0
663514,0.0
663515,0.0
663516,0.0
663517,0.0
663518,0.0
663519,0.0
663520,0.0
663521,0.0
663522,0.0
663523,0.0
663524,0.0
663525,0.0
663526,0.0
663527,0.0
663528,0.0
663529,0.0
663530,0.0
663531,0.0
663532,0.0
663533,0.0
663534,0.0
663535,0.0
663536,0.0
663537,0.0
663538,0.0
663539,0.0
663540,0.0
663541,0.0
663542,0.0
663543,0.0
663544,0.0
663545,0.0
663546,0.0
663547,0.0
663548,0.0
663549,0.0
663550,0.0
663551,0.0
663552,0.0
663553,0.0
663554,0.0
663555,0.0
663556,0.0
663557,0.0
663558,0.0
663559,0.0
663560,0.0
663561,0.0
663562,0.0
663563,0.0
663564,0.0
663565,4.7132738e-26
663566,0.0
663567,0.0
663568,0.0
663569,0.0
663570,0.0
663571,4.781825e-13
663572,0.0
663573,0.0
663574,0.0
663575,0.0
663576,0.0
663577,0.0
663578,0.0
663579,0.0
663580,0.0
663581,0.0
663582,0.0
663583,0.0
663584,0.0
663585,0.0
663586,0.0
663587,0.0
663588,0.0
663589,0.0
663590,0.0
663591,0.0
663592,0.0
663593,0.0
663594,0.0
663595,0.0
663596,0.0
663597,0.0
663598,0.0
663599,0.0
663600,0.0
663601,0.0
663602,0.0
663603,0.0
663604,0.0
663605,0.0
663606,0.0
663607,0.0
663608,0.0
663609,0.0
663610,0.0
663611,0.0
663612,0.0
663613,0.0
663614,0.0
663615,0.0
663616,0.0
663617,0.0
663618,0.0
663619,0.0
663620,0.0
663621,0.0
663622,0.0
663623,0.0
663624,0.0
663625,0.0
663626,0.0
663627,0.0
663628,0.0
663629,0.0
663630,0.0
663631,0.0
663632,0.0
663633,0.0
663634,0.0
663635,0.0
663636,0.0
663637,0.0
663638,0.0
663639,0.0
663640,0.0
663641,0.0
663642,0.0
663643,0.0
663644,0.0
663645,0.0
663646,0.0
663647,0.0
663648,0.0
663649,0.0
663650,1.871548e-05
663651,0.0
663652,0.0
663653,0.0
663654,0.0
663655,0.0
663656,0.0
663657,0.0
663658,0.0
663659,0.0
663660,0.0
663661,0.0
663662,0.0
663663,0.0
663664,3.4748267e-37
663665,0.0
663666,0.0
663667,0.0
663668,0.0
663669,0.0
663670,0.0
663671,0.0
663672,0.0
663673,0.0
663674,0.0
663675,0.0
663676,0.0
663677,0.0
663678,0.0
663679,0.0
663680,0.0
663681,0.0
663682,0.0
663683,0.0
663684,0.0
663685,0.0
663686,0.0
663687,0.0
663688,0.0
663689,0.0
663690,0.0
663691,0.0
663692,0.0
663693,0.0
663694,0.0
663695,0.0
663696,0.0
663697,0.0
663698,0.0
663699,0.0
663700,0.0
663701,0.0
663702,0.0
663703,0.0
663704,0.0
663705,0.0
663706,0.0
663707,0.0
663708,0.0
663709,0.0
663710,0.0
663711,0.0
663712,0.0
663713,0.0
663714,0.0
663715,0.0
663716,0.0
663717,0.0
663718,0.0
663719,0.0
663720,0.0
663721,0.0
663722,0.0
663723,0.0
663724,0.0
663725,0.0
663726,0.0
663727,0.0
663728,0.0
663729,0.0
663730,0.0
663731,0.0
663732,0.0
663733,0.0
663734,0.0
663735,0.0
663736,0.0
663737,0.0
663738,0.0
663739,0.0
663740,0.0
663741,0.0
663742,0.0
663743,0.0
663744,0.0
663745,0.0
663746,0.0
663747,0.0
663748,0.0
663749,0.0
663750,0.0
663751,0.0
663752,0.0
663753,0.0
663754,0.0
663755,0.0
663756,0.0
663757,0.0
663758,0.0
663759,0.0
663760,0.0
663761,0.0
663762,0.0
663763,0.0
663764,0.0
663765,0.0
663766,0.0
663767,0.0
663768,0.0
663769,0.0
663770,0.0
663771,0.0
663772,0.0
663773,0.0
663774,0.0
663775,0.0
663776,0.0
663777,0.0
663778,0.0
663779,0.0
663780,0.0
663781,0.0
663782,0.0
663783,0.0
663784,0.0
663785,0.0
663786,0.0
663787,0.0
663788,0.0
663789,0.0
663790,0.0
663791,0.0
663792,0.0
663793,0.0
663794,0.0
663795,0.0
663796,0.0
663797,0.0
663798,0.0
663799,0.0
663800,0.0
663801,0.0
663802,0.0
663803,0.0
663804,0.0
663805,0.0
663806,0.0
663807,0.0
663808,0.0
663809,0.0
663810,0.0
663811,0.0
663812,0.0
663813,0.0
663814,0.0
663815,0.0
663816,0.0
663817,0.0
663818,0.0
663819,0.0
663820,0.0
663821,0.0
663822,0.0
663823,0.0
663824,0.0
663825,0.0
663826,0.0
663827,2.0503101e-11
663828,0.0
663829,0.0
663830,0.0
663831,0.0
663832,0.0
663833,0.0
663834,0.0
663835,0.0
663836,0.0
663837,0.0
663838,0.0
663839,0.0
663840,0.0
663841,0.0
663842,0.0
663843,0.0
663844,0.0
663845,0.0
663846,0.0
663847,0.0
663848,5.013676e-11
663849,0.0
663850,0.0
663851,0.0
663852,0.0
663853,0.0
663854,0.0
663855,0.0
663856,0.0
663857,0.0
663858,0.0
663859,0.0
663860,0.0
663861,0.0
663862,0.0
663863,0.0
663864,0.0
663865,0.0
663866,0.0
663867,0.0
663868,0.0
663869,0.0
663870,0.0
663871,0.0
663872,0.0
663873,0.0
663874,0.0
663875,0.0
663876,0.0
663877,0.0
663878,0.0
663879,0.0
663880,0.0
663881,0.0
663882,0.0
663883,0.0
663884,0.0
663885,0.0
663886,0.0
663887,0.0
663888,0.0
663889,0.0
663890,0.0
663891,0.0
663892,0.0
663893,0.0
663894,0.0
663895,0.0
663896,0.0
663897,0.0
663898,0.0
663899,0.0
663900,0.0
663901,0.0
663902,0.0
663903,0.0
663904,0.0
663905,0.0
663906,0.0
663907,0.0
663908,0.0
663909,0.0
663910,0.0
663911,0.0
663912,0.0
663913,0.0
663914,0.0
663915,0.0
663916,0.0
663917,0.0
663918,0.0
663919,0.0
663920,0.0
663921,0.0
663922,0.0
663923,0.0
663924,0.0
663925,0.0
663926,0.0
663927,0.0
663928,0.0
663929,0.0
663930,0.0
663931,0.0
663932,0.0
663933,0.0
663934,0.0
663935,0.0
663936,0.0
663937,0.0
663938,0.0
663939,0.0
663940,0.0
663941,0.0
663942,0.0
663943,0.0
663944,0.0
663945,0.0
663946,0.0
663947,0.0
663948,0.0
663949,0.0
663950,0.0
663951,0.0
663952,0.0
663953,0.0
663954,0.0
663955,0.0
663956,0.0
663957,0.0
663958,0.0
663959,0.0
663960,0.0
663961,0.0
663962,0.0
663963,0.0
663964,0.0
663965,0.0
663966,0.0
663967,0.0
663968,0.0
663969,0.0
663970,0.0
663971,0.0
663972,0.0
663973,0.0
663974,0.0
663975,0.0
663976,0.0
663977,0.0
663978,0.0
663979,0.0
663980,0.0
663981,0.0
663982,0.0
663983,0.0
663984,0.0
663985,0.0
663986,0.0
663987,0.0
663988,0.0
663989,0.0
663990,3.2363187e-34
663991,0.0
663992,0.0
663993,0.0
663994,0.0
663995,0.0
663996,0.0
663997,0.0
663998,0.0
663999,0.0
664000,0.0
664001,0.0
664002,0.0
664003,0.0
664004,0.0
664005,0.0
664006,0.0
664007,0.0
664008,0.0
664009,0.0
664010,0.0
664011,0.0
664012,0.0
664013,0.0
664014,0.0
664015,0.0
664016,0.0
664017,0.0
664018,0.0
664019,0.0
664020,0.0
664021,0.0
664022,0.0
664023,7.88072e-29
664024,0.0
664025,0.0
664026,0.0
664027,0.0
664028,0.0
664029,0.0
664030,0.0
664031,0.0
664032,0.0
664033,0.0
664034,0.0
664035,0.0
664036,0.0
664037,0.0
664038,0.0
664039,0.0
664040,0.0
664041,0.0
664042,0.0
664043,0.0
664044,0.0
664045,0.0
664046,0.0
664047,0.0
664048,0.0
664049,0.0
664050,0.0
664051,0.0
664052,0.0
664053,0.0
664054,0.0
664055,0.0
664056,0.0
664057,0.0
664058,0.0
664059,0.0
664060,0.0
664061,0.0
664062,0.0
664063,0.0
664064,0.0
664065,0.0
664066,0.0
664067,0.0
664068,0.0
664069,0.0
664070,0.0
664071,0.0
664072,0.0
664073,0.0
664074,0.0
664075,0.0
664076,0.0
664077,0.0
664078,0.0
664079,0.0
664080,0.0
664081,0.0
664082,0.0
664083,0.0
664084,0.0
664085,0.0
664086,0.0
664087,0.0
664088,0.0
664089,0.0
664090,0.0
664091,0.0
664092,0.0
664093,0.0
664094,0.0
664095,0.0
664096,0.0
664097,0.0
664098,0.0
664099,0.0
664100,0.0
664101,0.0
664102,0.0
664103,0.0
664104,0.0
664105,0.0
664106,0.0
664107,0.0
664108,0.0
664109,0.0
664110,0.0
664111,0.0
664112,0.0
664113,0.0
664114,0.0
664115,0.0
664116,0.0
664117,0.0
664118,0.0
664119,0.0
664120,0.0
664121,0.0
664122,0.0
664123,0.0
664124,0.0
664125,0.0
664126,0.0
664127,0.0
664128,0.0
664129,0.0
664130,0.0
664131,0.0
664132,0.0
664133,0.0
664134,0.0
664135,0.0
664136,0.0
664137,0.0
664138,0.0
664139,0.0
664140,0.0
664141,0.0
664142,0.0
664143,0.0
664144,0.0
664145,0.0
664146,0.0
664147,0.0
664148,0.0
664149,0.0
664150,0.0
664151,0.0
664152,0.0
664153,0.0
664154,0.0
664155,0.0
664156,0.0
664157,0.0
664158,0.0
664159,0.0
664160,0.0
664161,0.0
664162,0.0
664163,0.0
664164,0.0
664165,0.0
664166,0.0
664167,0.0
664168,0.0
664169,0.0
664170,0.0
664171,0.0
664172,0.0
664173,0.0
664174,0.0
664175,0.0
664176,0.0
664177,0.0
664178,0.0
664179,0.0
664180,0.0
664181,0.0
664182,0.0
664183,0.0
664184,0.0
664185,0.0
664186,0.0
664187,0.0
664188,0.0
664189,0.0
664190,0.0
664191,0.0
664192,0.0
664193,0.0
664194,0.0
664195,0.0
664196,0.0
664197,0.0
664198,0.0
664199,0.0
664200,0.0
664201,0.0
664202,0.0
664203,0.0
664204,0.0
664205,0.0
664206,0.0
664207,0.0
664208,0.0
664209,0.0
664210,0.0
664211,0.0
664212,0.0
664213,0.0
664214,0.0
664215,0.0
664216,0.0
664217,0.0
664218,0.0
664219,0.0
664220,0.0
664221,0.0
664222,0.0
664223,0.0
664224,0.0
664225,0.0
664226,0.0
664227,0.0
664228,0.0
664229,0.0
664230,0.0
664231,0.0
664232,0.0
664233,0.0
664234,0.0
664235,0.0
664236,0.0
664237,0.0
664238,0.0
664239,0.0
664240,0.0
664241,0.0011303654
664242,0.0
664243,0.0
664244,0.0
664245,0.0
664246,0.0
664247,0.0
664248,0.0
664249,0.0
664250,0.0
664251,0.0
664252,0.0
664253,0.0
664254,0.0
664255,0.0
664256,0.0
664257,0.0
664258,0.0
664259,0.0
664260,0.0
664261,0.0
664262,0.0
664263,0.0
664264,0.0
664265,0.0
664266,0.0
664267,0.0
664268,0.0
664269,0.0
664270,0.0
664271,0.0
664272,0.0
664273,0.0
664274,0.0
664275,0.0
664276,0.0
664277,0.0
664278,0.0
664279,0.0
664280,0.0
664281,0.0
664282,0.0
664283,0.0
664284,0.0
664285,0.0
664286,0.0
664287,0.0
664288,0.0
664289,0.0
664290,0.0
664291,0.0
664292,0.0
664293,0.0
664294,0.0
664295,0.0
664296,0.0
664297,0.0
664298,0.0
664299,0.0
664300,0.0
664301,0.0
664302,0.0
664303,0.0
664304,0.0
664305,0.0
664306,0.0
664307,0.0
664308,0.0
664309,0.0
664310,0.0
664311,0.0
664312,0.0
664313,0.0
664314,0.0
664315,0.0
664316,0.0
664317,0.0
664318,0.0
664319,0.0
664320,0.0
664321,0.0
664322,0.0
664323,7.3939523e-25
664324,0.0
664325,0.0
664326,0.0
664327,0.0
664328,0.0
664329,0.0
664330,0.0
664331,0.0
664332,0.0
664333,0.0
664334,0.0
664335,0.0
664336,0.0
664337,0.0
664338,0.0
664339,0.0
664340,0.0
664341,0.0
664342,0.0
664343,0.0
664344,0.0
664345,0.0
664346,0.0
664347,0.0
664348,0.0
664349,0.0
664350,0.0
664351,0.0
664352,0.0
664353,0.0
664354,0.0
664355,0.0
664356,0.0
664357,0.0
664358,0.0
664359,0.0
664360,0.0
664361,0.0
664362,0.0
664363,0.0
664364,0.0
664365,0.0
664366,0.0
664367,0.0
664368,0.0
664369,0.0
664370,7.590001e-39
664371,0.0
664372,0.0
664373,0.0
664374,0.0
664375,0.0
664376,0.0
664377,0.0
664378,0.0
664379,0.0
664380,0.0
664381,0.0
664382,0.0
664383,0.0
664384,0.0
664385,0.0
664386,0.0
664387,0.0
664388,0.0
664389,0.0
664390,0.0
664391,0.0
664392,0.0
664393,0.0
664394,0.0
664395,0.0
664396,0.0
664397,0.0
664398,0.0
664399,0.0
664400,0.0
664401,0.0
664402,0.0
664403,0.0
664404,0.0
664405,0.0
664406,0.0
664407,0.0
664408,0.0
664409,0.0
664410,0.0
664411,0.0
664412,0.0
664413,0.0
664414,0.0
664415,0.0
664416,0.0
664417,0.0
664418,0.0
664419,0.0
664420,0.0
664421,0.0
664422,0.0
664423,0.0
664424,0.0
664425,0.0
664426,0.0
664427,0.0
664428,0.0
664429,0.0
664430,0.0
664431,0.0
664432,0.0
664433,0.0
664434,0.0
664435,0.0
664436,0.0
664437,0.0
664438,0.0
664439,0.0
664440,0.0
664441,0.0
664442,0.0
664443,0.0
664444,0.0
664445,0.0
664446,0.0
664447,0.0
664448,0.0
664449,0.0
664450,0.0
664451,0.0
664452,0.0
664453,0.0
664454,0.0
664455,0.0
664456,3.9975198e-10
664457,0.0
664458,0.0
664459,0.0
664460,0.0
664461,0.0
664462,0.0
664463,0.0
664464,0.0
664465,0.0
664466,0.0
664467,0.0
664468,0.0
664469,0.0
664470,0.0
664471,0.0
664472,0.0
664473,0.0
664474,0.0
664475,0.0
664476,0.0
664477,0.0
664478,0.0
664479,0.0
664480,0.0
664481,0.0
664482,0.0
664483,0.0
664484,0.0
664485,0.0
664486,0.0
664487,0.0
664488,0.0
664489,0.0
664490,0.0
664491,0.0
664492,0.0
664493,0.0
664494,0.0
664495,0.0
664496,0.0
664497,0.0
664498,0.0
664499,0.0
664500,0.0
664501,0.0
664502,0.0
664503,0.0
664504,0.0
664505,0.0
664506,0.0
664507,0.0
664508,0.0
664509,0.0
664510,0.0
664511,0.0
664512,0.0
664513,0.0
664514,0.0
664515,0.0
664516,0.0
664517,0.0
664518,0.0
664519,0.0
664520,0.0
664521,0.0
664522,0.0
664523,0.0
664524,0.0
664525,0.0
664526,0.0
664527,0.0
664528,0.0
664529,0.0
664530,0.0
664531,0.0
664532,0.0
664533,0.0
664534,0.0
664535,0.0
664536,0.0
664537,0.0
664538,0.0
664539,0.0
664540,0.0
664541,0.0
664542,0.0
664543,0.0
664544,0.0
664545,0.0
664546,0.0
664547,0.0
664548,0.0
664549,0.0
664550,0.0
664551,0.0
664552,0.0
664553,0.0
664554,0.0
664555,0.0
664556,0.0
664557,0.0
664558,0.0
664559,0.0
664560,0.0
664561,0.0
664562,0.0
664563,0.0
664564,0.0
664565,0.0
664566,0.0
664567,0.0
664568,0.0
664569,0.0
664570,0.0
664571,0.0
664572,0.0
664573,0.0
664574,0.0
664575,0.0
664576,0.0
664577,0.0
664578,0.0
664579,0.0
664580,0.0
664581,0.0
664582,0.0
664583,0.0
664584,0.0
664585,0.0
664586,0.0
664587,0.0
664588,0.0
664589,0.0
664590,0.0
664591,0.0
664592,0.0
664593,0.0
664594,0.0
664595,0.0
664596,0.0
664597,0.0
664598,0.0
664599,0.0
664600,0.0
664601,0.0
664602,0.0
664603,0.0
664604,0.0
664605,0.0
664606,0.0
664607,0.0
664608,0.0
664609,0.0
664610,0.0
664611,0.0
664612,0.0
664613,0.0
664614,0.0
664615,0.0
664616,0.0
664617,0.0
664618,0.0
664619,0.0
664620,0.0
664621,0.0
664622,0.0
664623,0.0
664624,0.0
664625,0.0
664626,0.0
664627,0.0
664628,0.0
664629,0.0
664630,0.0
664631,0.0
664632,0.0
664633,0.0
664634,0.0
664635,0.0
664636,0.0
664637,0.0
664638,0.0
664639,0.0
664640,0.0
664641,0.0
664642,0.0
664643,0.0
664644,0.0
664645,0.0
664646,0.0
664647,0.0
664648,0.0
664649,0.0
664650,0.0
664651,0.0
664652,0.0
664653,0.0
664654,0.0
664655,2.089824e-11
664656,0.0
664657,0.0
664658,0.0
664659,0.0
664660,0.0
664661,0.0
664662,0.0
664663,0.0
664664,0.0
664665,0.0
664666,0.0
664667,0.0
664668,0.0
664669,0.0
664670,0.0
664671,0.0
664672,0.0
664673,0.0
664674,0.0
664675,0.0
664676,0.0
664677,0.0
664678,0.0
664679,0.0
664680,0.0
664681,0.0
664682,0.0
664683,0.0
664684,0.0
664685,0.0
664686,0.0
664687,0.0
664688,0.0
664689,0.0
664690,0.0
664691,0.0
664692,0.0
664693,0.0
664694,0.0
664695,0.0
664696,0.0
664697,0.0
664698,0.0
664699,0.0
664700,0.0
664701,0.0
664702,0.0
664703,0.0
664704,0.0
664705,0.0
664706,0.0
664707,0.0
664708,0.0
664709,0.0
664710,0.0
664711,0.0
664712,0.0
664713,0.0
664714,0.0
664715,0.0
664716,0.0
664717,0.0
664718,0.0
664719,0.0
664720,0.0
664721,0.0
664722,0.0
664723,0.0
664724,0.0
664725,0.0
664726,0.0
664727,0.0
664728,0.0
664729,0.0
664730,0.0
664731,0.0
664732,0.0
664733,0.0
664734,0.0
664735,0.0
664736,0.0
664737,0.0
664738,0.0
664739,0.0
664740,0.0
664741,0.0
664742,0.0
664743,0.0
664744,0.0
664745,0.0
664746,0.0
664747,0.0
664748,0.0
664749,0.0
664750,0.0
664751,0.0
664752,0.0
664753,0.0
664754,0.0
664755,0.0
664756,0.0
664757,0.0
664758,0.0
664759,0.0
664760,0.0
664761,0.0
664762,0.0
664763,0.0
664764,0.0
664765,0.0
664766,0.0
664767,0.0
664768,0.0
664769,0.0
664770,0.0
664771,0.0
664772,0.0
664773,0.0
664774,0.0
664775,0.0
664776,0.0
664777,0.0
664778,0.0
664779,0.0
664780,0.0
664781,0.0
664782,0.0
664783,0.0
664784,0.0
664785,0.0
664786,0.0
664787,0.0
664788,0.0
664789,0.0
664790,0.0
664791,0.0
664792,0.0
664793,0.0
664794,0.0
664795,0.0
664796,0.0
664797,0.0
664798,0.0
664799,0.0
664800,0.0
664801,0.0
664802,0.0
664803,0.0
664804,0.0
664805,0.0
664806,0.0
664807,0.0
664808,0.0
664809,0.0
664810,0.0
664811,0.0
664812,0.0
664813,0.0
664814,0.0
664815,0.0
664816,0.0
664817,0.0
664818,0.0
664819,0.0
664820,0.0
664821,0.0
664822,0.0
664823,0.0
664824,0.0
664825,0.0
664826,0.0
664827,0.0
664828,0.0
664829,0.0
664830,0.0
664831,0.0
664832,0.0
664833,0.0
664834,0.0
664835,0.0
664836,0.0
664837,0.0
664838,0.0
664839,0.0
664840,0.0
664841,0.0
664842,0.0
664843,0.0
664844,0.0
664845,0.0
664846,0.0
664847,0.0
664848,0.0
664849,0.0
664850,0.0
664851,0.0
664852,0.0
664853,0.0
664854,0.0
664855,0.0
664856,0.0
664857,0.0
664858,0.0
664859,0.0
664860,0.0
664861,0.0
664862,0.0
664863,0.0
664864,0.0
664865,0.0
664866,0.0
664867,0.0
664868,0.0
664869,0.0
664870,0.0
664871,4.695319e-05
664872,0.0
664873,0.0
664874,0.0
664875,0.0
664876,0.0
664877,0.0
664878,0.0
664879,0.0
664880,0.0
664881,0.0
664882,0.0
664883,0.0
664884,0.0
664885,0.0
664886,0.0
664887,0.0
664888,0.0
664889,0.0
664890,0.0
664891,0.0
664892,0.0
664893,0.0
664894,0.0
664895,0.0
664896,0.0
664897,0.0
664898,0.0
664899,0.0
664900,0.0
664901,0.0
664902,0.0
664903,0.0
664904,0.0
664905,0.0
664906,0.0
664907,0.0
664908,0.0
664909,0.0
664910,0.0
664911,0.0
664912,0.0
664913,0.0
664914,0.0
664915,0.0
664916,0.0
664917,0.0
664918,0.0
664919,0.0
664920,0.0
664921,0.0
664922,0.0
664923,0.0
664924,0.0
664925,0.0
664926,0.0
664927,0.0
664928,0.0
664929,0.0
664930,0.0
664931,0.0
664932,0.0
664933,0.0
664934,0.0
664935,0.0
664936,0.0
664937,0.0
664938,0.0
664939,0.0
664940,0.0
664941,0.0
664942,0.0
664943,0.0
664944,0.0
664945,0.0
664946,0.0
664947,0.0
664948,0.0
664949,0.0
664950,0.0
664951,0.0
664952,0.0
664953,0.0
664954,0.0
664955,0.0
664956,0.0
664957,0.0
664958,0.0
664959,0.0
664960,0.0
664961,0.0
664962,0.0
664963,0.0
664964,0.0
664965,0.0
664966,0.0
664967,0.0
664968,0.0
664969,0.0
664970,0.0
664971,0.0
664972,0.0
664973,0.0
664974,0.0
664975,0.0
664976,0.0
664977,0.0
664978,0.0
664979,0.0
664980,0.0
664981,0.0
664982,0.0
664983,0.0
664984,0.0
664985,0.0
664986,0.0
664987,0.0
664988,0.0
664989,0.0
664990,0.0
664991,0.0
664992,0.0
664993,4.3968557e-35
664994,0.0
664995,0.0
664996,0.0
664997,0.0
664998,0.0
664999,0.0
665000,0.0
665001,0.0
665002,0.0
665003,0.0
665004,0.0
665005,0.0
665006,0.0
665007,0.0
665008,0.0
665009,0.0
665010,0.0
665011,0.0
665012,0.0
665013,0.0
665014,0.0
665015,0.0
665016,0.0
665017,0.0
665018,0.0
665019,0.0
665020,0.0
665021,0.0
665022,0.0
665023,0.0
665024,0.0
665025,0.0
665026,0.0
665027,0.0
665028,0.0
665029,0.0
665030,0.0
665031,0.0
665032,0.0
665033,0.0
665034,0.0
665035,0.0
665036,0.0
665037,0.0
665038,0.0
665039,0.0
665040,0.0
665041,0.0
665042,0.0
665043,0.0
665044,0.0
665045,0.0
665046,0.0
665047,0.0
665048,0.0
665049,0.0
665050,0.0
665051,0.0
665052,0.0
665053,0.0
665054,0.0
665055,0.0
665056,0.0
665057,0.0
665058,0.0
665059,0.0
665060,0.0
665061,0.0
665062,0.0
665063,0.0
665064,0.0
665065,0.0
665066,0.0
665067,0.0
665068,0.0
665069,0.0
665070,0.0
665071,0.0
665072,0.0
665073,0.0
665074,0.0
665075,0.0
665076,0.0
665077,0.0
665078,0.0
665079,0.0
665080,0.0
665081,0.0
665082,0.0
665083,0.0
665084,0.0
665085,0.0
665086,0.0
665087,0.0
665088,0.0
665089,0.0
665090,0.0
665091,0.0
665092,0.0
665093,0.0
665094,0.0
665095,0.0
665096,0.0
665097,0.0
665098,0.0
665099,0.0
665100,0.0
665101,0.0
665102,0.0
665103,0.0
665104,0.0
665105,0.0
665106,0.0
665107,0.0
665108,0.0
665109,0.0
665110,0.0
665111,0.0
665112,0.0
665113,0.0
665114,0.0
665115,0.0
665116,0.0
665117,0.0
665118,0.0
665119,0.0
665120,0.0
665121,0.0
665122,0.0
665123,0.0
665124,1.9115168e-35
665125,0.0
665126,0.0
665127,0.0
665128,0.0
665129,0.0
665130,0.0
665131,0.0
665132,0.0
665133,0.0
665134,0.0
665135,0.0
665136,0.0
665137,0.0
665138,0.0
665139,0.0
665140,0.0
665141,0.0
665142,0.0
665143,0.0
665144,0.0
665145,0.0
665146,0.0
665147,0.0
665148,0.0
665149,0.0
665150,0.0
665151,0.0
665152,0.0
665153,0.0
665154,0.0
665155,0.0
665156,2.8000624e-27
665157,0.0
665158,0.0
665159,0.0
665160,0.0
665161,0.0
665162,0.0
665163,0.0
665164,0.0
665165,0.0
665166,0.0
665167,0.0
665168,0.0
665169,0.0
665170,0.0
665171,0.0
665172,0.0
665173,0.0
665174,0.0
665175,0.0
665176,0.0
665177,0.0
665178,0.0
665179,0.0
665180,0.0
665181,0.0
665182,0.0
665183,0.0
665184,0.0
665185,0.0
665186,0.0
665187,0.0
665188,0.0
665189,0.0
665190,0.0
665191,0.0
665192,0.0
665193,0.0
665194,0.0
665195,0.0
665196,0.0
665197,0.0
665198,0.0
665199,0.0
665200,0.0
665201,0.0
665202,0.0
665203,0.0
665204,0.0
665205,0.0
665206,0.0
665207,0.0
665208,0.0
665209,0.0
665210,0.0
665211,0.0
665212,0.0
665213,0.0
665214,0.0
665215,0.0
665216,0.0
665217,0.0
665218,0.0
665219,0.0
665220,0.0
665221,0.0
665222,0.0
665223,0.0
665224,0.0
665225,9.261299e-32
665226,0.0
665227,0.0
665228,0.0
665229,0.0
665230,0.0
665231,0.0
665232,0.0
665233,0.0
665234,0.0
665235,0.0
665236,0.0
665237,0.0
665238,0.0
665239,0.0
665240,0.0
665241,0.0
665242,0.0
665243,0.0
665244,0.0
665245,0.0
665246,0.0
665247,0.0
665248,0.0
665249,0.0
665250,0.0
665251,0.0
665252,0.0
665253,0.0
665254,0.0
665255,0.0
665256,0.0
665257,0.0
665258,0.0
665259,0.0
665260,0.0
665261,0.0
665262,0.0
665263,0.0
665264,0.0
665265,0.0
665266,0.0
665267,0.0
665268,0.0
665269,0.0
665270,0.0
665271,0.0
665272,0.0
665273,0.0
665274,0.0
665275,0.0
665276,0.0
665277,0.0
665278,0.0
665279,0.0
665280,0.0
665281,0.0
665282,0.0
665283,0.0
665284,0.0
665285,0.0
665286,0.0
665287,0.0
665288,0.0
665289,0.0
665290,0.0
665291,0.0
665292,0.0
665293,0.0
665294,0.0
665295,0.0
665296,0.0
665297,0.0
665298,0.0
665299,0.0
665300,0.0
665301,0.0
665302,0.0
665303,0.0
665304,0.0
665305,0.0
665306,0.0
665307,0.0
665308,1.020505e-31
665309,0.0
665310,0.0
665311,0.0
665312,0.0
665313,0.0
665314,0.0
665315,0.0
665316,0.0
665317,0.0
665318,0.0
665319,0.0
665320,0.0
665321,0.0
665322,0.0
665323,0.0
665324,0.0
665325,0.0
665326,6.9220246e-10
665327,0.0
665328,0.0
665329,0.0
665330,0.0
665331,0.0
665332,0.0
665333,0.0
665334,0.0
665335,0.0
665336,0.0
665337,0.0
665338,0.0
665339,0.0
665340,0.0
665341,0.0
665342,0.0
665343,0.0
665344,0.0
665345,0.0
665346,0.0
665347,0.0
665348,0.0
665349,0.0
665350,0.0
665351,0.0
665352,0.0
665353,0.0
665354,0.0
665355,0.0
665356,0.0
665357,0.0
665358,0.0
665359,0.0
665360,0.0
665361,0.0
665362,0.0
665363,0.0
665364,0.0
665365,0.0
665366,0.0
665367,0.0
665368,0.0
665369,0.0
665370,0.0
665371,0.0
665372,0.0
665373,0.0
665374,0.0
665375,0.0
665376,0.0
665377,0.0
665378,0.0
665379,0.0
665380,0.0
665381,0.0
665382,0.0
665383,0.0
665384,0.0
665385,0.0
665386,0.0
665387,0.0
665388,0.0
665389,0.0004721282
665390,0.0
665391,0.0
665392,0.0
665393,0.0
665394,0.0
665395,0.0
665396,0.0
665397,0.0
665398,0.0
665399,0.0
665400,0.0
665401,0.0
665402,0.0
665403,0.0
665404,0.0
665405,0.0
665406,0.0
665407,0.0
665408,0.0
665409,0.0
665410,0.0
665411,0.0
665412,0.0
665413,0.0
665414,0.0
665415,0.0
665416,0.0
665417,0.0
665418,0.0
665419,0.0
665420,0.0
665421,0.0
665422,0.0
665423,0.0
665424,0.0
665425,0.0
665426,0.0
665427,0.0
665428,0.0
665429,0.0
665430,0.0
665431,0.0
665432,0.0
665433,0.0
665434,0.0
665435,0.0
665436,0.0
665437,0.0
665438,0.0
665439,0.0
665440,0.0
665441,0.0
665442,0.0
665443,0.0
665444,0.0
665445,0.0
665446,0.0
665447,0.0
665448,0.0
665449,0.0
665450,0.0
665451,0.0
665452,0.0
665453,0.0
665454,0.0
665455,0.0
665456,0.0
665457,0.0
665458,0.0
665459,0.0
665460,0.0
665461,0.0
665462,0.0
665463,0.0
665464,0.0
665465,0.0
665466,0.0
665467,0.0
665468,0.0
665469,0.0
665470,0.0
665471,0.0
665472,0.0
665473,0.0
665474,0.0
665475,0.0
665476,0.0
665477,0.0
665478,0.0
665479,0.0
665480,0.0
665481,0.0
665482,0.0
665483,0.0
665484,0.0
665485,0.0
665486,0.0
665487,0.0
665488,0.0
665489,0.0
665490,0.0
665491,0.0
665492,0.0
665493,0.0
665494,0.0
665495,0.0
665496,0.0
665497,0.0
665498,0.0
665499,0.0
665500,0.0
665501,0.0
665502,0.0
665503,0.0
665504,0.0
665505,0.0
665506,0.0
665507,0.0
665508,0.0
665509,0.0
665510,0.0
665511,0.0
665512,0.0
665513,0.0
665514,0.0
665515,0.0
665516,0.0
665517,0.0
665518,0.0
665519,0.0
665520,0.0
665521,0.0
665522,0.0
665523,0.0
665524,0.0
665525,0.0
665526,0.0
665527,0.0
665528,0.0
665529,0.0
665530,0.0
665531,0.0
665532,0.0
665533,0.0
665534,0.0
665535,0.0
665536,0.0
665537,0.0
665538,0.0
665539,0.0
665540,0.0
665541,0.0
665542,0.0
665543,0.0
665544,0.0
665545,0.0
665546,0.0
665547,0.0
665548,4.744752e-19
665549,0.0
665550,0.0
665551,0.0
665552,0.0
665553,0.0
665554,0.0
665555,0.0
665556,0.0
665557,0.0
665558,0.0
665559,0.0
665560,0.0
665561,0.0
665562,0.0
665563,0.0
665564,0.0
665565,0.0
665566,0.0
665567,0.0
665568,0.0
665569,0.0
665570,0.0
665571,0.0
665572,0.0
665573,0.0
665574,0.0
665575,0.0
665576,0.0
665577,0.0
665578,0.0
665579,0.0
665580,0.0
665581,0.0
665582,0.0
665583,0.0
665584,0.0
665585,0.0
665586,0.0
665587,0.0
665588,0.0
665589,0.0
665590,0.0
665591,0.0
665592,0.0
665593,0.0
665594,0.0
665595,0.0
665596,0.0
665597,0.0
665598,0.0
665599,0.0
665600,0.0
665601,0.0
665602,0.0
665603,0.0
665604,0.0
665605,0.0
665606,0.0
665607,0.0
665608,0.0
665609,0.0
665610,0.0
665611,0.0
665612,0.0
665613,0.0
665614,0.0
665615,0.0
665616,0.0
665617,0.0
665618,0.0
665619,0.0
665620,0.0
665621,0.0
665622,0.0
665623,0.0
665624,0.0
665625,0.0
665626,0.0
665627,0.0
665628,0.0
665629,0.0
665630,0.007995306
665631,0.0
665632,0.0
665633,0.0
665634,0.0
665635,0.0
665636,0.0
665637,0.0
665638,0.0
665639,0.0
665640,0.0
665641,0.0
665642,0.0
665643,0.0
665644,0.0
665645,0.0
665646,0.0
665647,0.0
665648,0.0
665649,0.0
665650,0.0
665651,0.0
665652,0.0
665653,0.0
665654,0.0
665655,1.8080879e-30
665656,0.0
665657,0.0
665658,0.0
665659,0.0
665660,0.0
665661,0.0
665662,0.0
665663,0.0
665664,0.0
665665,0.0
665666,0.0
665667,0.0
665668,0.0
665669,0.0
665670,0.0
665671,0.0
665672,0.0
665673,0.0
665674,0.0
665675,0.0
665676,0.0
665677,0.0
665678,0.0
665679,0.0
665680,0.0
665681,0.0
665682,0.0
665683,0.0
665684,0.0
665685,0.0
665686,0.0
665687,0.0
665688,0.0
665689,0.0
665690,0.0
665691,0.0
665692,0.0
665693,0.0
665694,0.0
665695,0.00020859588
665696,0.0
665697,0.0
665698,0.0
665699,0.0
665700,1.8712778e-22
665701,0.0
665702,0.0
665703,0.0
665704,0.0
665705,0.36242384
665706,0.0
665707,0.0
665708,0.0
665709,0.0
665710,0.0
665711,0.0
665712,0.0
665713,0.0
665714,0.0
665715,0.0
665716,0.0
665717,0.0
665718,0.0
665719,0.071854636
665720,0.0
665721,0.0
665722,0.0
665723,0.0
665724,0.0
665725,0.0
665726,0.0
665727,0.0
665728,0.0
665729,0.0
665730,0.0
665731,0.0
665732,0.0
665733,0.0
665734,0.0
665735,0.0
665736,0.0
665737,0.0
665738,0.0
665739,0.0
665740,0.0
665741,0.0
665742,0.0
665743,0.0
665744,0.0
665745,0.0
665746,0.0
665747,0.0
665748,0.0
665749,0.0
665750,0.0
665751,0.0
665752,0.0
665753,0.0
665754,0.0
665755,0.0
665756,0.0
665757,0.0
665758,0.0
665759,0.0
665760,0.0
665761,0.0
665762,0.0
665763,0.0
665764,0.0
665765,0.0
665766,0.0
665767,0.0
665768,0.0
665769,0.0
665770,0.0
665771,0.0
665772,0.0
665773,0.0
665774,0.0
665775,2.5473336e-15
665776,0.0
665777,0.0
665778,0.0
665779,0.0
665780,0.0
665781,0.0
665782,0.0
665783,0.0
665784,0.0
665785,0.0
665786,0.0
665787,0.0
665788,0.0
665789,0.0
665790,0.0
665791,0.0
665792,0.0
665793,0.0
665794,0.0
665795,0.0
665796,0.0
665797,0.0
665798,0.0
665799,0.0
665800,0.0
665801,0.0
665802,0.0
665803,0.0
665804,0.0
665805,0.0
665806,0.0
665807,0.0
665808,0.0
665809,0.0
665810,0.0
665811,0.0
665812,0.0
665813,0.0
665814,0.0
665815,0.0
665816,0.0
665817,0.0
665818,0.0
665819,0.0
665820,0.0
665821,0.0
665822,0.0
665823,0.0
665824,0.0
665825,0.0
665826,2.3679898e-07
665827,0.0
665828,0.0
665829,0.0
665830,0.0
665831,0.0
665832,0.0
665833,0.0
665834,0.0
665835,0.0
665836,0.0
665837,0.0
665838,0.0
665839,0.0
665840,0.0
665841,0.0
665842,0.0
665843,0.0
665844,0.0
665845,0.0
665846,0.0
665847,0.0
665848,0.0
665849,0.0
665850,0.0
665851,0.0
665852,3.8923728e-25
665853,0.0
665854,0.0
665855,0.0
665856,0.0
665857,0.0
665858,0.0
665859,0.0
665860,0.0
665861,0.0
665862,0.0
665863,0.0
665864,0.0
665865,0.0
665866,0.0
665867,0.0
665868,0.0
665869,0.0
665870,0.0
665871,0.0
665872,0.0
665873,0.0
665874,0.0
665875,0.0
665876,0.0
665877,0.0
665878,0.0
665879,0.0
665880,0.0
665881,0.0
665882,0.0
665883,0.0
665884,0.0
665885,0.0
665886,0.0
665887,0.0
665888,0.0
665889,0.0
665890,0.0
665891,0.0
665892,0.0
665893,0.0
665894,0.0
665895,0.0
665896,0.0
665897,0.0
665898,0.0
665899,0.0
665900,0.0
665901,0.0
665902,0.0
665903,0.0
665904,0.0
665905,0.0
665906,0.0
665907,0.0
665908,0.0
665909,0.0
665910,0.0
665911,0.0
665912,0.0
665913,0.0
665914,0.0
665915,0.0
665916,0.0
665917,0.0
665918,0.0
665919,0.0
665920,0.0
665921,0.0
665922,0.0
665923,0.0
665924,0.0
665925,0.0
665926,0.0
665927,0.0
665928,0.0
665929,0.0
665930,0.0
665931,0.0
665932,0.0
665933,0.0
665934,0.0
665935,0.0
665936,0.0
665937,0.0
665938,0.0
665939,0.0
665940,0.0
665941,0.0
665942,0.0
665943,0.0
665944,0.0
665945,0.0
665946,0.0
665947,0.0
665948,0.0
665949,0.0
665950,0.0
665951,0.0
665952,0.0
665953,0.0
665954,0.0
665955,0.0
665956,0.0
665957,0.0
665958,0.0
665959,0.0
665960,0.0
665961,0.0
665962,0.0
665963,0.0
665964,0.0
665965,0.0
665966,0.0
665967,0.0
665968,0.0
665969,0.0
665970,0.0
665971,0.0
665972,0.0
665973,0.0
665974,0.0
665975,0.0
665976,0.0
665977,0.0
665978,0.0
665979,0.0
665980,0.0
665981,0.0
665982,0.0
665983,0.0
665984,0.0
665985,0.0
665986,0.0
665987,0.0
665988,0.0
665989,0.0
665990,0.0
665991,0.0
665992,0.0
665993,0.0
665994,0.0
665995,0.0
665996,0.0
665997,0.0
665998,0.0
665999,0.0
666000,0.0
666001,0.0
666002,0.0
666003,0.0
666004,0.0
666005,0.0
666006,2.1493334e-07
666007,0.0
666008,0.0
666009,0.0
666010,0.0
666011,0.0
666012,0.0
666013,0.0
666014,0.0
666015,0.0
666016,0.0
666017,0.0
666018,0.0
666019,0.0
666020,0.0
666021,0.0
666022,0.0
666023,0.0
666024,0.0
666025,0.0
666026,0.0
666027,0.0
666028,0.0
666029,0.0
666030,0.0
666031,0.0
666032,0.0
666033,0.0
666034,0.0
666035,0.0
666036,0.0
666037,0.0
666038,0.0
666039,0.0
666040,1.2148086e-25
666041,0.0
666042,0.0
666043,0.0
666044,0.0
666045,0.0
666046,0.0
666047,8.751321e-30
666048,0.0
666049,0.0
666050,0.0
666051,0.0
666052,0.0
666053,7.7910105e-23
666054,0.0
666055,0.0
666056,0.0
666057,0.0
666058,0.0
666059,0.0
666060,0.0
666061,0.0
666062,0.0
666063,0.0
666064,0.0
666065,0.0
666066,0.0
666067,0.0
666068,0.0
666069,0.0
666070,0.0
666071,0.0
666072,0.0
666073,0.0
666074,0.0
666075,0.0
666076,0.0
666077,0.0
666078,0.0
666079,0.0
666080,0.0
666081,0.0
666082,0.0
666083,0.0
666084,0.0
666085,4.113665e-30
666086,0.0
666087,0.0
666088,0.0
666089,0.0
666090,0.0
666091,0.0
666092,0.0
666093,0.0
666094,0.0
666095,0.0
666096,0.0
666097,0.0
666098,0.0
666099,0.0
666100,0.0
666101,0.0
666102,0.0
666103,0.0
666104,0.0
666105,0.0
666106,0.0
666107,0.0
666108,0.0
666109,0.0
666110,0.0
666111,0.0
666112,0.0
666113,0.0
666114,0.0
666115,0.0
666116,0.0
666117,0.0
666118,0.0
666119,0.0
666120,0.0
666121,0.0
666122,0.0
666123,0.0
666124,0.0
666125,0.0
666126,0.0
666127,0.0
666128,0.0
666129,0.0
666130,0.0
666131,0.0
666132,0.0
666133,0.0
666134,0.0
666135,0.0
666136,0.0
666137,0.0
666138,0.0
666139,0.0
666140,0.0
666141,0.0
666142,0.0
666143,0.0
666144,0.0
666145,0.0
666146,0.0
666147,0.0
666148,0.0
666149,0.0
666150,0.0
666151,0.0
666152,0.0
666153,0.0
666154,0.0
666155,0.0
666156,0.0
666157,0.0
666158,0.0
666159,0.0
666160,0.0
666161,0.0
666162,0.0
666163,0.0
666164,0.0
666165,0.0
666166,0.0
666167,0.0
666168,0.0
666169,0.0
666170,0.0
666171,0.0
666172,0.0
666173,0.0
666174,0.0
666175,0.0
666176,0.0
666177,0.0
666178,0.0
666179,0.0
666180,0.0
666181,0.0
666182,0.0
666183,0.0
666184,0.0
666185,0.0
666186,0.0
666187,0.0
666188,0.0
666189,0.0
666190,0.0
666191,0.0
666192,0.0
666193,0.0
666194,0.0
666195,0.0
666196,0.0
666197,1.0236456e-27
666198,0.0
666199,0.0
666200,0.0
666201,0.0
666202,0.0
666203,0.0
666204,0.0
666205,0.0
666206,0.0
666207,0.0
666208,0.0
666209,0.0
666210,0.0
666211,0.0
666212,0.0
666213,0.0
666214,0.0
666215,0.0
666216,0.0
666217,0.0
666218,0.0
666219,0.0
666220,0.0
666221,0.0
666222,0.0
666223,0.0
666224,0.0
666225,0.0
666226,0.0
666227,0.0
666228,0.0
666229,0.0
666230,0.0
666231,0.0
666232,0.0
666233,0.0
666234,0.0
666235,0.0
666236,0.0
666237,0.0
666238,0.0
666239,0.0
666240,0.0
666241,0.0
666242,0.0
666243,0.0
666244,0.0
666245,0.0
666246,0.0
666247,0.0
666248,0.0
666249,0.0
666250,0.0
666251,0.0
666252,0.0
666253,0.0
666254,0.0
666255,0.0
666256,0.0
666257,0.0
666258,0.0
666259,0.0
666260,0.0
666261,0.0
666262,0.0
666263,0.0
666264,0.0
666265,0.0
666266,0.0
666267,0.0
666268,0.0
666269,0.0
666270,0.0
666271,0.0
666272,0.0
666273,0.0
666274,0.0
666275,0.0
666276,0.0
666277,0.0
666278,0.0
666279,0.0
666280,0.0
666281,0.0
666282,0.0
666283,0.0
666284,0.0
666285,0.0
666286,0.0
666287,0.0
666288,0.0
666289,0.0
666290,0.0
666291,0.0
666292,0.0
666293,0.0
666294,0.0
666295,0.0
666296,0.0
666297,0.0
666298,0.0
666299,0.0
666300,0.0
666301,0.0
666302,0.0
666303,0.0
666304,0.0
666305,0.0
666306,0.0
666307,0.0
666308,0.0
666309,0.0
666310,0.0
666311,0.0
666312,0.0
666313,0.0
666314,0.0
666315,0.0
666316,0.0
666317,0.0
666318,0.0
666319,0.0
666320,4.616716e-27
666321,0.0
666322,0.0
666323,0.0
666324,0.0
666325,0.0
666326,0.0
666327,0.0
666328,0.0
666329,0.0
666330,0.0
666331,0.0
666332,0.0
666333,0.0
666334,0.0
666335,0.0
666336,0.0
666337,0.0
666338,0.0
666339,0.0
666340,0.0
666341,0.0
666342,0.0
666343,0.0
666344,0.0
666345,0.0
666346,0.0
666347,0.0
666348,0.0
666349,0.0
666350,0.0
666351,0.0
666352,0.0
666353,0.0
666354,0.0
666355,0.0
666356,0.0
666357,0.0
666358,0.0
666359,0.0
666360,0.0
666361,0.0
666362,0.0
666363,0.0
666364,0.0
666365,0.0
666366,0.0
666367,0.0
666368,0.0
666369,0.0
666370,0.0
666371,0.0
666372,0.0
666373,0.0
666374,0.0
666375,0.0
666376,0.0
666377,0.0
666378,0.0
666379,0.0
666380,0.0
666381,0.0
666382,0.0
666383,0.0
666384,0.0
666385,0.0
666386,0.0
666387,0.0
666388,0.0
666389,0.0
666390,0.0
666391,0.0
666392,0.0
666393,0.0
666394,0.0
666395,0.0
666396,0.0
666397,0.0
666398,0.0
666399,0.0
666400,0.0
666401,0.0
666402,0.0
666403,0.0
666404,0.0
666405,0.0
666406,0.0
666407,0.0
666408,0.0
666409,0.0
666410,0.0
666411,0.0
666412,0.0
666413,0.0
666414,0.0
666415,0.0
666416,0.0
666417,0.0
666418,0.0
666419,0.0
666420,0.0
666421,0.0
666422,0.0
666423,0.0
666424,0.0
666425,0.0
666426,0.0
666427,0.0
666428,0.0
666429,0.0
666430,0.0
666431,0.0
666432,0.0
666433,0.0
666434,0.0
666435,0.0
666436,0.0
666437,0.0
666438,0.0
666439,0.0
666440,0.0
666441,0.0
666442,0.0
666443,0.0
666444,0.0
666445,0.0
666446,0.0
666447,0.0
666448,0.0
666449,0.0
666450,0.0
666451,0.0
666452,0.0
666453,0.0
666454,0.0
666455,0.0
666456,0.0
666457,0.0
666458,0.0
666459,0.0
666460,0.0
666461,0.0
666462,0.0
666463,0.0
666464,0.0
666465,0.0
666466,0.0
666467,0.0
666468,0.0
666469,0.0
666470,0.0
666471,0.0
666472,0.0
666473,0.0
666474,0.0
666475,0.0
666476,0.0
666477,0.0
666478,0.0
666479,0.0
666480,0.0
666481,0.0
666482,0.0
666483,0.0
666484,0.0
666485,0.017050656
666486,0.0
666487,0.0
666488,0.0
666489,0.0
666490,0.0
666491,0.0
666492,0.0
666493,0.0
666494,0.0
666495,0.0
666496,0.0
666497,0.0
666498,0.0
666499,0.0
666500,0.0
666501,0.0
666502,0.0
666503,0.0
666504,0.0
666505,0.0
666506,0.0
666507,0.0
666508,0.0
666509,0.0
666510,0.0
666511,0.0
666512,0.0
666513,0.0
666514,0.0
666515,0.0
666516,0.0
666517,3.1827467e-09
666518,0.0
666519,0.0
666520,0.0
666521,0.0
666522,0.0
666523,0.0
666524,0.0
666525,0.0
666526,0.0
666527,0.0
666528,0.0
666529,0.0
666530,0.0
666531,0.0
666532,0.0
666533,0.0
666534,0.0
666535,0.0
666536,0.0
666537,0.0
666538,0.0
666539,0.0
666540,0.0
666541,0.0
666542,0.0
666543,0.0
666544,0.0
666545,0.0
666546,0.0
666547,0.0
666548,0.0
666549,0.0
666550,0.0
666551,0.0
666552,0.0
666553,0.0
666554,0.0
666555,0.0
666556,0.0
666557,0.0
666558,0.0
666559,0.0
666560,0.0
666561,0.0
666562,0.0
666563,0.0
666564,0.0
666565,0.0
666566,0.0
666567,0.0
666568,0.0
666569,0.0
666570,0.0
666571,0.0
666572,0.0
666573,0.0
666574,0.0
666575,0.0
666576,0.0
666577,0.0
666578,0.0
666579,0.0
666580,0.0
666581,0.0
666582,0.0
666583,0.0
666584,0.0
666585,0.0
666586,0.0
666587,0.0
666588,0.0
666589,0.0
666590,0.0
666591,0.0
666592,0.0
666593,2.3355546e-34
666594,0.0
666595,0.0
666596,0.0
666597,0.0
666598,0.0
666599,0.0
666600,0.0
666601,0.0
666602,0.0
666603,0.0
666604,0.0
666605,0.0
666606,0.0
666607,0.0
666608,0.0
666609,0.0
666610,0.0
666611,0.0
666612,0.0
666613,0.0
666614,0.0
666615,0.0
666616,0.0
666617,0.0
666618,0.0
666619,0.0
666620,0.0
666621,0.0
666622,0.0
666623,0.0
666624,0.0
666625,0.0
666626,0.0
666627,0.0
666628,0.0
666629,0.0
666630,0.0
666631,0.0
666632,0.0
666633,0.0
666634,0.0
666635,0.0
666636,0.0
666637,0.0
666638,0.0
666639,0.0
666640,0.0
666641,0.0
666642,0.0
666643,0.0
666644,0.0
666645,0.0
666646,0.0
666647,0.0
666648,0.0
666649,0.0
666650,0.0
666651,0.0
666652,0.0
666653,0.0
666654,0.0
666655,0.0
666656,0.0
666657,0.0
666658,0.0
666659,0.0
666660,0.0
666661,0.0
666662,0.0
666663,0.0
666664,0.0
666665,0.0
666666,0.0
666667,0.0
666668,0.0
666669,0.0
666670,0.0
666671,0.0
666672,0.0
666673,0.0
666674,0.0
666675,0.0
666676,0.0
666677,0.0
666678,0.0
666679,0.0
666680,0.0
666681,0.0
666682,0.0
666683,0.0
666684,0.0
666685,0.0
666686,0.0
666687,0.0
666688,0.0
666689,0.0
666690,0.0
666691,0.0
666692,0.0
666693,0.0
666694,0.0
666695,0.0
666696,0.0
666697,0.0
666698,0.0
666699,0.0
666700,0.0
666701,0.0
666702,0.0
666703,0.0
666704,0.0
666705,0.0
666706,0.0
666707,0.0
666708,0.0
666709,0.0
666710,0.0
666711,0.0
666712,0.0
666713,0.0
666714,0.0
666715,0.0
666716,0.0
666717,0.0
666718,0.0
666719,0.0
666720,0.0
666721,0.0
666722,0.0
666723,0.0
666724,0.0
666725,0.0
666726,0.0
666727,0.0
666728,0.0
666729,0.023476105
666730,0.0
666731,0.0
666732,0.0
666733,0.0
666734,0.0
666735,0.0
666736,0.0
666737,0.0
666738,0.0
666739,0.0
666740,0.0
666741,0.0
666742,0.0
666743,0.0
666744,0.0
666745,0.0
666746,0.0
666747,0.0
666748,0.0
666749,0.0
666750,0.0
666751,0.0
666752,0.0
666753,0.0
666754,0.0
666755,0.0
666756,0.0
666757,0.0
666758,0.0
666759,0.0
666760,0.0
666761,0.0
666762,0.0
666763,0.0
666764,0.0
666765,0.0
666766,0.0
666767,0.0
666768,0.0
666769,0.00011896843
666770,0.0
666771,0.0
666772,0.0
666773,0.0
666774,0.0
666775,0.0
666776,0.0
666777,0.0
666778,0.0
666779,0.0
666780,0.0
666781,0.0
666782,0.0
666783,0.0
666784,0.0
666785,0.0
666786,0.0
666787,0.0
666788,0.0
666789,0.0
666790,0.0
666791,0.0
666792,0.0
666793,0.0
666794,0.0
666795,0.0
666796,0.0
666797,0.0
666798,0.0
666799,0.0
666800,0.0
666801,0.0
666802,0.0
666803,0.0
666804,0.0
666805,0.0
666806,0.0
666807,0.0
666808,0.0
666809,0.0
666810,0.0
666811,0.0
666812,0.0
666813,0.0
666814,9.784078e-33
666815,0.0
666816,0.0
666817,0.0
666818,0.0
666819,0.0
666820,0.0
666821,0.0
666822,0.0
666823,0.0
666824,0.0
666825,0.0
666826,0.0
666827,0.0
666828,0.0
666829,0.0
666830,0.0
666831,0.0
666832,0.0
666833,0.0
666834,0.0
666835,0.0
666836,0.0
666837,0.0
666838,0.0
666839,0.0
666840,0.0
666841,0.0
666842,0.0
666843,0.0
666844,0.0
666845,0.0
666846,0.0
666847,0.0
666848,0.0
666849,0.0
666850,0.0
666851,0.0
666852,0.0
666853,0.0
666854,0.0
666855,0.0
666856,0.0
666857,0.0
666858,0.0
666859,0.0
666860,0.0
666861,0.0
666862,0.0
666863,0.0
666864,0.0
666865,0.0
666866,0.0
666867,0.0
666868,0.0
666869,0.0
666870,0.0
666871,0.0
666872,0.0
666873,0.0
666874,0.0
666875,0.0
666876,0.0
666877,0.0
666878,0.0
666879,0.0
666880,0.0
666881,0.0
666882,0.0
666883,0.0
666884,0.0
666885,0.0
666886,0.0
666887,0.0
666888,0.0
666889,0.0
666890,0.0
666891,0.0
666892,0.0
666893,0.0
666894,0.0
666895,0.0
666896,0.0
666897,0.0
666898,0.0
666899,0.0
666900,0.0
666901,0.0
666902,0.0
666903,0.0
666904,0.0
666905,0.0
666906,0.0
666907,0.0
666908,0.0
666909,0.0
666910,0.0
666911,0.0
666912,0.0
666913,0.0
666914,0.0
666915,0.0
666916,0.0
666917,0.0
666918,0.0
666919,0.0
666920,0.0
666921,0.0
666922,1.4587768e-29
666923,0.0
666924,0.0
666925,0.0
666926,0.0
666927,0.0
666928,0.0
666929,0.0
666930,0.0
666931,0.0
666932,0.0
666933,0.0
666934,0.0
666935,0.0
666936,0.0
666937,0.0
666938,0.0
666939,0.0
666940,0.0
666941,0.0
666942,0.0
666943,0.0
666944,0.0
666945,0.0
666946,0.0
666947,0.0
666948,0.0
666949,0.0
666950,0.0
666951,0.0
666952,0.0
666953,0.0
666954,0.0
666955,0.0
666956,0.0
666957,0.0
666958,0.0
666959,0.0
666960,0.0
666961,0.0
666962,0.0
666963,0.0109916795
666964,0.0
666965,0.0
666966,0.0
666967,0.0
666968,0.0
666969,0.0
666970,0.0
666971,0.0
666972,0.0
666973,0.0
666974,0.0
666975,0.0
666976,0.0
666977,0.0
666978,0.0
666979,0.0
666980,0.0
666981,0.0
666982,0.0
666983,0.0
666984,0.0
666985,0.0
666986,0.0
666987,0.0
666988,0.0
666989,0.0
666990,0.0
666991,0.0
666992,0.0
666993,0.0
666994,0.0
666995,0.0
666996,0.0
666997,0.0
666998,0.0
666999,0.0
667000,0.0
667001,0.0
667002,0.0
667003,0.0
667004,0.0
667005,0.0
667006,0.0
667007,0.0
667008,0.0
667009,0.0
667010,0.0
667011,0.0
667012,0.0
667013,0.0
667014,0.0
667015,0.0
667016,0.0
667017,0.0
667018,0.0
667019,0.0
667020,0.0
667021,0.0
667022,0.0
667023,0.0
667024,0.0
667025,0.0
667026,0.0
667027,0.0
667028,0.0
667029,0.0
667030,0.0
667031,0.0
667032,0.0
667033,0.0
667034,0.0
667035,0.0
667036,0.0
667037,0.0
667038,0.0
667039,0.0
667040,0.0
667041,0.0
667042,0.0
667043,0.0
667044,0.0
667045,0.0
667046,0.0
667047,0.0
667048,0.0
667049,0.0
667050,0.0
667051,0.0
667052,0.0
667053,0.0
667054,0.0
667055,0.0
667056,0.0
667057,0.0
667058,0.0
667059,0.0
667060,0.0
667061,0.0
667062,0.0
667063,0.0
667064,0.0
667065,0.0
667066,0.0
667067,0.0
667068,0.0
667069,0.0
667070,0.0
667071,0.0
667072,0.0
667073,0.0
667074,0.0
667075,0.0
667076,0.0
667077,0.0
667078,0.0
667079,0.0
667080,0.0
667081,0.0
667082,0.0
667083,0.0
667084,0.0
667085,0.0
667086,0.0
667087,0.0
667088,0.0
667089,0.0
667090,0.0
667091,0.0
667092,0.0
667093,0.0
667094,0.0
667095,0.0
667096,0.0
667097,0.0
667098,0.0
667099,0.0
667100,0.0
667101,0.0
667102,0.0
667103,0.0
667104,0.0
667105,0.0
667106,0.0
667107,0.0
667108,0.0
667109,0.0
667110,0.0
667111,0.0
667112,0.0
667113,0.0
667114,0.0
667115,0.0
667116,0.0
667117,0.0
667118,0.0
667119,0.0
667120,0.0
667121,0.0
667122,0.0
667123,2.471452e-12
667124,0.0
667125,0.0
667126,0.0
667127,0.0
667128,0.0
667129,0.0
667130,0.0
667131,0.0
667132,0.0
667133,0.0
667134,0.0
667135,0.0
667136,0.0
667137,0.0
667138,0.0
667139,5.168376e-31
667140,0.0
667141,0.0
667142,0.0
667143,0.0
667144,0.0
667145,0.0
667146,0.0
667147,0.0
667148,0.0
667149,0.0
667150,0.0
667151,0.0
667152,0.0
667153,0.0
667154,0.0
667155,0.0
667156,0.0
667157,0.0
667158,0.0
667159,0.0
667160,0.0
667161,0.0
667162,0.0
667163,0.0
667164,0.0
667165,0.0
667166,1.0191314e-24
667167,0.0
667168,0.0
667169,0.0
667170,0.0
667171,0.0
667172,0.0
667173,0.0
667174,0.0
667175,0.0
667176,0.0
667177,0.0
667178,0.0
667179,0.0
667180,0.0
667181,0.0
667182,0.0
667183,0.0
667184,0.0
667185,0.0
667186,0.0
667187,0.0
667188,0.0
667189,0.0
667190,0.0
667191,0.0
667192,0.0
667193,0.0
667194,0.0
667195,0.0
667196,0.0
667197,0.0
667198,0.0
667199,0.0
667200,0.0
667201,0.0
667202,0.0
667203,0.0
667204,0.0
667205,0.0
667206,0.0
667207,0.0
667208,0.0
667209,0.0
667210,0.0
667211,0.0
667212,0.0
667213,0.0
667214,0.0
667215,0.0
667216,0.0
667217,0.0
667218,0.0
667219,0.0
667220,0.0
667221,0.0
667222,0.0
667223,0.0
667224,0.0
667225,0.0
667226,0.0
667227,0.0
667228,0.0
667229,0.0
667230,0.0
667231,0.0
667232,0.0
667233,0.0
667234,0.0
667235,0.0
667236,0.0
667237,0.0
667238,0.0
667239,0.0
667240,0.0
667241,0.0
667242,0.0
667243,0.0
667244,0.0
667245,0.0
667246,0.0
667247,0.0
667248,0.0
667249,0.0
667250,0.0
667251,0.0
667252,0.0
667253,0.0
667254,0.0
667255,0.0
667256,0.0
667257,0.0
667258,0.0
667259,0.0
667260,0.0
667261,0.0
667262,0.0
667263,0.0
667264,0.0
667265,0.0
667266,0.0
667267,0.0
667268,0.0
667269,0.0
667270,0.0
667271,0.0
667272,0.0
667273,0.0
667274,0.0
667275,0.0
667276,0.0
667277,0.0
667278,0.0
667279,0.0
667280,0.0
667281,0.0
667282,0.0
667283,0.0
667284,0.0
667285,0.0
667286,0.0
667287,0.0
667288,0.0
667289,0.0
667290,0.0
667291,0.0
667292,0.0
667293,0.0
667294,0.0
667295,0.0
667296,0.0
667297,0.0
667298,0.0
667299,0.0
667300,0.0
667301,0.0
667302,0.0
667303,0.0
667304,0.0
667305,0.0
667306,0.0
667307,0.0
667308,0.0
667309,0.0
667310,0.0
667311,0.0
667312,0.0
667313,0.0
667314,0.0
667315,0.0
667316,0.0
667317,0.0
667318,0.0
667319,0.0
667320,0.0
667321,0.0
667322,0.0
667323,0.0
667324,0.0
667325,0.0
667326,0.0
667327,0.0
667328,0.0
667329,0.0
667330,0.0
667331,0.0
667332,0.0
667333,0.0
667334,0.0
667335,0.0
667336,0.0
667337,0.0
667338,0.0
667339,0.0
667340,1.8518508e-20
667341,0.0
667342,0.0
667343,0.0
667344,0.0
667345,0.0
667346,0.0
667347,0.0
667348,0.0
667349,0.0
667350,0.0
667351,0.0
667352,0.0
667353,0.0
667354,0.0
667355,0.0
667356,0.0
667357,0.0
667358,0.0
667359,0.0
667360,0.0
667361,0.0
667362,0.0
667363,0.0
667364,0.0
667365,0.0
667366,0.0
667367,0.0
667368,0.0
667369,0.0
667370,7.9070605e-16
667371,0.0
667372,0.0
667373,0.0
667374,0.0
667375,0.0
667376,0.0
667377,0.0
667378,0.0
667379,0.0
667380,0.0
667381,0.0
667382,0.0
667383,0.0
667384,0.0
667385,0.0
667386,0.0
667387,0.0
667388,0.0
667389,0.0
667390,0.0
667391,0.0
667392,0.0
667393,0.0
667394,0.0
667395,0.0
667396,0.0
667397,0.0
667398,0.0
667399,0.0
667400,0.0
667401,0.0
667402,0.0
667403,0.0
667404,0.0
667405,0.0
667406,0.0
667407,0.0
667408,0.0
667409,0.0
667410,0.0
667411,0.0
667412,0.0
667413,0.0
667414,0.0
667415,0.0
667416,0.100785844
667417,0.0
667418,0.0
667419,0.0
667420,0.0
667421,0.0
667422,0.0
667423,0.0
667424,0.0
667425,0.0
667426,0.0
667427,0.0
667428,0.0
667429,0.0
667430,0.0
667431,0.0
667432,0.0
667433,0.0
667434,0.0
667435,0.0
667436,0.0
667437,0.0
667438,0.0
667439,0.0
667440,0.0
667441,0.0
667442,0.0
667443,0.0
667444,0.0
667445,0.0
667446,0.0
667447,0.0
667448,0.0
667449,0.0
667450,0.0
667451,0.0
667452,0.0
667453,0.0
667454,0.0
667455,0.0
667456,0.0
667457,0.0
667458,0.0
667459,0.0
667460,0.0
667461,0.0
667462,0.0
667463,0.0
667464,0.0
667465,0.0
667466,0.0
667467,0.0
667468,0.0
667469,0.0
667470,0.0
667471,0.0
667472,0.0
667473,0.0
667474,0.0
667475,0.0
667476,0.0
667477,0.0
667478,0.0
667479,0.0
667480,0.0
667481,0.0
667482,0.0
667483,0.0
667484,0.0
667485,0.0
667486,0.0
667487,0.0
667488,0.0
667489,0.0
667490,0.0
667491,0.0
667492,0.0
667493,0.0
667494,0.0
667495,0.0
667496,0.0
667497,0.0
667498,0.0
667499,0.0
667500,0.0
667501,0.0
667502,0.0
667503,0.0
667504,0.0
667505,0.0
667506,0.0
667507,0.0
667508,0.0
667509,0.0
667510,0.36242384
667511,0.0
667512,0.0
667513,0.0
667514,0.0
667515,0.0
667516,0.0
667517,0.0
667518,0.0
667519,0.0
667520,0.0
667521,0.0
667522,0.0
667523,0.0
667524,0.0
667525,0.0
667526,0.0
667527,0.0
667528,0.0
667529,0.0
667530,0.0
667531,0.0
667532,0.0
667533,0.0
667534,0.0
667535,0.0
667536,0.0
667537,0.0
667538,0.0
667539,0.0
667540,0.0
667541,0.0
667542,0.0
667543,0.0
667544,0.0
667545,0.0
667546,0.0
667547,0.0
667548,0.0
667549,0.0
667550,0.0
667551,0.0
667552,0.0
667553,0.0
667554,0.0
667555,0.0
667556,0.0
667557,0.0
667558,0.0
667559,0.0
667560,0.0
667561,0.0
667562,0.0
667563,0.0
667564,0.0
667565,0.0
667566,0.0
667567,0.0
667568,0.0
667569,0.0
667570,0.0
667571,0.0
667572,0.0
667573,0.0
667574,2.4179013e-23
667575,0.0
667576,0.0
667577,0.0
667578,0.0
667579,0.0
667580,0.0
667581,0.0
667582,0.0
667583,0.0
667584,0.0
667585,0.0
667586,8.0649684e-08
667587,0.0
667588,0.0
667589,0.0
667590,0.0
667591,0.0
667592,0.0
667593,0.0
667594,0.0
667595,0.0
667596,0.0
667597,0.0
667598,0.0
667599,0.0
667600,0.0
667601,0.0
667602,0.0
667603,0.0
667604,0.0
667605,0.0
667606,0.0
667607,0.0
667608,0.0
667609,0.0
667610,0.0
667611,0.0
667612,0.0
667613,0.0
667614,0.0
667615,0.0
667616,0.0
667617,0.0
667618,0.0
667619,0.0
667620,0.0
667621,0.0
667622,0.0
667623,0.0
667624,0.0
667625,0.0
667626,0.0
667627,0.0
667628,0.0
667629,0.0
667630,0.0
667631,0.0
667632,0.0
667633,0.0
667634,0.0
667635,0.0
667636,0.0
667637,0.0
667638,0.0
667639,0.0
667640,0.0
667641,0.0
667642,0.0
667643,0.0
667644,0.0
667645,0.0
667646,0.0
667647,0.0
667648,0.0
667649,0.0
667650,0.0
667651,0.0
667652,0.0
667653,0.0
667654,0.0
667655,0.0
667656,0.0
667657,0.0
667658,0.0
667659,0.0
667660,0.0
667661,0.0
667662,0.0
667663,0.0
667664,0.0
667665,0.0
667666,0.0
667667,0.0
667668,0.0
667669,0.0
667670,0.0
667671,0.0
667672,0.0
667673,0.0
667674,0.0
667675,0.0
667676,0.0
667677,0.0
667678,0.0
667679,0.0
667680,0.0
667681,0.0
667682,0.0
667683,3.551204e-18
667684,0.0
667685,0.0
667686,0.0
667687,0.0
667688,0.0
667689,0.0
667690,0.0
667691,0.0
667692,0.0
667693,0.0
667694,0.0
667695,0.0
667696,0.0
667697,0.0
667698,0.0
667699,0.0
667700,0.0
667701,0.0
667702,0.0
667703,0.0
667704,0.0
667705,0.0
667706,0.0
667707,0.0
667708,0.0
667709,3.0402217e-12
667710,0.0
667711,0.0
667712,0.0
667713,0.0
667714,0.0
667715,0.0
667716,0.0
667717,0.0
667718,0.0
667719,0.0
667720,0.0
667721,0.0
667722,0.0
667723,0.0
667724,0.0
667725,0.0
667726,0.0
667727,0.0
667728,0.0
667729,0.0
667730,0.0
667731,0.0
667732,0.0
667733,0.0
667734,0.0
667735,0.0
667736,0.0
667737,0.0
667738,0.0
667739,0.0
667740,0.0
667741,0.0
667742,0.0
667743,0.0
667744,0.0
667745,0.0
667746,0.0
667747,0.0
667748,0.0
667749,0.0
667750,0.0
667751,0.0
667752,0.0
667753,0.0
667754,0.0
667755,0.0
667756,0.0
667757,0.0
667758,0.0
667759,0.0
667760,0.0
667761,0.0
667762,0.0
667763,0.0
667764,0.0
667765,0.0
667766,0.0
667767,0.0
667768,0.0
667769,0.0
667770,0.0
667771,0.0
667772,0.0
667773,0.0
667774,0.0
667775,0.0
667776,0.0
667777,0.0
667778,0.0
667779,0.0
667780,0.0
667781,0.0
667782,0.0
667783,0.0
667784,0.0
667785,0.0
667786,0.0
667787,0.0
667788,0.0
667789,0.0
667790,0.0
667791,0.0
667792,0.0
667793,0.0
667794,0.0
667795,0.0
667796,0.0
667797,0.0
667798,0.0
667799,0.0
667800,0.0
667801,0.0
667802,0.0
667803,0.0
667804,0.0
667805,0.0
667806,0.0
667807,0.0
667808,0.0
667809,0.0
667810,0.0
667811,0.0
667812,0.0
667813,0.0
667814,0.0
667815,0.0
667816,0.0
667817,0.0
667818,0.0
667819,0.0
667820,0.0
667821,0.0
667822,0.0
667823,0.0
667824,0.0
667825,0.0
667826,0.0
667827,0.0
667828,0.0
667829,0.0
667830,0.0
667831,0.0
667832,0.0
667833,0.0
667834,0.0
667835,0.0
667836,0.0
667837,0.0
667838,0.0
667839,0.0
667840,0.0
667841,0.0
667842,0.0
667843,0.0
667844,0.0
667845,0.0
667846,0.0
667847,0.0
667848,0.0
667849,0.0
667850,0.0
667851,0.0
667852,0.0
667853,0.0
667854,0.0
667855,0.0
667856,0.0
667857,0.0
667858,0.0
667859,0.0
667860,0.0
667861,0.0
667862,0.0
667863,0.0
667864,0.0
667865,0.0
667866,0.0
667867,0.0
667868,0.0
667869,0.0
667870,0.0
667871,0.0
667872,0.0
667873,0.0
667874,0.0
667875,0.0
667876,0.0
667877,0.0
667878,0.0
667879,0.0
667880,0.0
667881,0.0
667882,0.0
667883,0.0
667884,0.0
667885,0.0
667886,0.0
667887,0.0
667888,0.0
667889,0.0
667890,0.0
667891,0.0
667892,0.0
667893,0.0
667894,0.0
667895,0.0
667896,0.0
667897,0.0
667898,0.0
667899,0.0
667900,0.0
667901,0.0
667902,0.0
667903,0.0
667904,0.0
667905,0.0
667906,0.0
667907,0.0
667908,0.0
667909,0.0
667910,0.0
667911,0.0
667912,0.0
667913,0.0
667914,0.0
667915,0.0
667916,0.0
667917,0.0
667918,0.0
667919,0.0
667920,0.0
667921,0.0
667922,0.0
667923,0.0
667924,0.0
667925,0.0
667926,0.0
667927,0.0
667928,0.0
667929,0.0
667930,0.0
667931,0.009068722
667932,0.0
667933,0.0
667934,0.0
667935,0.0
667936,0.0
667937,0.0
667938,0.0
667939,0.0
667940,0.0
667941,0.0
667942,0.0
667943,0.0
667944,0.0
667945,0.0
667946,0.0
667947,0.0
667948,0.0
667949,0.0
667950,0.0
667951,0.0
667952,0.0
667953,0.0
667954,0.0
667955,0.0
667956,0.0
667957,0.0
667958,0.0
667959,0.0
667960,0.0
667961,0.0
667962,0.0
667963,0.0
667964,0.0
667965,0.0
667966,0.0
667967,0.0
667968,0.0
667969,0.0
667970,0.0
667971,0.0
667972,0.0
667973,0.0
667974,0.0
667975,0.0
667976,0.0
667977,0.0
667978,0.0
667979,0.0
667980,0.0
667981,0.0
667982,0.0
667983,0.0
667984,0.0
667985,0.0
667986,0.0
667987,0.0
667988,0.0
667989,0.0
667990,0.0
667991,0.0
667992,0.0
667993,0.0
667994,0.0
667995,0.0
667996,0.0
667997,0.0
667998,0.0
667999,0.0
668000,0.0
668001,0.0
668002,0.0
668003,0.0
668004,0.0
668005,0.0
668006,0.0
668007,0.0
668008,0.0
668009,0.0
668010,0.0
668011,0.0
668012,0.0
668013,0.0
668014,0.0
668015,0.0
668016,0.0
668017,0.0
668018,0.0
668019,0.0
668020,0.0
668021,0.0
668022,0.0
668023,0.0
668024,0.0
668025,0.0
668026,0.0
668027,0.0
668028,0.0
668029,0.0
668030,0.0
668031,0.0
668032,0.0
668033,0.0
668034,0.0
668035,0.0
668036,0.0
668037,0.0
668038,0.0
668039,0.0
668040,0.0
668041,0.0
668042,0.0
668043,0.0
668044,0.0
668045,0.0
668046,0.0
668047,0.0
668048,0.0
668049,0.0
668050,0.0
668051,0.0
668052,0.0
668053,0.0
668054,0.0
668055,0.0
668056,0.0
668057,0.0
668058,0.0
668059,0.0
668060,0.0
668061,0.0
668062,0.0
668063,0.0
668064,0.0
668065,0.0
668066,0.0
668067,0.0
668068,0.0
668069,0.0
668070,0.0
668071,0.0
668072,0.0
668073,0.0
668074,0.0
668075,0.0
668076,0.0
668077,0.0
668078,0.0
668079,0.0
668080,0.0
668081,0.0
668082,0.0
668083,0.0
668084,3.0208412e-34
668085,0.0
668086,0.0
668087,0.0
668088,0.0
668089,0.0
668090,0.0
668091,0.0
668092,0.0
668093,0.0
668094,0.0
668095,0.0
668096,0.0
668097,0.0
668098,0.0
668099,0.0
668100,0.0
668101,0.0
668102,0.0
668103,0.0
668104,0.0
668105,0.0
668106,0.0
668107,0.0
668108,0.0
668109,0.0
668110,0.0
668111,0.0
668112,0.0
668113,0.0
668114,0.0
668115,0.0
668116,0.0
668117,0.0
668118,0.0
668119,0.0
668120,0.0
668121,0.0
668122,0.0
668123,0.0
668124,0.0
668125,0.0
668126,0.0
668127,0.0
668128,0.0
668129,0.0
668130,0.0
668131,0.0
668132,3.454681e-39
668133,0.0012546709
668134,0.0
668135,0.0
668136,0.0
668137,0.0
668138,0.0
668139,0.0
668140,0.0
668141,0.0
668142,0.0
668143,0.0
668144,0.0
668145,0.0
668146,0.0
668147,0.0
668148,0.0
668149,0.0
668150,0.0
668151,0.0
668152,0.0
668153,0.0
668154,0.0
668155,0.0
668156,0.0
668157,0.0
668158,0.0
668159,0.0
668160,0.0
668161,0.0
668162,0.0
668163,0.0
668164,0.0
668165,0.0
668166,0.0
668167,0.0
668168,0.0
668169,0.0
668170,0.0
668171,0.0
668172,0.0
668173,0.0
668174,0.0
668175,0.0
668176,0.0
668177,0.0
668178,0.0
668179,0.0
668180,0.0
668181,0.0
668182,0.0
668183,0.0
668184,0.0
668185,0.0
668186,0.0
668187,0.0
668188,0.0
668189,0.0
668190,0.0
668191,0.0
668192,0.0
668193,0.0
668194,0.0
668195,0.0
668196,0.0
668197,0.0
668198,0.0
668199,0.0
668200,0.0
668201,0.0
668202,0.0
668203,0.0
668204,0.0
668205,0.0
668206,0.0
668207,0.0
668208,0.0
668209,0.0
668210,0.0
668211,0.0
668212,0.0
668213,0.0
668214,0.0
668215,0.0
668216,0.0
668217,0.0
668218,0.0
668219,0.0
668220,0.0
668221,0.0
668222,0.0
668223,0.0
668224,0.0
668225,0.0
668226,0.0
668227,9.511973e-24
668228,0.0
668229,0.0
668230,0.0
668231,0.0
668232,0.0
668233,0.0
668234,0.0
668235,0.0
668236,0.0
668237,0.0
668238,0.0
668239,0.0
668240,0.0
668241,0.0
668242,0.0
668243,0.0
668244,0.0
668245,0.0
668246,0.0
668247,0.0
668248,0.0
668249,0.0
668250,0.0
668251,0.0
668252,0.0
668253,0.0
668254,0.0
668255,0.0
668256,0.0023035642
668257,0.0
668258,0.0
668259,0.0
668260,0.0
668261,0.0
668262,0.0
668263,0.0
668264,0.0
668265,0.0
668266,0.0
668267,0.0
668268,0.0
668269,0.0
668270,0.0
668271,0.0
668272,9.119425e-16
668273,0.0
668274,0.0
668275,0.0
668276,0.0
668277,0.0
668278,0.0
668279,0.0
668280,0.0
668281,0.0
668282,0.0
668283,0.0
668284,0.0
668285,0.0
668286,0.0
668287,0.0
668288,0.0
668289,0.0
668290,0.0
668291,0.0
668292,0.0
668293,0.0
668294,0.0
668295,0.0
668296,0.0
668297,0.0
668298,0.0
668299,0.0
668300,0.0
668301,0.0
668302,0.0
668303,0.0
668304,0.0
668305,0.0
668306,0.0
668307,0.0
668308,0.0
668309,0.0
668310,0.0
668311,0.0
668312,0.0
668313,0.0
668314,0.0
668315,0.0
668316,0.0
668317,0.0
668318,0.0
668319,0.0
668320,0.0
668321,0.0
668322,0.0
668323,0.0
668324,0.0
668325,0.0
668326,0.0
668327,0.0
668328,0.0
668329,0.0
668330,0.0
668331,0.0
668332,0.0
668333,0.0
668334,0.0
668335,0.0
668336,0.0
668337,0.0
668338,0.0
668339,0.0
668340,0.0
668341,0.0
668342,0.0
668343,3.9008275e-34
668344,0.0
668345,0.0
668346,0.0
668347,0.0
668348,0.0
668349,0.0
668350,0.0
668351,0.0
668352,0.0
668353,0.0
668354,0.0
668355,0.0
668356,0.0
668357,0.0
668358,0.0
668359,0.0
668360,0.0
668361,0.0
668362,0.0
668363,0.0
668364,0.0
668365,0.0
668366,0.0
668367,0.0
668368,0.0
668369,0.0
668370,0.0
668371,0.0
668372,0.0
668373,0.0
668374,0.0
668375,0.0
668376,0.0
668377,0.0
668378,0.0
668379,0.0
668380,0.0
668381,0.0
668382,0.0
668383,0.0
668384,0.0
668385,0.0
668386,0.0
668387,0.0
668388,0.0
668389,0.0
668390,1.0855394e-30
668391,0.0
668392,0.0
668393,0.0
668394,0.0
668395,0.0
668396,0.0
668397,0.0
668398,0.0
668399,0.0
668400,0.0
668401,0.0
668402,0.0
668403,0.0
668404,0.0
668405,0.0
668406,0.0
668407,0.0
668408,0.0
668409,0.0
668410,0.0
668411,0.0
668412,0.0
668413,0.0
668414,0.0
668415,0.0
668416,0.0
668417,0.0
668418,0.0
668419,0.0
668420,0.0
668421,0.0
668422,0.0
668423,0.0
668424,7.26584e-39
668425,0.0
668426,0.0
668427,0.0
668428,0.0
668429,0.0
668430,8.9917966e-21
668431,0.0
668432,0.0
668433,0.0
668434,0.0
668435,0.0
668436,0.0
668437,0.0
668438,0.0
668439,0.0
668440,0.0
668441,0.0
668442,0.0
668443,0.0
668444,0.0
668445,0.0
668446,0.0
668447,0.0
668448,5.0032573e-05
668449,0.0
668450,0.0
668451,0.0
668452,0.0
668453,0.0
668454,0.0
668455,0.0
668456,0.0
668457,0.0
668458,0.0
668459,0.0
668460,0.0
668461,0.0
668462,0.0
668463,0.0
668464,0.0
668465,0.0
668466,0.0
668467,0.0
668468,0.0
668469,0.0
668470,2.3792002e-22
668471,0.0
668472,0.0
668473,0.0
668474,0.0
668475,0.0
668476,0.0
668477,0.0
668478,0.0
668479,0.0
668480,0.0
668481,0.0
668482,0.0
668483,0.0
668484,0.0
668485,0.0
668486,0.0
668487,0.0
668488,0.0
668489,0.0
668490,0.0
668491,0.0
668492,0.0
668493,0.0
668494,0.0
668495,0.0
668496,2.8890672e-12
668497,0.0
668498,0.0
668499,0.0
668500,0.0
668501,0.0
668502,0.0
668503,0.0
668504,0.0
668505,0.0
668506,0.0
668507,0.0
668508,0.0
668509,0.0
668510,0.0
668511,0.0
668512,0.0
668513,0.0
668514,0.0
668515,0.0
668516,0.0
668517,0.0
668518,0.0
668519,0.0
668520,0.0
668521,0.0
668522,0.0
668523,0.0
668524,0.0
668525,3.0450274e-23
668526,0.0
668527,0.0
668528,0.0
668529,0.0
668530,0.0
668531,0.0
668532,0.0
668533,0.0
668534,0.0
668535,0.0
668536,0.0
668537,0.36242384
668538,0.0
668539,0.0
668540,0.0
668541,0.0
668542,0.0
668543,0.0
668544,0.0
668545,0.0
668546,0.0
668547,0.0
668548,0.0
668549,0.0
668550,0.0
668551,0.0
668552,0.0
668553,0.0
668554,0.0
668555,0.0
668556,0.0
668557,0.0
668558,0.0
668559,0.0
668560,0.0
668561,0.0
668562,0.0
668563,0.0
668564,0.0
668565,0.0
668566,0.0
668567,0.0
668568,0.0
668569,0.0
668570,0.0
668571,0.0
668572,0.0
668573,0.0
668574,0.0
668575,0.0
668576,0.0
668577,0.0
668578,0.0
668579,0.0
668580,0.0
668581,0.0
668582,1.0443705e-24
668583,0.0
668584,0.0
668585,0.0
668586,0.0
668587,0.0
668588,0.0
668589,0.0
668590,0.0
668591,0.0
668592,0.0
668593,0.0
668594,0.0
668595,0.0
668596,0.0
668597,0.0
668598,0.0
668599,0.0
668600,0.0
668601,0.0
668602,0.0
668603,0.0
668604,0.0
668605,0.0
668606,0.0
668607,0.0
668608,0.0
668609,0.0
668610,0.0
668611,0.0
668612,0.0
668613,0.0
668614,0.0
668615,0.0
668616,0.0
668617,0.0
668618,0.0
668619,0.0
668620,0.0
668621,0.0
668622,0.0
668623,0.0
668624,0.0
668625,0.0
668626,0.0
668627,0.0
668628,0.0
668629,0.0
668630,0.0
668631,0.0
668632,0.0
668633,0.0
668634,0.0
668635,0.0
668636,0.0
668637,0.0
668638,0.0
668639,0.0
668640,0.0
668641,0.0
668642,0.0
668643,0.0
668644,0.0
668645,0.0
668646,0.0
668647,0.0
668648,0.0
668649,0.0
668650,0.0
668651,0.0
668652,0.0
668653,0.0
668654,0.0
668655,0.0
668656,0.0
668657,0.0
668658,0.0
668659,0.0
668660,0.0
668661,0.0
668662,3.2241268e-37
668663,0.0
668664,0.0
668665,0.0
668666,0.0
668667,0.0
668668,0.0
668669,0.0
668670,0.0
668671,0.0
668672,0.0
668673,0.0
668674,0.0
668675,0.0
668676,0.0
668677,0.0
668678,0.0
668679,0.0
668680,0.0
668681,0.0076043755
668682,0.0
668683,0.0
668684,0.0
668685,0.0
668686,0.0
668687,0.0
668688,0.0
668689,0.0
668690,0.0
668691,0.0
668692,0.0
668693,0.0
668694,0.0
668695,0.0
668696,0.0
668697,0.0
668698,0.0
668699,0.0
668700,0.0
668701,0.0
668702,0.0
668703,0.0
668704,0.0
668705,0.0
668706,0.0
668707,0.0
668708,0.0
668709,0.0
668710,0.0
668711,0.0
668712,0.0
668713,0.0
668714,0.0
668715,0.0
668716,0.0
668717,1.0062583e-19
668718,0.0
668719,0.0
668720,0.0
668721,0.0
668722,0.0
668723,0.0
668724,0.0
668725,0.0
668726,0.0
668727,0.0
668728,0.0
668729,0.0
668730,0.0
668731,0.0
668732,0.0
668733,0.0
668734,0.0
668735,0.0
668736,0.0
668737,0.0
668738,0.0
668739,0.0
668740,0.0
668741,0.0
668742,0.0
668743,0.0
668744,0.0
668745,0.0
668746,0.0
668747,0.0
668748,0.0
668749,0.0
668750,0.0
668751,0.0
668752,0.0
668753,0.0
668754,0.0
668755,0.0
668756,0.0
668757,0.0
668758,0.0
668759,0.0
668760,0.0
668761,0.0
668762,0.0
668763,0.0
668764,0.0
668765,0.0
668766,0.0
668767,0.0
668768,0.0
668769,0.0
668770,0.0
668771,0.0
668772,0.0
668773,0.0
668774,0.0
668775,0.0
668776,0.0
668777,0.0
668778,0.0
668779,0.0
668780,0.0
668781,0.0
668782,0.0
668783,0.0
668784,0.0
668785,0.0
668786,0.0
668787,0.0
668788,0.0
668789,3.56187e-06
668790,0.0
668791,0.0
668792,0.0
668793,0.0
668794,0.0
668795,0.0
668796,0.0
668797,0.0
668798,0.0
668799,0.0
668800,0.0
668801,0.0
668802,0.0
668803,0.0
668804,0.0
668805,0.0
668806,0.0
668807,0.0
668808,0.0
668809,0.0
668810,0.0
668811,0.0
668812,0.0
668813,0.0
668814,0.0
668815,0.0
668816,0.0
668817,0.0
668818,0.0
668819,0.0
668820,0.0
668821,0.0
668822,0.0
668823,0.0
668824,0.0
668825,0.0
668826,0.0
668827,0.0
668828,0.0
668829,0.0
668830,0.0
668831,0.0
668832,0.0
668833,0.0
668834,0.0
668835,0.0
668836,0.0
668837,0.0
668838,0.0
668839,0.0
668840,0.0
668841,0.0
668842,0.0
668843,0.0
668844,0.0
668845,0.0
668846,0.0
668847,0.0
668848,0.0
668849,0.0
668850,0.0
668851,0.0
668852,0.0
668853,0.0
668854,0.0
668855,0.0
668856,0.0
668857,0.0
668858,0.0
668859,0.0
668860,0.0
668861,0.0
668862,0.0
668863,0.0
668864,0.0
668865,0.0
668866,0.0
668867,0.0
668868,0.0
668869,0.0
668870,0.0
668871,0.0
668872,0.0
668873,0.0
668874,0.0
668875,0.0
668876,0.0
668877,0.0
668878,0.0
668879,0.0
668880,0.0
668881,0.0
668882,0.0
668883,0.0
668884,0.0
668885,0.0
668886,0.0
668887,0.0
668888,0.08453531
668889,0.0
668890,0.0
668891,0.0
668892,0.0
668893,0.0
668894,0.0
668895,0.0
668896,0.0
668897,0.0
668898,0.0
668899,0.0
668900,0.0
668901,0.0
668902,0.0
668903,0.0
668904,0.0
668905,0.0
668906,0.0
668907,0.0
668908,0.0
668909,0.0
668910,0.0
668911,0.0
668912,0.0
668913,0.0
668914,0.0
668915,0.0
668916,0.0
668917,0.0
668918,0.0
668919,0.0
668920,0.0
668921,0.0
668922,0.0
668923,0.0
668924,0.0
668925,0.0
668926,0.0
668927,0.0
668928,0.0
668929,0.0
668930,0.0
668931,0.0
668932,0.0
668933,0.0
668934,0.0
668935,0.0
668936,0.0
668937,0.0
668938,0.0
668939,0.0
668940,0.0
668941,0.0
668942,0.0
668943,0.0
668944,1.34639975e-33
668945,0.0
668946,0.0
668947,0.0
668948,0.0
668949,0.0
668950,0.0
668951,0.0
668952,0.0
668953,0.0
668954,0.0
668955,0.0
668956,0.0
668957,0.0
668958,0.0
668959,0.0
668960,0.0
668961,0.0
668962,0.0
668963,0.0
668964,0.0
668965,0.0
668966,0.0
668967,0.0
668968,0.0
668969,0.0
668970,0.0
668971,0.0
668972,0.0
668973,0.0
668974,0.0
668975,0.0
668976,0.0
668977,0.0
668978,0.0
668979,0.0
668980,0.0
668981,0.0
668982,0.0
668983,0.0
668984,0.0
668985,0.0
668986,0.0
668987,0.0
668988,0.0
668989,0.0
668990,0.0
668991,0.0
668992,0.0
668993,0.0
668994,0.0
668995,0.0
668996,0.0
668997,0.0
668998,0.0
668999,0.0
669000,0.0
669001,0.0
669002,0.0
669003,0.0
669004,0.0
669005,0.0
669006,0.0
669007,4.990817e-18
669008,0.0
669009,0.0
669010,0.0
669011,0.0
669012,0.0
669013,0.0
669014,0.0
669015,0.0
669016,0.0
669017,0.0
669018,0.0
669019,0.0
669020,0.0
669021,0.0
669022,0.0
669023,0.0
669024,0.0
669025,0.0
669026,0.0
669027,8.765394e-36
669028,0.0
669029,0.0
669030,0.0
669031,0.0
669032,0.0
669033,0.0
669034,0.0
669035,0.0
669036,0.0
669037,0.0
669038,0.0
669039,0.0
669040,0.0
669041,0.0
669042,0.0
669043,0.0
669044,0.0
669045,0.0
669046,0.0
669047,0.0
669048,0.0
669049,0.0
669050,0.0
669051,0.0
669052,0.0
669053,0.0
669054,0.0
669055,0.0
669056,0.0
669057,0.0
669058,0.0
669059,0.0
669060,0.0
669061,0.0
669062,0.0
669063,0.0
669064,0.0
669065,0.0
669066,0.0
669067,0.0
669068,0.0
669069,0.0
669070,0.0
669071,0.0
669072,0.0
669073,0.0
669074,0.0
669075,0.0
669076,0.0
669077,0.0
669078,0.0
669079,0.0
669080,0.0
669081,0.0
669082,0.0
669083,0.0
669084,0.0
669085,0.0
669086,0.0
669087,0.0
669088,0.0
669089,0.0
669090,0.0
669091,0.0
669092,0.0
669093,0.0
669094,0.0
669095,0.0
669096,0.0
669097,0.0
669098,8.866214e-36
669099,0.0
669100,0.0
669101,0.0
669102,0.0
669103,0.0
669104,0.0
669105,0.0
669106,0.0
669107,0.0
669108,0.0
669109,0.0
669110,0.0
669111,0.0
669112,0.0
669113,0.0
669114,0.0
669115,0.0
669116,0.0
669117,0.0
669118,0.0
669119,0.0
669120,0.0
669121,0.0
669122,0.0
669123,0.0
669124,0.0
669125,0.0
669126,0.0
669127,0.0
669128,0.0
669129,0.0
669130,0.0
669131,0.0
669132,0.0
669133,0.0
669134,0.0
669135,0.0
669136,0.0
669137,0.0
669138,0.0
669139,0.0
669140,0.0
669141,0.0
669142,0.0
669143,0.0
669144,0.0
669145,0.0
669146,0.0
669147,0.0
669148,0.0
669149,0.0
669150,0.0
669151,0.0
669152,0.0
669153,0.0
669154,0.0
669155,0.0
669156,0.0
669157,0.0
669158,0.0
669159,0.0
669160,0.0
669161,0.0
669162,0.0
669163,0.0
669164,0.0
669165,3.4417702e-05
669166,0.0
669167,0.0
669168,0.0
669169,0.0
669170,0.0
669171,0.0
669172,0.0
669173,0.0
669174,0.0
669175,0.0
669176,0.0
669177,0.0
669178,0.0
669179,0.0
669180,0.0
669181,0.0
669182,0.0
669183,0.0
669184,0.0
669185,0.0
669186,0.0
669187,0.0
669188,0.0
669189,0.0
669190,0.0
669191,0.0
669192,0.0
669193,0.0
669194,0.0
669195,0.0
669196,0.0
669197,0.0
669198,0.0
669199,0.0
669200,0.0
669201,0.0
669202,0.0
669203,0.0
669204,0.0
669205,0.0
669206,0.0
669207,0.0
669208,0.0
669209,0.0
669210,0.0
669211,0.0
669212,0.0
669213,0.0
669214,0.0
669215,0.0
669216,0.0
669217,0.0
669218,0.0
669219,0.0
669220,0.0
669221,0.0
669222,0.0
669223,0.0
669224,0.0
669225,0.0
669226,0.0
669227,6.961288e-38
669228,0.0
669229,0.0
669230,0.0
669231,0.0
669232,0.0
669233,0.0
669234,0.0
669235,0.0
669236,0.0
669237,0.0
669238,0.0
669239,0.0
669240,0.0
669241,0.0
669242,0.0
669243,0.0
669244,0.0
669245,0.0
669246,0.0
669247,0.0
669248,0.0
669249,0.0
669250,0.0
669251,0.0
669252,0.0
669253,0.0
669254,0.0
669255,0.0
669256,0.0
669257,0.0
669258,0.0
669259,0.0
669260,0.0
669261,0.0
669262,0.0
669263,0.0
669264,0.0
669265,0.0
669266,0.0
669267,0.0
669268,0.0
669269,0.0
669270,0.0
669271,0.0
669272,0.0
669273,0.0
669274,0.0
669275,0.0
669276,0.0
669277,0.0
669278,0.0
669279,0.0
669280,0.0
669281,0.0
669282,0.0
669283,0.0
669284,0.0
669285,0.0
669286,0.0
669287,0.0
669288,0.0
669289,0.0
669290,0.0
669291,0.0
669292,0.0
669293,0.0
669294,0.0
669295,0.0
669296,0.0
669297,0.0
669298,0.0
669299,0.0
669300,0.0
669301,0.0
669302,0.0
669303,0.0
669304,0.0
669305,0.0
669306,0.0
669307,0.0
669308,0.0
669309,0.0
669310,0.0
669311,0.0
669312,0.0
669313,0.0
669314,0.0
669315,0.0
669316,0.0
669317,0.0
669318,0.0
669319,0.0
669320,0.0
669321,0.0
669322,0.0
669323,0.0
669324,0.0
669325,0.0
669326,0.0
669327,0.0
669328,0.0
669329,0.0
669330,0.0
669331,0.0
669332,0.0
669333,0.0
669334,0.0
669335,0.0
669336,0.0
669337,0.0
669338,0.0
669339,0.0
669340,0.0
669341,0.0
669342,0.0
669343,0.0
669344,0.0
669345,0.0
669346,0.0
669347,0.0
669348,0.0
669349,0.0
669350,0.0
669351,0.0
669352,0.0
669353,0.0
669354,0.0
669355,0.0
669356,0.0
669357,0.0
669358,0.0
669359,0.0
669360,0.0
669361,0.0
669362,0.0
669363,0.0
669364,0.0
669365,0.0
669366,0.0
669367,0.0
669368,0.0
669369,0.0
669370,0.0
669371,0.0
669372,0.0
669373,0.0
669374,0.0
669375,0.0
669376,0.0
669377,0.0
669378,0.0
669379,0.0
669380,0.0
669381,0.0
669382,0.0
669383,0.0
669384,0.0
669385,0.0
669386,0.0
669387,0.0
669388,0.0
669389,0.0
669390,0.0
669391,0.0
669392,0.0
669393,0.0
669394,0.0
669395,0.0
669396,0.0
669397,0.0
669398,0.0
669399,0.0
669400,0.0
669401,0.0
669402,0.0
669403,0.0
669404,0.0
669405,0.0
669406,1.8072103e-17
669407,0.0
669408,0.0
669409,0.0
669410,0.0
669411,0.0
669412,0.0
669413,0.0
669414,0.0
669415,0.0
669416,0.0
669417,0.0
669418,0.0
669419,0.0
669420,0.0
669421,0.0
669422,0.0
669423,0.0
669424,0.0
669425,0.0
669426,0.0
669427,0.0
669428,0.0
669429,0.0
669430,0.0
669431,0.0
669432,0.0
669433,0.0
669434,0.0
669435,0.0
669436,0.0
669437,0.0
669438,0.0
669439,0.0
669440,0.0
669441,0.0
669442,0.0
669443,0.0
669444,0.0
669445,0.0
669446,0.0
669447,0.0
669448,0.0
669449,0.0
669450,0.0
669451,0.0
669452,0.0
669453,0.0
669454,0.0
669455,0.0
669456,0.0
669457,0.0
669458,0.0
669459,0.0
669460,0.0
669461,0.0
669462,0.0
669463,0.0
669464,0.0
669465,0.0
669466,0.0
669467,0.0
669468,0.0
669469,0.0
669470,0.0
669471,0.0
669472,0.0
669473,0.0
669474,0.0
669475,0.0
669476,0.0
669477,0.0
669478,0.0
669479,0.0
669480,0.0
669481,0.0
669482,0.0
669483,0.0
669484,0.0
669485,0.0
669486,0.0
669487,0.0
669488,0.0
669489,0.0
669490,0.0
669491,0.0
669492,0.0
669493,0.0
669494,0.0
669495,0.0
669496,0.0
669497,0.0
669498,0.0
669499,0.0
669500,0.0
669501,0.0
669502,0.0
669503,0.0
669504,0.0
669505,0.0
669506,0.0
669507,0.0
669508,0.0
669509,0.0
669510,0.0
669511,0.0
669512,0.0
669513,0.0
669514,0.0
669515,0.0
669516,0.0
669517,0.0
669518,0.0
669519,0.0
669520,0.0
669521,0.0
669522,0.0
669523,0.0
669524,0.0
669525,0.0
669526,0.0
669527,0.0
669528,0.0
669529,0.0
669530,0.0
669531,0.0
669532,0.0
669533,0.0
669534,0.0
669535,0.0
669536,0.0
669537,0.0
669538,0.0
669539,0.0
669540,0.0
669541,0.0
669542,0.0
669543,0.0
669544,0.0
669545,0.0
669546,0.0
669547,0.0
669548,0.0
669549,0.0
669550,0.0
669551,0.0
669552,0.0
669553,0.0
669554,0.0
669555,0.0
669556,0.0
669557,0.0
669558,0.0
669559,0.0
669560,0.0
669561,0.0
669562,0.0
669563,0.0
669564,0.0
669565,0.0
669566,0.0
669567,0.0
669568,0.0
669569,0.0
669570,0.0
669571,0.0
669572,0.0
669573,0.0
669574,0.0
669575,0.0
669576,2.656574e-19
669577,0.0
669578,0.0
669579,0.0
669580,0.0
669581,0.0
669582,0.0
669583,0.0
669584,0.0
669585,0.0
669586,0.0
669587,0.0
669588,0.0
669589,0.0
669590,0.0
669591,0.0
669592,0.0
669593,0.0
669594,0.0
669595,0.0
669596,0.0
669597,0.0
669598,0.0
669599,0.0
669600,0.0
669601,0.0
669602,0.0
669603,0.0
669604,0.0
669605,0.0
669606,0.0
669607,0.0
669608,0.0
669609,0.0
669610,0.0
669611,0.0
669612,0.0
669613,0.0
669614,0.0
669615,0.0
669616,0.0
669617,0.0
669618,0.0
669619,0.0
669620,0.0
669621,0.0
669622,0.0
669623,0.0
669624,0.0
669625,0.0
669626,0.0
669627,0.0
669628,0.0
669629,0.0
669630,0.0
669631,0.0
669632,0.0
669633,0.0
669634,0.0
669635,0.0
669636,0.0
669637,0.0
669638,0.0
669639,0.0
669640,0.0
669641,0.0
669642,0.0
669643,0.0
669644,0.0
669645,0.0
669646,0.0
669647,0.0
669648,0.0
669649,0.0
669650,0.0
669651,0.0
669652,0.0
669653,0.0
669654,0.0
669655,0.0
669656,0.0
669657,0.0
669658,0.0
669659,0.0
669660,0.0
669661,2.3589583e-07
669662,0.0
669663,0.0
669664,0.0
669665,0.0
669666,0.0
669667,0.0
669668,0.0
669669,0.0
669670,0.0
669671,0.0
669672,0.0
669673,0.0
669674,0.0
669675,0.0
669676,0.0
669677,0.0
669678,0.0
669679,0.0
669680,0.0
669681,0.0
669682,0.0
669683,0.0
669684,0.0
669685,0.0
669686,0.0
669687,0.0
669688,0.0
669689,0.0
669690,0.0
669691,0.0
669692,0.0
669693,0.0
669694,0.0
669695,0.0
669696,0.0
669697,0.0
669698,0.0
669699,0.0
669700,0.0
669701,0.0
669702,0.0
669703,0.0
669704,0.0
669705,0.0
669706,0.0
669707,0.0
669708,0.0
669709,0.0
669710,0.0
669711,0.0
669712,0.0
669713,0.0
669714,0.0
669715,0.0
669716,0.0
669717,0.0
669718,0.0
669719,0.0
669720,0.0
669721,0.0
669722,0.0
669723,0.0
669724,0.0
669725,0.0
669726,0.0
669727,0.0
669728,0.0
669729,0.0
669730,0.0
669731,0.0
669732,0.0
669733,0.0
669734,0.0
669735,0.0
669736,0.0
669737,0.0
669738,0.0
669739,0.0
669740,0.0
669741,0.0
669742,0.0
669743,0.0
669744,0.0
669745,0.0
669746,0.0
669747,0.0
669748,0.0
669749,0.0
669750,0.0
669751,0.0
669752,0.0
669753,0.0
669754,0.0
669755,0.0
669756,0.0
669757,0.0
669758,0.0
669759,0.0
669760,0.0
669761,0.0
669762,0.0
669763,0.0
669764,0.0
669765,0.0
669766,0.0
669767,0.0
669768,0.0
669769,0.0
669770,0.0
669771,0.0
669772,0.0
669773,0.0
669774,0.0
669775,0.0
669776,4.7825594e-11
669777,0.0
669778,0.0
669779,0.0
669780,0.0
669781,0.0
669782,0.0
669783,0.0
669784,0.0
669785,0.0
669786,0.0
669787,0.0
669788,0.0
669789,0.0
669790,0.0
669791,0.0
669792,0.0
669793,0.0
669794,0.0
669795,0.0
669796,0.0
669797,0.0
669798,0.0
669799,0.0
669800,0.0
669801,0.0
669802,0.0
669803,0.0
669804,0.0
669805,0.0
669806,0.0
669807,0.0
669808,0.0
669809,0.0
669810,0.0
669811,0.0
669812,0.0
669813,0.0
669814,0.0
669815,0.0
669816,0.0
669817,0.0
669818,0.0
669819,0.0
669820,0.0
669821,0.0
669822,0.0
669823,0.0
669824,0.0
669825,0.0
669826,0.0
669827,0.0
669828,0.0
669829,0.0
669830,0.0
669831,0.0
669832,0.0
669833,0.0
669834,0.0
669835,0.0
669836,0.0
669837,0.0
669838,0.0
669839,0.0
669840,0.0
669841,0.0
669842,0.0
669843,0.0
669844,0.0
669845,0.0
669846,0.0
669847,0.0
669848,0.0
669849,0.0
669850,0.0
669851,0.0
669852,3.5856804e-09
669853,0.0
669854,0.0
669855,0.0
669856,0.0
669857,0.0
669858,0.0
669859,0.0
669860,0.0
669861,0.0
669862,0.0
669863,0.0
669864,0.0
669865,0.0
669866,0.0
669867,0.0
669868,0.0
669869,0.0
669870,0.0
669871,0.0
669872,0.0
669873,0.0
669874,0.0
669875,0.0
669876,0.0
669877,0.0
669878,0.0
669879,0.0
669880,0.0
669881,0.0
669882,0.0
669883,0.0
669884,0.0
669885,0.0
669886,0.0
669887,0.0
669888,0.0
669889,0.0
669890,0.0
669891,0.0
669892,0.0
669893,0.0
669894,0.0
669895,0.0
669896,0.0
669897,0.0
669898,0.0
669899,0.0
669900,0.0
669901,0.0
669902,0.0
669903,0.0
669904,0.0
669905,0.0
669906,0.0
669907,0.0
669908,0.0
669909,0.0
669910,0.0
669911,0.0
669912,0.0
669913,0.0
669914,0.0
669915,0.0
669916,0.0
669917,0.0
669918,0.0
669919,0.0
669920,0.0
669921,0.0
669922,0.0
669923,0.0
669924,0.0
669925,0.0
669926,0.0
669927,0.0
669928,0.0
669929,0.0
669930,0.0
669931,0.0
669932,0.0
669933,3.582524e-07
669934,0.0
669935,0.0
669936,0.0
669937,0.0
669938,0.0
669939,0.0
669940,0.0
669941,0.0
669942,0.0
669943,0.0
669944,0.0
669945,0.0
669946,0.0
669947,0.0
669948,0.0
669949,0.0
669950,0.0
669951,0.0
669952,0.0
669953,0.0
669954,0.0
669955,0.0
669956,0.0
669957,0.0
669958,0.0
669959,0.0
669960,0.0
669961,0.0
669962,0.0
669963,0.0
669964,0.0
669965,0.0
669966,0.0
669967,0.0
669968,0.0
669969,0.0
669970,0.0
669971,0.0
669972,0.0
669973,0.0
669974,0.0
669975,0.0
669976,0.0
669977,0.0
669978,0.0
669979,0.0
669980,0.0
669981,1.8151571e-38
669982,0.0
669983,0.0
669984,0.0
669985,0.0
669986,0.0
669987,0.0
669988,0.0
669989,0.0
669990,0.0
669991,0.0
669992,0.0
669993,0.0
669994,0.0
669995,0.0
669996,0.0
669997,0.0
669998,0.0
669999,0.0
670000,0.0
670001,0.0
670002,0.0
670003,0.0
670004,0.0
670005,0.0
670006,0.0
670007,0.0
670008,0.0
670009,0.0
670010,0.0
670011,0.0
670012,0.0
670013,0.0
670014,0.0
670015,0.0
670016,0.0
670017,0.0
670018,0.0
670019,0.0
670020,0.0
670021,0.0
670022,0.0
670023,0.0
670024,0.0
670025,0.0
670026,0.0
670027,0.0
670028,0.0
670029,0.0
670030,0.0
670031,0.0
670032,0.0
670033,0.0
670034,0.0
670035,0.0
670036,0.0
670037,0.0
670038,0.0
670039,0.0
670040,0.0
670041,0.0
670042,0.0
670043,0.0
670044,0.0
670045,0.0
670046,0.0
670047,0.0
670048,0.0
670049,0.0
670050,0.0
670051,0.0
670052,0.0
670053,0.0
670054,0.0
670055,0.0
670056,0.0
670057,0.0
670058,0.0
670059,0.0
670060,0.0
670061,0.0
670062,0.0
670063,0.0
670064,0.0
670065,0.0
670066,0.0
670067,0.0
670068,0.0
670069,0.0
670070,0.0
670071,0.0
670072,0.0
670073,0.0
670074,0.0
670075,0.0
670076,0.0
670077,0.0
670078,0.0
670079,0.0
670080,0.0
670081,0.0
670082,0.0
670083,0.0
670084,0.0
670085,0.0
670086,0.0
670087,0.0
670088,0.0
670089,0.0
670090,0.0
670091,0.0
670092,0.0
670093,0.0
670094,0.0
670095,0.0
670096,0.0
670097,0.0
670098,0.0
670099,0.0
670100,0.0
670101,0.0
670102,0.0
670103,0.0
670104,0.0
670105,0.0
670106,0.0
670107,0.0
670108,0.0
670109,0.0
670110,0.0
670111,0.0
670112,0.0
670113,0.0
670114,0.0
670115,0.0
670116,0.0
670117,0.0
670118,0.0
670119,0.0
670120,0.0
670121,0.0
670122,0.0
670123,0.0
670124,0.0
670125,0.0
670126,0.0
670127,0.0
670128,0.0
670129,0.0
670130,0.0
670131,0.0
670132,0.0
670133,0.0
670134,0.0
670135,0.0
670136,0.0
670137,0.0
670138,0.0
670139,0.0
670140,0.0
670141,0.0
670142,0.0
670143,0.0
670144,0.0
670145,0.0
670146,0.0
670147,0.0
670148,0.0
670149,0.0
670150,0.0
670151,0.0
670152,0.0
670153,0.0
670154,0.0
670155,0.0
670156,0.0
670157,0.0
670158,0.0
670159,0.0
670160,0.0
670161,0.0
670162,0.0
670163,0.0
670164,0.0
670165,0.0
670166,0.0
670167,0.0
670168,0.0
670169,0.0
670170,0.0
670171,0.0
670172,0.0
670173,0.0
670174,0.0
670175,0.0
670176,0.0
670177,0.0
670178,0.0
670179,0.0
670180,0.0
670181,0.0
670182,0.0
670183,0.0
670184,0.0
670185,0.0
670186,0.0
670187,0.0
670188,0.0
670189,0.0
670190,0.0
670191,0.0
670192,0.0
670193,0.0
670194,0.0
670195,0.0
670196,0.0
670197,0.0
670198,0.0
670199,0.0
670200,0.0
670201,0.0
670202,0.0
670203,0.0
670204,0.0
670205,0.0
670206,0.0
670207,0.0
670208,0.0
670209,0.0
670210,0.0
670211,0.0
670212,0.0
670213,0.0
670214,0.0
670215,0.0
670216,0.0
670217,0.0
670218,0.0
670219,0.0
670220,0.0
670221,0.0
670222,0.0
670223,0.0
670224,0.0
670225,0.0
670226,0.0
670227,0.0
670228,0.0
670229,0.0
670230,0.0
670231,0.0
670232,0.0
670233,0.0
670234,1.2665918e-27
670235,0.0
670236,0.0
670237,0.0
670238,0.0
670239,0.0
670240,0.0
670241,0.0
670242,0.0
670243,0.0
670244,0.0
670245,0.0
670246,0.0
670247,0.0
670248,0.0
670249,0.0
670250,0.0
670251,0.0
670252,0.0
670253,0.0
670254,0.0
670255,0.0
670256,0.0
670257,0.0
670258,0.0
670259,0.0
670260,0.0
670261,0.0
670262,0.0
670263,0.0
670264,0.0
670265,0.0
670266,0.0
670267,0.0
670268,0.0
670269,0.0
670270,0.0
670271,0.0
670272,0.0
670273,0.0
670274,0.0
670275,0.0
670276,0.0
670277,0.0
670278,0.0
670279,0.0
670280,0.0
670281,0.0
670282,0.0
670283,0.0
670284,0.0
670285,0.0
670286,0.0
670287,0.0
670288,0.0
670289,0.0
670290,0.0
670291,0.0
670292,0.0
670293,0.0
670294,0.0
670295,0.0
670296,0.0
670297,0.0
670298,0.0
670299,0.0
670300,0.0
670301,0.0
670302,0.0
670303,0.0
670304,0.0
670305,0.0
670306,0.0
670307,0.0
670308,0.0
670309,0.0
670310,0.0
670311,0.0
670312,0.0
670313,0.0
670314,0.0
670315,0.0
670316,0.0
670317,0.0
670318,0.0
670319,0.0
670320,0.0
670321,0.0
670322,0.0
670323,0.0
670324,0.0
670325,0.0
670326,0.0
670327,0.0
670328,0.0
670329,0.0
670330,0.0
670331,1.5959448e-27
670332,0.0
670333,0.0
670334,0.0
670335,0.0
670336,0.0
670337,0.0
670338,0.0
670339,0.0
670340,0.0
670341,0.0
670342,0.0
670343,0.0
670344,0.0
670345,0.0
670346,0.0
670347,0.0
670348,0.0
670349,0.0
670350,0.0
670351,0.0
670352,0.0
670353,0.0
670354,0.0
670355,0.0
670356,0.0
670357,0.0
670358,0.06475411
670359,0.0
670360,0.0
670361,0.0
670362,0.0
670363,0.0
670364,0.0
670365,0.0
670366,0.0
670367,0.0
670368,0.0
670369,0.0
670370,0.0
670371,0.0
670372,0.0
670373,0.0
670374,0.0
670375,0.0
670376,0.0
670377,0.0
670378,0.0
670379,0.0
670380,0.0
670381,0.0
670382,0.0
670383,0.0
670384,0.0
670385,0.0
670386,0.0
670387,0.0
670388,0.0
670389,0.0
670390,0.0
670391,0.0
670392,0.0
670393,0.0
670394,0.0
670395,0.0
670396,0.0
670397,0.0
670398,0.0
670399,0.0
670400,0.0
670401,0.0
670402,0.0
670403,0.0
670404,0.0
670405,0.0
670406,0.0
670407,0.0
670408,0.0
670409,0.0
670410,0.0
670411,0.0
670412,0.0
670413,0.0
670414,0.0
670415,0.0
670416,0.0
670417,0.0
670418,0.0
670419,0.0
670420,0.0
670421,0.0
670422,0.0
670423,0.0
670424,0.0
670425,0.0
670426,0.0
670427,0.0
670428,0.0
670429,0.0
670430,0.0
670431,0.0
670432,0.0
670433,0.0
670434,0.0
670435,0.0
670436,0.0
670437,0.0
670438,0.0
670439,0.0
670440,0.0
670441,0.0
670442,0.0
670443,0.0
670444,0.0
670445,0.0
670446,0.0
670447,0.0
670448,0.0
670449,0.0
670450,0.0
670451,0.0
670452,0.0
670453,0.0
670454,0.0
670455,0.0
670456,0.0
670457,0.0
670458,0.0
670459,0.0
670460,0.0
670461,0.0
670462,0.0
670463,0.0
670464,0.0
670465,0.0
670466,0.0
670467,3.3455165e-14
670468,0.0
670469,0.0
670470,0.0
670471,0.0
670472,0.0
670473,0.0
670474,0.0
670475,0.0
670476,0.0
670477,0.0
670478,0.0
670479,0.0
670480,0.0
670481,0.0
670482,0.0
670483,0.0
670484,0.0
670485,0.0
670486,0.0
670487,0.0
670488,0.0
670489,0.0
670490,0.0
670491,0.0
670492,0.0
670493,0.0
670494,0.0
670495,0.0
670496,0.0
670497,0.0
670498,0.0
670499,0.0
670500,0.0
670501,0.0
670502,0.0
670503,0.0
670504,0.0
670505,0.0
670506,0.0
670507,0.0
670508,0.0
670509,0.0
670510,0.0
670511,0.0
670512,0.0
670513,0.0
670514,0.0
670515,0.0
670516,0.0
670517,0.0
670518,0.0
670519,0.0
670520,0.0
670521,0.0
670522,0.0
670523,0.0
670524,1.5045886e-23
670525,0.0
670526,0.0
670527,0.0
670528,0.0
670529,0.0
670530,0.0
670531,0.0
670532,0.0
670533,0.0
670534,0.0
670535,0.0
670536,0.0
670537,0.0
670538,0.0
670539,0.0
670540,0.0
670541,0.0
670542,0.0
670543,0.0
670544,0.0
670545,0.0
670546,0.0
670547,0.0
670548,0.0
670549,0.0
670550,0.0
670551,0.0
670552,0.0
670553,0.0
670554,0.0
670555,0.0
670556,0.0
670557,0.0
670558,0.0
670559,0.0
670560,0.0
670561,0.0
670562,0.0
670563,0.0
670564,0.0
670565,0.0
670566,0.0
670567,0.0
670568,0.0
670569,0.0
670570,0.0
670571,0.0
670572,0.0
670573,0.0
670574,0.0
670575,0.0
670576,0.0
670577,0.0
670578,0.0
670579,0.0
670580,0.0
670581,0.0
670582,0.0
670583,0.0
670584,0.0
670585,0.0
670586,0.0
670587,0.0
670588,0.0
670589,0.0
670590,0.0
670591,0.0
670592,0.0
670593,0.0
670594,0.0
670595,0.0
670596,0.0
670597,0.0
670598,0.0
670599,0.0
670600,0.0
670601,0.0
670602,0.0
670603,0.0
670604,0.0
670605,0.0
670606,0.0
670607,0.0
670608,0.0
670609,0.0
670610,0.0
670611,0.0
670612,0.0
670613,0.0
670614,0.0
670615,0.0
670616,0.0
670617,0.0
670618,0.0
670619,0.0
670620,0.0
670621,8.727373e-14
670622,0.0
670623,0.0
670624,0.0
670625,0.0
670626,0.0
670627,0.0
670628,0.0
670629,0.0
670630,0.0
670631,0.0
670632,0.0
670633,0.0
670634,0.0
670635,0.0
670636,0.0
670637,0.0
670638,0.0
670639,0.0
670640,0.0
670641,0.0
670642,0.0
670643,0.0
670644,0.0
670645,0.0
670646,0.0
670647,0.0
670648,0.0
670649,0.0
670650,0.0
670651,0.0
670652,0.0
670653,0.0
670654,0.0
670655,0.0
670656,0.0
670657,0.0
670658,0.0
670659,0.0
670660,0.0
670661,0.0
670662,0.0
670663,0.0
670664,0.0
670665,0.0
670666,0.0
670667,0.0
670668,0.0
670669,0.0
670670,0.0
670671,0.0
670672,0.0
670673,0.0
670674,0.0
670675,0.0
670676,0.0
670677,0.0
670678,0.0
670679,0.0
670680,0.0
670681,0.0
670682,0.0
670683,0.0
670684,0.0
670685,0.0
670686,0.0
670687,0.0
670688,0.0
670689,0.0
670690,0.0
670691,0.0
670692,0.0
670693,0.0
670694,0.0
670695,0.0
670696,0.0
670697,0.0
670698,0.0
670699,0.0
670700,0.0
670701,0.0
670702,0.0
670703,0.0
670704,0.0
670705,0.0
670706,0.0
670707,0.0
670708,0.0
670709,0.0
670710,0.0
670711,0.0
670712,0.0
670713,0.0
670714,0.0
670715,0.0
670716,0.0
670717,0.0
670718,0.0
670719,0.0
670720,0.0
670721,0.0
670722,0.0
670723,0.0
670724,0.0
670725,0.0
670726,0.0
670727,0.0
670728,0.0
670729,0.0
670730,0.0
670731,0.0
670732,0.0
670733,0.0
670734,0.0
670735,0.0
670736,0.0
670737,0.0
670738,0.0
670739,0.0
670740,0.0
670741,0.0
670742,0.0
670743,0.0
670744,0.0
670745,0.0
670746,0.0
670747,0.0
670748,4.034455e-29
670749,0.0
670750,0.0
670751,0.0
670752,0.0
670753,0.0
670754,0.0
670755,0.0
670756,0.0
670757,0.0
670758,0.0
670759,0.0
670760,0.0
670761,0.0
670762,0.0
670763,0.0
670764,0.0
670765,0.0
670766,0.0
670767,0.0
670768,0.0
670769,0.0
670770,0.0
670771,0.0
670772,0.0
670773,0.0
670774,0.0
670775,0.0
670776,0.0
670777,0.0
670778,0.0
670779,0.0
670780,0.0
670781,0.0
670782,0.0
670783,0.0
670784,0.0
670785,0.0
670786,0.0
670787,0.0
670788,0.0
670789,0.0
670790,0.0
670791,0.0
670792,0.0
670793,0.0
670794,0.0
670795,0.0
670796,0.0
670797,0.0
670798,0.0
670799,0.0
670800,0.0
670801,0.0
670802,0.0
670803,0.0
670804,0.0
670805,0.0
670806,0.0
670807,0.0
670808,0.0
670809,0.0
670810,0.0
670811,0.0
670812,0.0
670813,0.0
670814,0.0
670815,0.0
670816,0.0
670817,0.0
670818,0.0
670819,0.0
670820,0.0
670821,0.0
670822,0.0
670823,0.0
670824,0.0
670825,0.0
670826,0.0
670827,0.0
670828,0.0
670829,0.0
670830,0.0
670831,0.0
670832,0.0
670833,0.0
670834,0.0
670835,0.0
670836,0.0
670837,0.0
670838,0.0
670839,0.0
670840,0.0
670841,0.0
670842,0.0
670843,0.0
670844,0.0
670845,0.0
670846,0.0
670847,0.0
670848,0.0
670849,0.0
670850,0.0
670851,0.0
670852,0.0
670853,0.0
670854,0.0
670855,0.0
670856,0.0
670857,0.0
670858,0.0
670859,0.0
670860,0.0
670861,0.0
670862,0.0
670863,0.0
670864,0.0
670865,0.0
670866,0.0
670867,0.0
670868,0.0
670869,0.0
670870,0.0
670871,0.0
670872,0.0
670873,0.0
670874,0.0
670875,0.0
670876,0.0
670877,0.0
670878,0.0
670879,0.0
670880,0.0
670881,0.0
670882,0.0
670883,9.040711e-05
670884,0.0
670885,0.0
670886,0.0
670887,0.0
670888,0.0
670889,0.0
670890,0.0
670891,0.0
670892,0.0
670893,0.0
670894,0.0
670895,0.0
670896,0.0
670897,0.0
670898,0.0
670899,0.0
670900,5.3232987e-36
670901,0.0
670902,0.0
670903,0.0
670904,0.0
670905,0.0
670906,0.0
670907,0.0
670908,0.0
670909,0.0
670910,0.0
670911,0.0
670912,0.0
670913,0.0
670914,0.0
670915,0.0
670916,0.0
670917,0.0
670918,0.0
670919,0.0
670920,0.0
670921,0.0
670922,0.0
670923,0.0
670924,0.0
670925,0.0
670926,0.0
670927,0.0
670928,0.0
670929,0.0
670930,0.0
670931,0.0
670932,0.0
670933,0.0
670934,0.0
670935,0.0
670936,0.0
670937,0.0
670938,0.00016173908
670939,0.0
670940,0.0
670941,0.0
670942,0.0
670943,0.0
670944,0.0
670945,0.0
670946,0.0
670947,0.0
670948,0.0
670949,0.0
670950,0.0
670951,0.0
670952,0.0
670953,0.0
670954,0.0
670955,0.0
670956,0.0
670957,0.0
670958,0.0
670959,0.0
670960,0.0
670961,0.0
670962,0.0
670963,0.0
670964,0.0
670965,0.0
670966,0.0
670967,0.0
670968,0.0
670969,0.0
670970,0.0
670971,0.0
670972,0.0
670973,0.0
670974,0.0
670975,0.0
670976,0.0
670977,0.0
670978,0.0
670979,0.0
670980,0.0
670981,0.0
670982,0.0
670983,0.0
670984,0.0
670985,0.0
670986,0.0
670987,0.0
670988,0.0
670989,0.0
670990,0.0
670991,0.0
670992,0.0
670993,0.0
670994,0.0
670995,0.0
670996,0.0
670997,0.0
670998,0.0
670999,0.0
671000,0.0
671001,0.0
671002,0.0
671003,0.0
671004,0.0
671005,0.0
671006,0.0
671007,0.0
671008,0.0
671009,0.0
671010,0.0
671011,0.0
671012,0.0
671013,0.0
671014,0.0
671015,0.0
671016,0.0
671017,0.0
671018,0.0
671019,0.0
671020,0.0
671021,0.0
671022,0.0
671023,0.0
671024,0.0
671025,0.0
671026,0.0
671027,0.23505613
671028,0.0
671029,0.0
671030,0.0
671031,0.0
671032,0.0
671033,0.0
671034,0.0
671035,0.0
671036,0.0
671037,0.0
671038,0.0
671039,0.0
671040,0.0
671041,0.0
671042,0.0
671043,0.0
671044,0.0
671045,0.0
671046,0.0
671047,0.0
671048,0.0
671049,0.0
671050,0.0
671051,0.0
671052,4.6224575e-36
671053,0.0
671054,0.0
671055,0.0
671056,0.0
671057,0.0
671058,0.0
671059,0.0
671060,0.0
671061,0.0
671062,0.0
671063,0.0
671064,0.0
671065,0.0
671066,0.0
671067,0.0
671068,0.0
671069,0.0
671070,0.0
671071,0.0
671072,0.0
671073,0.0
671074,0.0
671075,0.0
671076,0.0
671077,1.8665552e-10
671078,0.0
671079,0.0
671080,0.0
671081,0.0
671082,0.0
671083,0.0
671084,0.0
671085,0.0
671086,0.0
671087,0.0
671088,0.0
671089,0.0
671090,0.0
671091,0.0
671092,0.0
671093,0.0
671094,0.0
671095,0.0
671096,0.0
671097,0.0
671098,0.0
671099,0.0
671100,0.0
671101,0.0
671102,0.0
671103,0.0
671104,0.0
671105,0.0
671106,0.0
671107,0.0
671108,0.0
671109,0.0
671110,0.0
671111,0.0
671112,0.0
671113,0.0
671114,0.0
671115,0.0
671116,0.0
671117,0.0
671118,0.0
671119,0.0
671120,0.0
671121,0.0
671122,0.0
671123,0.0
671124,0.0
671125,0.0
671126,0.0
671127,0.0
671128,0.0
671129,0.0
671130,0.0
671131,0.0
671132,0.0
671133,0.0
671134,0.0
671135,0.0
671136,0.0
671137,0.0
671138,0.0
671139,0.0
671140,0.0
671141,0.0
671142,0.0
671143,0.0
671144,0.0
671145,0.0
671146,0.0
671147,0.0
671148,0.0
671149,0.0
671150,0.0
671151,0.0
671152,0.0
671153,0.0
671154,0.0
671155,0.0
671156,0.0
671157,0.0
671158,0.0
671159,0.0
671160,0.0
671161,0.0
671162,0.0
671163,0.0
671164,0.0
671165,0.0
671166,0.0
671167,0.0
671168,0.0
671169,0.0
671170,0.0
671171,0.0
671172,0.0
671173,0.0
671174,0.0
671175,0.0
671176,0.0
671177,0.0
671178,0.0
671179,0.0
671180,0.0
671181,0.0
671182,0.0
671183,0.0
671184,0.0
671185,0.0
671186,0.0
671187,0.0
671188,0.0
671189,0.0
671190,0.0
671191,0.0
671192,0.0
671193,0.0
671194,0.0
671195,0.0
671196,0.0
671197,0.0
671198,0.0
671199,0.0
671200,0.0
671201,0.0
671202,0.0
671203,0.0
671204,0.0
671205,0.0
671206,0.0
671207,0.0
671208,0.0
671209,0.0
671210,0.0
671211,0.0
671212,0.0
671213,0.0
671214,0.0
671215,0.0
671216,0.0
671217,0.0
671218,0.0
671219,0.0
671220,0.0
671221,0.0
671222,0.0
671223,0.0
671224,0.0
671225,0.0
671226,0.0
671227,0.0
671228,0.0
671229,0.0
671230,0.0
671231,0.0
671232,0.0
671233,0.0
671234,0.0
671235,0.0
671236,0.0
671237,0.0
671238,0.0
671239,0.0
671240,0.0
671241,0.0
671242,0.0
671243,0.0
671244,0.0
671245,0.0
671246,0.0
671247,0.0
671248,0.0
671249,9.5943444e-29
671250,0.0
671251,0.0
671252,0.0
671253,0.0
671254,0.0
671255,0.0
671256,0.0
671257,0.0
671258,0.0
671259,0.0
671260,0.0
671261,0.0
671262,0.0
671263,0.0
671264,0.0
671265,0.0
671266,0.0
671267,0.0
671268,0.0
671269,0.0
671270,0.0
671271,0.0
671272,0.0
671273,0.0
671274,0.0
671275,0.0
671276,0.0
671277,0.0
671278,0.0
671279,0.0
671280,0.0
671281,0.0
671282,0.0
671283,0.0
671284,0.0
671285,0.0
671286,0.0
671287,0.0
671288,0.0
671289,0.0
671290,0.0
671291,0.0
671292,0.0
671293,0.0
671294,0.0
671295,0.0
671296,0.0
671297,0.0
671298,0.0
671299,0.0
671300,0.0
671301,0.0
671302,0.0
671303,0.0
671304,0.0
671305,0.0
671306,0.0
671307,0.0
671308,0.0
671309,0.0
671310,0.0
671311,0.0
671312,0.0
671313,0.0
671314,0.0
671315,0.0
671316,0.0
671317,0.0
671318,0.0
671319,0.0
671320,0.0
671321,0.0
671322,0.0
671323,0.0
671324,0.0
671325,0.0
671326,0.0
671327,0.0
671328,0.0
671329,0.0
671330,0.0
671331,0.0
671332,0.0
671333,0.0
671334,0.0
671335,0.0
671336,0.0
671337,0.0
671338,0.0
671339,0.0
671340,0.0
671341,0.0
671342,0.0
671343,0.0
671344,0.0
671345,0.0
671346,0.0
671347,0.0
671348,0.0
671349,0.0
671350,0.0
671351,0.0
671352,0.0
671353,0.0
671354,0.0
671355,0.0
671356,0.0
671357,0.0
671358,0.0
671359,0.0
671360,0.0
671361,0.0
671362,0.0
671363,0.0
671364,0.0
671365,0.0
671366,0.0
671367,0.0
671368,0.0
671369,0.0
671370,0.0
671371,0.0
671372,0.0
671373,0.0
671374,0.0
671375,0.0
671376,0.0
671377,0.0
671378,0.0
671379,0.0
671380,0.0
671381,0.0
671382,0.0
671383,0.0
671384,0.0
671385,0.0
671386,0.0
671387,0.0
671388,0.0
671389,0.0
671390,0.0
671391,0.0
671392,0.0
671393,0.0
671394,0.0
671395,0.0
671396,0.0
671397,0.0
671398,0.0
671399,0.0
671400,0.0
671401,0.0
671402,0.0
671403,0.0
671404,0.0
671405,0.0
671406,0.0
671407,0.0
671408,0.0
671409,0.0
671410,0.0
671411,0.0
671412,0.0
671413,0.0
671414,0.0
671415,0.0
671416,0.0
671417,0.0
671418,0.0
671419,0.0
671420,0.0
671421,0.0
671422,0.0
671423,0.0
671424,1.4295676e-38
671425,0.0
671426,0.0
671427,0.0
671428,0.0
671429,0.0
671430,0.0
671431,2.1253185e-11
671432,0.0
671433,0.0
671434,0.0
671435,0.0
671436,0.0
671437,0.0
671438,0.0
671439,0.0
671440,0.0
671441,0.0
671442,0.0
671443,0.0
671444,0.0
671445,0.0
671446,0.0
671447,0.0
671448,0.0
671449,0.0
671450,0.0
671451,0.0
671452,0.0
671453,0.0
671454,0.0
671455,0.0
671456,0.0
671457,0.0
671458,0.0
671459,0.0
671460,0.0
671461,0.0
671462,0.0
671463,0.0
671464,0.0
671465,0.0
671466,0.0
671467,0.0
671468,0.0
671469,0.0
671470,0.0
671471,0.0
671472,0.0
671473,0.0
671474,0.0
671475,0.0
671476,0.0
671477,0.0
671478,0.0
671479,0.0
671480,0.0
671481,0.0
671482,0.0
671483,0.0
671484,0.0
671485,0.0
671486,0.0
671487,0.0
671488,0.0
671489,0.0
671490,0.0
671491,0.0
671492,0.0
671493,0.0
671494,0.0
671495,0.0
671496,0.0
671497,0.0
671498,0.0
671499,0.0
671500,0.0
671501,0.0
671502,0.0
671503,0.0
671504,0.0
671505,0.0
671506,0.0
671507,0.0
671508,0.0
671509,0.0
671510,0.0
671511,0.0
671512,0.0
671513,0.0
671514,0.0
671515,0.0
671516,0.0
671517,0.0
671518,0.0
671519,0.0
671520,0.0
671521,0.0
671522,0.0
671523,0.0
671524,0.0
671525,0.0
671526,0.0
671527,0.0
671528,0.0
671529,0.0
671530,0.0
671531,0.0
671532,0.0
671533,0.0
671534,0.0
671535,0.0
671536,0.0
671537,0.0
671538,0.0
671539,0.0
671540,0.0
671541,0.0
671542,0.0
671543,0.0
671544,0.0
671545,0.0
671546,0.0
671547,0.0
671548,0.0
671549,0.0
671550,0.0
671551,0.0
671552,0.0
671553,0.0
671554,0.0
671555,0.0
671556,0.0
671557,0.0
671558,0.0
671559,0.0
671560,0.0
671561,0.0
671562,0.0
671563,0.0
671564,0.0
671565,0.0
671566,0.0
671567,0.0
671568,0.0
671569,0.0
671570,0.0
671571,0.0
671572,0.0
671573,4.3453843e-34
671574,0.0
671575,0.0
671576,0.0
671577,1.3202872e-26
671578,0.0
671579,0.0
671580,2.6917885e-26
671581,0.0
671582,0.0
671583,0.0
671584,0.0
671585,0.0
671586,0.0
671587,0.0
671588,0.0
671589,0.0
671590,0.0
671591,0.0
671592,0.0
671593,0.0
671594,0.0
671595,0.0
671596,0.0
671597,0.0
671598,0.0
671599,0.0
671600,0.0
671601,0.0
671602,0.0
671603,0.0
671604,0.0
671605,0.0
671606,0.0
671607,0.0
671608,0.0
671609,0.0
671610,0.0
671611,0.0
671612,0.0
671613,0.0
671614,0.0
671615,0.0
671616,0.0
671617,0.0
671618,0.0
671619,0.0
671620,0.0
671621,0.0
671622,0.0
671623,0.0
671624,0.0
671625,0.0
671626,0.0
671627,0.0
671628,0.0
671629,0.0
671630,0.0
671631,0.0
671632,0.0
671633,0.0
671634,0.0
671635,0.0
671636,0.0
671637,0.0
671638,0.0
671639,0.0
671640,0.0
671641,0.0
671642,0.0
671643,0.0
671644,0.0
671645,0.0
671646,0.0
671647,0.0
671648,0.0
671649,0.0
671650,0.0
671651,0.0
671652,0.0
671653,0.0
671654,0.0
671655,0.0
671656,0.0
671657,0.0
671658,0.0
671659,0.0
671660,0.0
671661,0.0
671662,0.0
671663,0.0
671664,0.36242384
671665,0.0
671666,0.0
671667,0.0
671668,0.0
671669,0.0
671670,0.0
671671,0.0
671672,0.0
671673,0.0
671674,0.0
671675,0.0
671676,0.0
671677,0.0
671678,0.0
671679,0.0
671680,0.0
671681,0.0
671682,0.0
671683,0.0
671684,0.0
671685,0.0
671686,0.0
671687,0.0
671688,0.0
671689,0.0
671690,0.0
671691,0.0
671692,0.0
671693,0.0
671694,0.0
671695,0.0
671696,0.0
671697,0.0
671698,0.0
671699,0.0
671700,0.0
671701,0.0
671702,0.0
671703,0.0
671704,0.0
671705,0.0
671706,0.0
671707,0.0
671708,0.0
671709,0.0
671710,0.0
671711,0.0
671712,0.0
671713,0.0
671714,0.0
671715,0.0
671716,0.0
671717,0.0
671718,0.0
671719,0.0
671720,0.0
671721,0.0
671722,0.0
671723,0.0
671724,0.0
671725,0.0
671726,0.0
671727,0.0
671728,0.0
671729,0.0
671730,0.0
671731,0.0
671732,0.0
671733,0.0
671734,0.0
671735,0.0
671736,0.0
671737,0.0
671738,0.0
671739,0.0
671740,0.0
671741,0.0
671742,0.0
671743,0.0
671744,0.0
671745,0.0
671746,0.0
671747,0.0
671748,0.0
671749,0.0
671750,0.0
671751,0.0
671752,0.0
671753,0.0
671754,0.0
671755,0.0
671756,0.0
671757,0.0
671758,0.0
671759,0.0
671760,0.0
671761,0.0
671762,0.0
671763,0.0
671764,0.0
671765,0.0
671766,0.0
671767,0.0
671768,0.0
671769,0.0
671770,0.0
671771,0.0
671772,0.0
671773,0.0
671774,0.0
671775,0.0
671776,0.0
671777,0.0
671778,0.0
671779,0.0
671780,0.0
671781,0.0
671782,0.0
671783,0.0
671784,0.0
671785,0.0
671786,0.0
671787,0.0
671788,0.0
671789,0.0
671790,0.0
671791,0.0
671792,0.0
671793,0.0
671794,0.0
671795,0.0
671796,2.2327155e-38
671797,0.0
671798,0.0
671799,0.0
671800,0.0
671801,0.0
671802,0.0
671803,0.0
671804,0.0
671805,0.0
671806,0.0
671807,0.0
671808,0.0
671809,0.0
671810,0.0
671811,0.0
671812,0.0
671813,0.0
671814,0.0
671815,0.0
671816,0.0
671817,0.0
671818,0.0
671819,0.0
671820,0.0
671821,0.0
671822,0.0
671823,0.0
671824,0.0
671825,0.0
671826,0.0
671827,0.0
671828,0.0
671829,0.0
671830,0.0
671831,0.0
671832,0.0
671833,0.0
671834,0.0
671835,0.0
671836,3.3403568e-15
671837,0.0
671838,0.0
671839,0.0
671840,0.0
671841,0.0
671842,0.0
671843,0.0
671844,0.0
671845,0.0
671846,0.0
671847,0.0
671848,0.0
671849,0.0
671850,0.0
671851,0.0
671852,0.0
671853,0.0
671854,0.0
671855,0.0
671856,0.0
671857,0.0
671858,0.0
671859,0.0
671860,0.0
671861,0.0
671862,0.0
671863,0.0
671864,0.0
671865,0.0
671866,0.0
671867,0.0
671868,0.0
671869,0.0
671870,0.0
671871,0.004858835
671872,0.0
671873,0.0
671874,0.0
671875,0.0
671876,0.0
671877,0.0
671878,0.0
671879,0.0
671880,0.0
671881,0.0
671882,0.0
671883,0.0
671884,0.0
671885,0.0
671886,0.0
671887,0.0
671888,0.0
671889,0.0
671890,0.0
671891,0.0
671892,0.0
671893,0.0
671894,0.0
671895,0.0
671896,0.0
671897,0.0
671898,0.0
671899,0.0
671900,0.0
671901,0.0
671902,0.0
671903,0.0
671904,0.0
671905,0.0
671906,0.0
671907,0.0
671908,0.0
671909,0.0
671910,0.0
671911,0.0
671912,0.0
671913,0.0
671914,0.0
671915,0.0
671916,0.0
671917,0.0
671918,0.0
671919,0.0
671920,0.0
671921,0.0
671922,0.0
671923,1.2378892e-26
671924,0.0
671925,0.0
671926,0.0
671927,0.0
671928,0.0
671929,0.0
671930,0.0
671931,0.0
671932,0.0
671933,0.0
671934,0.0
671935,0.0
671936,0.0
671937,0.0
671938,0.0
671939,0.0
671940,0.0
671941,0.0
671942,0.0
671943,0.0
671944,0.0
671945,0.0
671946,0.0
671947,0.0
671948,0.0
671949,0.0
671950,0.0
671951,0.0
671952,0.0
671953,0.0
671954,0.0
671955,0.0
671956,0.0
671957,0.0
671958,0.0
671959,1.4060296e-13
671960,0.0
671961,0.0
671962,0.0
671963,0.0
671964,0.0
671965,0.0
671966,0.0
671967,0.0
671968,0.0
671969,0.0
671970,0.0
671971,0.0
671972,0.0
671973,0.0
671974,0.0
671975,0.0
671976,0.0
671977,0.0
671978,0.0
671979,0.0
671980,0.0
671981,0.0
671982,0.0
671983,0.0
671984,0.0
671985,0.0
671986,0.0
671987,0.0
671988,0.0
671989,0.0
671990,0.0
671991,0.0
671992,0.0
671993,0.0
671994,0.0
671995,0.0
671996,0.0
671997,0.0
671998,0.0
671999,0.0
672000,0.0
672001,0.0
672002,0.0
672003,0.0
672004,0.0
672005,0.0
672006,0.0
672007,0.0
672008,0.0
672009,0.0
672010,0.0
672011,0.0
672012,0.0
672013,0.0
672014,0.0
672015,0.0
672016,0.0
672017,0.0
672018,0.0
672019,0.0
672020,0.0
672021,0.0
672022,0.0
672023,0.0
672024,0.0
672025,0.0
672026,0.0
672027,0.0
672028,0.0
672029,0.0
672030,0.0
672031,0.0
672032,0.0
672033,0.0
672034,0.0
672035,0.0
672036,0.0
672037,0.0
672038,0.0
672039,0.0
672040,0.0
672041,0.0
672042,0.0
672043,0.0
672044,0.0
672045,0.0
672046,0.0
672047,0.0
672048,0.0
672049,0.0
672050,0.0
672051,0.0
672052,0.0
672053,0.0
672054,0.0
672055,0.0
672056,0.0
672057,0.0
672058,0.0
672059,0.0
672060,0.0
672061,0.0
672062,0.0
672063,0.0
672064,0.0
672065,2.513287e-25
672066,0.0
672067,0.0
672068,0.0
672069,0.0
672070,0.0
672071,0.0
672072,0.0
672073,0.0
672074,7.8584613e-25
672075,0.0
672076,0.0
672077,0.0
672078,0.0
672079,0.0
672080,0.0
672081,0.0
672082,0.0
672083,0.0
672084,0.0
672085,0.0
672086,0.0
672087,0.0
672088,0.0
672089,0.0
672090,0.0
672091,0.0
672092,0.0
672093,0.0
672094,0.0
672095,0.0
672096,0.0
672097,0.0
672098,0.0
672099,0.0
672100,0.0
672101,0.0
672102,1.4434861e-31
672103,0.0
672104,0.0
672105,0.0
672106,0.0
672107,0.0
672108,0.0
672109,0.0
672110,0.0
672111,0.0
672112,0.0
672113,0.0
672114,0.0
672115,0.0
672116,0.0
672117,0.0
672118,0.0
672119,0.0
672120,0.0
672121,0.0
672122,0.0
672123,0.0
672124,0.0
672125,0.0
672126,0.0
672127,0.0
672128,0.0
672129,0.0
672130,0.0
672131,0.0
672132,0.0
672133,0.0
672134,0.0
672135,0.0
672136,0.0
672137,0.0
672138,0.0
672139,0.0
672140,0.0
672141,0.0
672142,0.0
672143,0.0
672144,0.0
672145,0.0
672146,0.0
672147,0.0
672148,0.0
672149,0.0
672150,6.356374e-35
672151,0.0
672152,0.0
672153,0.0
672154,0.0
672155,0.0
672156,0.0
672157,0.0
672158,0.0
672159,0.0
672160,0.0
672161,0.0
672162,0.0
672163,0.0
672164,0.0
672165,0.0
672166,0.0
672167,0.0
672168,0.0
672169,0.0
672170,0.0
672171,0.0
672172,0.0
672173,0.0
672174,0.0
672175,0.0
672176,0.0
672177,0.0
672178,0.0
672179,0.0
672180,0.0
672181,0.0
672182,0.0
672183,0.0
672184,0.0
672185,0.0
672186,0.0
672187,0.0
672188,0.0
672189,0.0
672190,0.0
672191,0.0
672192,0.0
672193,0.0
672194,0.0
672195,0.0
672196,0.0
672197,0.0
672198,0.0
672199,0.0
672200,0.0
672201,0.0
672202,0.0
672203,0.0
672204,0.0
672205,0.0
672206,0.0
672207,0.0
672208,0.0
672209,0.0
672210,0.0
672211,0.0
672212,0.0
672213,0.0
672214,0.0
672215,0.0
672216,0.0
672217,0.0
672218,0.0
672219,0.0
672220,0.0
672221,0.0
672222,0.0
672223,7.791661e-39
672224,0.0
672225,0.0
672226,0.0
672227,0.0
672228,0.0
672229,0.0
672230,0.0
672231,0.0
672232,0.0
672233,0.0
672234,0.0
672235,0.0
672236,0.0
672237,0.0
672238,0.0
672239,0.0
672240,0.0
672241,0.0
672242,0.0
672243,0.0
672244,0.0
672245,0.0
672246,0.0
672247,0.0
672248,0.0
672249,0.0
672250,0.0
672251,0.0
672252,0.0
672253,0.0
672254,0.0
672255,0.0
672256,0.0
672257,0.0
672258,6.8572615e-30
672259,0.0
672260,0.0
672261,0.0
672262,0.0
672263,0.0
672264,0.0
672265,0.0
672266,0.0
672267,0.0
672268,0.0
672269,0.0
672270,0.0
672271,0.0
672272,0.0
672273,0.0
672274,0.0
672275,1.0455608e-12
672276,0.0
672277,0.0
672278,0.0
672279,0.0
672280,0.0
672281,0.0
672282,0.0
672283,0.0
672284,0.0
672285,0.0
672286,0.0
672287,0.0
672288,0.0
672289,0.0
672290,0.0
672291,0.0
672292,0.0
672293,0.0
672294,0.0
672295,0.0
672296,0.0
672297,0.0
672298,0.0
672299,0.0
672300,0.0
672301,0.0
672302,0.0
672303,0.0
672304,0.0
672305,0.0
672306,0.0
672307,0.0
672308,0.0
672309,0.0
672310,0.0
672311,0.0
672312,0.0
672313,0.0
672314,0.0
672315,0.0
672316,0.0
672317,0.0
672318,0.0
672319,0.0
672320,0.0
672321,0.0
672322,0.0
672323,0.0
672324,0.0
672325,0.0
672326,0.106182374
672327,0.0
672328,0.0
672329,0.0
672330,0.0
672331,0.0
672332,0.0
672333,0.0
672334,0.0
672335,0.0
672336,0.0
672337,0.0
672338,0.0
672339,0.0
672340,0.0
672341,0.0
672342,0.0
672343,0.0
672344,0.0
672345,0.0
672346,0.0
672347,0.0
672348,0.0
672349,0.0
672350,0.0
672351,0.0
672352,0.0
672353,0.0
672354,0.0
672355,0.0
672356,0.0
672357,0.0
672358,0.0
672359,0.0
672360,0.0
672361,0.0
672362,0.0
672363,0.0
672364,0.0
672365,0.0
672366,0.0
672367,0.0
672368,0.0
672369,0.0
672370,0.0
672371,0.0
672372,0.0
672373,0.0
672374,0.0
672375,0.0
672376,0.0
672377,0.0
672378,0.0
672379,0.0
672380,0.0
672381,0.0
672382,0.0
672383,0.0
672384,0.0
672385,0.0
672386,0.0
672387,0.0
672388,0.0
672389,0.0
672390,0.0
672391,0.0
672392,0.0
672393,0.0
672394,0.0
672395,0.0
672396,0.0
672397,0.0
672398,0.0
672399,0.0
672400,0.0
672401,0.0
672402,0.0009226447
672403,0.0
672404,0.0
672405,0.0
672406,0.0
672407,0.0
672408,0.0
672409,0.0
672410,0.0
672411,0.0
672412,0.0
672413,0.0
672414,0.0
672415,0.0
672416,0.0
672417,0.0
672418,0.0
672419,0.0
672420,0.0
672421,0.0
672422,0.0
672423,0.0
672424,8.53081e-15
672425,0.0
672426,0.0
672427,0.0
672428,0.0
672429,0.0
672430,0.0
672431,0.0
672432,0.0
672433,0.0
672434,0.0
672435,0.0
672436,0.0
672437,0.0
672438,0.0
672439,0.0
672440,0.0
672441,0.0
672442,0.0
672443,0.0
672444,0.0
672445,0.0
672446,0.0
672447,0.0
672448,0.0
672449,0.0
672450,0.0
672451,1.3295077e-12
672452,0.0
672453,0.0
672454,0.0
672455,0.0
672456,0.0
672457,0.0
672458,0.0
672459,0.0
672460,0.0
672461,0.0
672462,0.0
672463,0.0
672464,0.0
672465,0.0
672466,0.0
672467,8.7012877e-38
672468,0.0
672469,0.0
672470,0.0
672471,0.0
672472,0.0
672473,0.0
672474,0.0
672475,0.0
672476,0.0
672477,0.0
672478,0.0
672479,0.0
672480,0.0
672481,0.0
672482,0.0
672483,0.0
672484,0.0
672485,0.0
672486,0.0
672487,0.0
672488,0.0
672489,0.0
672490,0.0
672491,0.0
672492,0.0
672493,0.0
672494,0.0
672495,0.0
672496,0.0
672497,0.0
672498,0.0
672499,0.0
672500,0.0
672501,0.0
672502,0.0
672503,0.0
672504,0.0
672505,0.0
672506,0.0
672507,0.0
672508,0.0
672509,0.0
672510,0.0
672511,0.0
672512,0.0
672513,0.0
672514,0.0
672515,0.0
672516,0.0
672517,0.0
672518,0.0
672519,0.0
672520,0.0
672521,0.0
672522,0.0
672523,0.0
672524,0.0
672525,0.0
672526,0.0
672527,0.0
672528,0.0
672529,0.0
672530,0.0
672531,0.0
672532,0.0
672533,0.0
672534,0.0
672535,0.0
672536,0.0
672537,0.0
672538,0.0
672539,0.0
672540,0.0
672541,0.0
672542,0.0
672543,0.0
672544,0.0
672545,0.0
672546,0.0
672547,0.0
672548,0.0
672549,0.0
672550,0.0
672551,0.0
672552,0.0
672553,0.0
672554,0.0
672555,0.0
672556,0.0
672557,0.0
672558,0.0
672559,0.0
672560,0.0
672561,0.0
672562,0.0
672563,0.0
672564,0.0
672565,0.0
672566,0.0
672567,0.0
672568,0.0
672569,0.0
672570,0.0
672571,0.0
672572,0.0
672573,0.0
672574,0.0
672575,0.0
672576,0.0
672577,0.0
672578,0.0
672579,0.0
672580,0.0
672581,0.0
672582,0.0
672583,0.0
672584,0.0
672585,0.0
672586,0.0
672587,0.0
672588,0.0
672589,0.0
672590,0.0
672591,0.0
672592,0.0
672593,0.0
672594,0.0
672595,0.0
672596,0.0
672597,0.0
672598,0.0
672599,0.0
672600,2.3039703e-13
672601,0.0
672602,0.0
672603,0.0
672604,0.0
672605,0.0
672606,0.0
672607,0.0
672608,0.0
672609,0.0
672610,0.0
672611,0.0
672612,0.0
672613,0.0
672614,0.0
672615,0.0
672616,0.0
672617,0.0
672618,0.0
672619,0.0
672620,0.0
672621,0.0
672622,0.0
672623,0.0
672624,0.0
672625,0.0
672626,0.0
672627,2.4332686e-32
672628,0.0
672629,0.0
672630,0.0
672631,0.0
672632,0.0
672633,0.0
672634,0.0
672635,0.0
672636,0.0
672637,0.0
672638,0.0
672639,0.0
672640,0.0
672641,0.0
672642,0.0
672643,0.0
672644,0.0
672645,0.0
672646,0.0
672647,0.0
672648,0.0
672649,0.0
672650,0.0
672651,0.0
672652,0.0
672653,0.0
672654,0.0
672655,0.0
672656,0.0
672657,0.0
672658,0.0
672659,0.0
672660,0.0
672661,0.0
672662,0.0
672663,0.0
672664,0.0
672665,0.0
672666,0.0
672667,0.0
672668,0.0
672669,0.0
672670,0.0
672671,1.2848564e-18
672672,0.0
672673,0.0
672674,0.0
672675,0.0
672676,0.0
672677,0.0
672678,0.0
672679,0.0
672680,0.0
672681,0.0
672682,0.0
672683,0.0
672684,0.0
672685,0.0
672686,0.0
672687,0.0
672688,0.0
672689,0.0
672690,0.0
672691,0.0
672692,0.0
672693,0.0
672694,0.0
672695,0.0
672696,0.0
672697,0.0
672698,1.4632563e-31
672699,0.0
672700,0.0
672701,0.0
672702,0.0
672703,0.0
672704,0.0
672705,0.0
672706,0.0
672707,0.0
672708,0.0
672709,0.0
672710,0.0
672711,0.0
672712,0.0
672713,0.0
672714,0.0
672715,0.0
672716,0.0
672717,0.0
672718,0.0
672719,0.0
672720,0.0
672721,0.0
672722,0.0
672723,0.0
672724,0.0
672725,0.0
672726,0.0
672727,0.0
672728,0.0
672729,0.0
672730,0.0
672731,0.0
672732,0.0
672733,0.0
672734,0.0
672735,0.0
672736,0.0
672737,0.0
672738,0.0
672739,0.0
672740,0.0
672741,0.0
672742,0.0
672743,0.0
672744,0.0
672745,0.0
672746,0.0
672747,0.0
672748,0.0
672749,0.0
672750,0.0
672751,0.0
672752,0.0
672753,0.0
672754,0.0
672755,0.0
672756,0.0
672757,2.7545688e-28
672758,0.0
672759,0.0
672760,0.0
672761,0.0
672762,0.0
672763,0.0
672764,0.0
672765,0.0
672766,0.0
672767,0.0
672768,0.0
672769,0.0
672770,0.0
672771,0.0
672772,0.0
672773,0.0
672774,0.0
672775,0.0
672776,0.0
672777,0.0
672778,0.0
672779,0.0
672780,0.0
672781,0.0
672782,0.0
672783,0.0
672784,0.0
672785,0.0
672786,0.0
672787,0.0
672788,0.0
672789,0.0
672790,0.0
672791,0.0
672792,0.0
672793,0.0
672794,0.0
672795,0.0
672796,0.0
672797,0.0
672798,0.0
672799,0.0
672800,0.0
672801,0.0
672802,0.0
672803,0.0
672804,0.0
672805,0.0
672806,0.0
672807,0.0
672808,0.0
672809,0.0
672810,0.0
672811,0.0
672812,0.0
672813,0.0
672814,0.0
672815,0.0
672816,0.0
672817,0.0
672818,0.0
672819,0.0
672820,0.0
672821,0.0
672822,0.0
672823,0.0
672824,0.0
672825,0.0
672826,0.0
672827,0.0
672828,0.0
672829,0.0
672830,0.0
672831,0.0
672832,0.0
672833,0.0
672834,0.0
672835,0.0
672836,0.0
672837,0.0
672838,0.0
672839,0.0
672840,0.0
672841,0.0
672842,0.0
672843,0.0
672844,0.0
672845,0.0
672846,0.0
672847,0.0
672848,0.0
672849,0.0
672850,0.0
672851,0.0
672852,0.0
672853,0.0
672854,0.0
672855,0.0
672856,0.0
672857,0.0
672858,0.0
672859,0.0
672860,0.0
672861,0.0
672862,0.0
672863,0.0
672864,0.0
672865,1.8771383e-13
672866,0.0
672867,0.0
672868,0.0
672869,0.0
672870,0.0
672871,0.0
672872,0.0
672873,0.0
672874,0.0
672875,0.0
672876,0.0
672877,0.0
672878,0.0
672879,0.0
672880,0.0
672881,0.0
672882,0.0
672883,0.0
672884,0.0
672885,0.0
672886,0.0
672887,0.0
672888,0.0
672889,0.0
672890,0.0
672891,0.0
672892,0.0
672893,0.0
672894,0.0
672895,0.0
672896,0.0
672897,0.0
672898,0.0
672899,0.0
672900,0.0
672901,0.0
672902,0.0
672903,0.0
672904,0.0
672905,0.0
672906,0.0
672907,0.0
672908,0.0
672909,0.0
672910,0.0
672911,0.0
672912,0.0
672913,0.0
672914,0.0
672915,0.0
672916,0.0
672917,0.0
672918,0.0
672919,0.0
672920,0.0
672921,0.0
672922,0.0
672923,0.0
672924,0.0
672925,0.0
672926,0.0
672927,0.0
672928,0.0
672929,0.0
672930,0.0
672931,0.0
672932,0.0
672933,0.0
672934,0.0
672935,0.0
672936,0.0
672937,0.0
672938,0.0
672939,0.0
672940,0.0
672941,0.0
672942,0.0
672943,0.0
672944,0.0
672945,0.0
672946,0.0
672947,0.0
672948,0.0
672949,0.0
672950,0.0
672951,0.0
672952,0.0
672953,0.0
672954,0.0
672955,0.0
672956,0.0
672957,0.0
672958,0.0
672959,0.0
672960,0.0
672961,0.0
672962,0.0
672963,0.0
672964,0.0
672965,0.0
672966,0.0
672967,0.0
672968,0.0
672969,0.0
672970,0.0
672971,0.0
672972,0.0
672973,0.0
672974,0.0
672975,0.0
672976,0.0
672977,0.0
672978,0.0
672979,0.0
672980,0.0
672981,0.0
672982,0.0
672983,0.0
672984,0.0
672985,0.0
672986,0.0
672987,0.0
672988,0.0
672989,0.0
672990,0.0
672991,0.0
672992,0.0
672993,0.0
672994,0.0
672995,0.0
672996,0.0
672997,0.0
672998,0.0
672999,0.0
673000,0.0
673001,0.0
673002,0.0
673003,0.0
673004,0.0
673005,0.0
673006,0.0
673007,0.0
673008,0.0
673009,0.0
673010,0.0
673011,4.5564552e-10
673012,0.0
673013,0.0
673014,0.0
673015,0.0
673016,0.0
673017,0.0
673018,0.0
673019,9.005124e-19
673020,0.0
673021,0.0
673022,0.0
673023,0.0
673024,0.0
673025,0.0
673026,0.0
673027,0.0
673028,0.0
673029,0.0
673030,0.0
673031,0.0
673032,0.0
673033,0.0
673034,0.0
673035,0.0
673036,0.0
673037,0.0
673038,0.0
673039,0.0
673040,0.0
673041,0.0
673042,0.0
673043,0.0
673044,0.0
673045,0.0
673046,0.0
673047,0.0
673048,0.0
673049,0.0
673050,0.0
673051,0.0
673052,0.0
673053,0.0
673054,0.0
673055,0.0
673056,0.0
673057,0.0
673058,0.0
673059,0.0
673060,0.0
673061,0.0
673062,0.0
673063,0.0
673064,0.0
673065,0.0
673066,0.0
673067,0.0
673068,0.0
673069,0.0
673070,0.0
673071,0.0
673072,0.0
673073,0.0
673074,0.0
673075,0.0
673076,0.0
673077,0.0
673078,0.0
673079,0.0
673080,0.0
673081,0.0
673082,0.0
673083,0.0
673084,0.0
673085,0.0
673086,0.0
673087,0.0
673088,0.0
673089,0.0
673090,0.0
673091,0.0
673092,0.0
673093,0.0
673094,0.0
673095,0.0
673096,0.0
673097,0.0
673098,0.0
673099,0.0
673100,0.0
673101,0.0
673102,0.0
673103,0.0
673104,0.0
673105,0.36242384
673106,0.0
673107,0.0
673108,0.0
673109,0.0
673110,0.0
673111,0.0
673112,0.0
673113,0.0
673114,0.0
673115,0.0
673116,0.0
673117,0.0
673118,0.0
673119,0.0
673120,0.0
673121,0.0
673122,0.0
673123,0.0
673124,0.0
673125,0.0
673126,0.0
673127,0.0
673128,0.0
673129,0.0
673130,0.0
673131,0.0
673132,0.0
673133,0.0
673134,0.0
673135,0.0
673136,0.0
673137,0.0
673138,0.0
673139,0.0
673140,0.0
673141,0.0
673142,0.0
673143,0.0
673144,0.0
673145,0.0
673146,0.0
673147,0.0
673148,0.0
673149,0.0
673150,0.0
673151,0.0
673152,0.0
673153,0.0
673154,0.0
673155,0.0
673156,0.0
673157,0.0
673158,0.0
673159,0.0
673160,0.0
673161,0.0
673162,0.0
673163,0.0
673164,0.0
673165,0.0
673166,0.0
673167,0.0
673168,0.0
673169,1.4269895e-32
673170,0.0
673171,0.0
673172,0.0
673173,0.0
673174,0.0
673175,0.0
673176,0.0
673177,0.0
673178,0.0
673179,0.0
673180,0.0
673181,0.0
673182,0.0
673183,0.0
673184,0.0
673185,0.0
673186,0.0
673187,0.0
673188,0.0
673189,0.0
673190,0.0
673191,0.0
673192,0.0
673193,0.0
673194,0.0
673195,0.0
673196,0.0
673197,0.0
673198,0.0
673199,0.0
673200,0.0
673201,0.0
673202,0.0
673203,0.0
673204,0.0
673205,0.0
673206,0.0
673207,0.0
673208,0.0
673209,0.0
673210,0.0
673211,0.0
673212,0.0
673213,0.0
673214,0.0
673215,0.0
673216,0.0
673217,0.0
673218,0.0
673219,0.0
673220,0.0
673221,0.0
673222,0.0
673223,0.0
673224,0.0
673225,0.0
673226,0.0
673227,0.0
673228,0.0
673229,0.0
673230,0.0
673231,0.0
673232,0.0
673233,0.0
673234,0.0
673235,0.0
673236,0.0
673237,0.0
673238,0.0
673239,0.0
673240,0.0
673241,0.0
673242,0.0
673243,0.0
673244,0.0726653
673245,0.0
673246,0.0
673247,0.0
673248,0.0
673249,0.0
673250,0.0
673251,0.0
673252,0.0
673253,0.0
673254,0.0
673255,0.0
673256,0.0
673257,0.0
673258,0.0
673259,0.0
673260,0.0
673261,0.0
673262,0.0
673263,0.0
673264,0.0
673265,0.0
673266,0.0
673267,0.0
673268,0.0
673269,0.0
673270,0.0
673271,0.0
673272,0.0
673273,0.0
673274,0.0
673275,0.0
673276,0.0
673277,0.0
673278,0.0
673279,0.0
673280,0.0
673281,0.0
673282,0.0
673283,0.0
673284,0.0
673285,0.0
673286,0.0
673287,0.0
673288,0.0
673289,0.0
673290,0.0
673291,0.0
673292,0.0
673293,0.0
673294,0.0
673295,0.0
673296,0.0
673297,0.0
673298,0.0
673299,0.0
673300,0.0
673301,0.0
673302,0.0
673303,0.0
673304,0.0
673305,0.0
673306,0.0
673307,0.0
673308,0.0
673309,0.0
673310,0.0
673311,0.0
673312,0.0
673313,0.0
673314,0.0
673315,0.0
673316,0.0
673317,0.0
673318,0.0
673319,0.0
673320,0.0
673321,0.0
673322,0.0
673323,0.0
673324,0.0
673325,0.0
673326,0.0
673327,0.0
673328,0.0
673329,0.0
673330,0.0
673331,0.0
673332,0.0
673333,0.0
673334,0.0
673335,0.0
673336,0.0
673337,0.0
673338,0.0
673339,0.0
673340,0.0
673341,0.0
673342,0.0
673343,0.0
673344,0.0
673345,0.0
673346,0.0
673347,0.0
673348,0.0
673349,0.0
673350,0.0
673351,0.0
673352,0.0
673353,0.0
673354,0.0
673355,0.0
673356,0.0
673357,0.0
673358,0.0
673359,0.0
673360,0.0
673361,0.0
673362,0.0
673363,0.0
673364,0.0
673365,0.0
673366,0.0
673367,0.0
673368,0.0
673369,0.0
673370,0.0
673371,0.0
673372,0.0
673373,0.0
673374,0.0
673375,0.0
673376,0.0
673377,0.0
673378,0.0
673379,0.0
673380,0.0
673381,0.0
673382,0.0
673383,0.0
673384,0.0
673385,0.0
673386,0.0
673387,0.0
673388,0.0
673389,0.0
673390,0.0
673391,0.0
673392,0.0
673393,0.0
673394,0.0
673395,0.0
673396,0.0
673397,0.0
673398,0.0
673399,0.0
673400,0.0
673401,0.0
673402,0.0
673403,0.0
673404,0.0
673405,0.0
673406,0.0
673407,0.0
673408,0.0
673409,0.0
673410,0.0
673411,0.0
673412,0.0
673413,0.0
673414,0.0
673415,0.0
673416,0.0
673417,0.0
673418,0.0
673419,0.0
673420,0.0
673421,0.0
673422,0.0
673423,0.0
673424,0.0
673425,0.0
673426,0.0
673427,0.0
673428,0.0
673429,0.0
673430,0.0
673431,0.0
673432,0.0
673433,0.0
673434,0.0
673435,0.0
673436,0.0
673437,0.0
673438,0.0
673439,0.0
673440,0.0
673441,0.0
673442,0.0
673443,0.0
673444,0.0
673445,0.0
673446,0.0
673447,0.0
673448,0.0
673449,0.0
673450,0.0
673451,0.0
673452,0.0
673453,0.0
673454,0.0
673455,0.0
673456,0.0
673457,0.0
673458,0.0
673459,0.0
673460,0.0
673461,3.997311e-07
673462,0.0
673463,0.0
673464,0.0
673465,0.0
673466,0.0
673467,0.0
673468,2.6824647e-23
673469,0.0
673470,0.0
673471,0.0
673472,0.0
673473,0.0
673474,0.0
673475,0.0
673476,0.0
673477,0.0
673478,0.0
673479,0.0
673480,0.0
673481,0.0
673482,0.0
673483,0.0
673484,0.0
673485,0.0
673486,0.0
673487,0.0
673488,0.0
673489,0.0
673490,0.0
673491,0.0
673492,0.0
673493,0.0
673494,0.0
673495,0.0
673496,0.0
673497,0.0009419871
673498,0.0
673499,0.0
673500,0.0
673501,0.0
673502,0.0
673503,0.0
673504,0.0
673505,0.0
673506,0.0
673507,0.0
673508,0.0
673509,0.0
673510,0.0
673511,0.0
673512,0.0
673513,0.0
673514,0.0
673515,0.0
673516,0.0
673517,0.0
673518,0.0
673519,0.0
673520,0.0
673521,0.0
673522,0.0
673523,0.0
673524,0.0
673525,0.0
673526,0.0
673527,0.0
673528,0.0
673529,0.0
673530,0.0
673531,0.0
673532,0.0
673533,0.0
673534,0.0
673535,0.0
673536,0.0
673537,0.0
673538,0.0
673539,0.0
673540,0.0
673541,0.0
673542,0.0
673543,0.0
673544,0.0
673545,0.0
673546,0.0
673547,0.0
673548,0.0
673549,0.0
673550,0.0
673551,0.0
673552,0.0
673553,0.0
673554,0.0
673555,0.0
673556,0.0
673557,0.0
673558,0.0
673559,0.0
673560,0.0
673561,0.0
673562,0.0
673563,0.0
673564,0.0
673565,0.0
673566,0.0
673567,0.0
673568,0.0
673569,0.0
673570,0.0
673571,0.0
673572,0.0
673573,0.0
673574,0.0
673575,0.0
673576,0.0
673577,0.0
673578,0.0
673579,0.0
673580,0.0
673581,0.0
673582,0.0
673583,0.0
673584,0.0
673585,0.0
673586,0.0
673587,0.0
673588,0.0
673589,0.0
673590,0.0
673591,0.0
673592,0.0
673593,0.0
673594,0.0
673595,0.0
673596,0.0
673597,0.0
673598,0.0
673599,1.8915777e-26
673600,0.0
673601,0.0
673602,0.0
673603,0.0
673604,0.0
673605,0.0
673606,0.0
673607,0.0
673608,0.0
673609,0.0
673610,0.0
673611,0.0
673612,0.0
673613,0.0
673614,0.57920945
673615,0.0
673616,0.0
673617,0.0
673618,0.0
673619,0.0
673620,0.0
673621,0.0
673622,0.0
673623,0.0
673624,0.0
673625,0.0
673626,0.0
673627,0.0
673628,0.0
673629,0.0
673630,0.0
673631,0.0
673632,0.0
673633,0.0
673634,0.0
673635,0.0
673636,0.0
673637,0.0
673638,0.0
673639,0.0
673640,0.0
673641,0.0
673642,0.0
673643,0.0
673644,0.0
673645,0.0
673646,0.0
673647,0.0
673648,0.0
673649,0.0
673650,0.0
673651,0.0
673652,0.0
673653,0.0
673654,0.0
673655,0.0
673656,0.0
673657,0.0
673658,0.0
673659,0.0
673660,0.0
673661,0.0
673662,0.0
673663,0.0
673664,0.0
673665,0.0
673666,0.0
673667,0.0
673668,0.0
673669,0.0
673670,0.0
673671,0.0
673672,0.0
673673,0.0
673674,0.0
673675,0.0
673676,0.0
673677,0.0
673678,0.0
673679,0.0
673680,0.0
673681,0.0
673682,0.0
673683,0.0
673684,0.0
673685,0.0
673686,0.0
673687,1.9392852e-22
673688,0.0
673689,0.0
673690,0.0
673691,0.0
673692,0.0
673693,0.0
673694,0.0
673695,0.0
673696,0.0
673697,0.0
673698,0.0
673699,0.0
673700,0.0
673701,0.0
673702,0.0
673703,0.0
673704,0.0
673705,0.0
673706,0.0
673707,0.0
673708,0.0
673709,0.0
673710,0.0
673711,0.0
673712,0.0
673713,0.0
673714,0.0
673715,0.0
673716,0.0
673717,0.0
673718,0.0
673719,0.0
673720,0.0
673721,0.0
673722,0.0
673723,1.1852946e-21
673724,0.0
673725,0.0
673726,0.0
673727,0.0
673728,0.0
673729,0.0
673730,0.0
673731,0.0
673732,0.0
673733,0.0
673734,0.0
673735,0.0
673736,0.0
673737,0.0
673738,0.0
673739,0.0
673740,0.0
673741,0.0
673742,0.0
673743,0.0
673744,0.0
673745,0.0
673746,0.0
673747,0.0
673748,0.0
673749,0.0
673750,0.0
673751,0.0
673752,0.0
673753,0.0
673754,0.0
673755,0.0
673756,0.0
673757,0.0
673758,0.0
673759,0.0
673760,0.0
673761,0.0
673762,0.0
673763,0.0
673764,0.0
673765,0.0
673766,0.0
673767,0.0
673768,0.0
673769,0.0
673770,0.0
673771,0.0
673772,0.0
673773,0.0
673774,0.0
673775,0.0
673776,0.0
673777,0.0
673778,0.0
673779,0.0
673780,0.0
673781,0.0
673782,0.0
673783,0.0
673784,0.0
673785,0.0
673786,0.0
673787,0.0
673788,0.0
673789,0.0
673790,0.0
673791,0.0
673792,0.0
673793,0.0
673794,0.0
673795,0.0
673796,0.0
673797,0.0
673798,0.0
673799,0.0
673800,0.0
673801,0.0
673802,0.0
673803,0.0
673804,0.0
673805,0.0
673806,0.0
673807,0.0
673808,0.0
673809,0.0
673810,0.0
673811,0.0
673812,0.0
673813,0.0
673814,0.0
673815,0.0
673816,0.0
673817,0.0
673818,0.0
673819,0.0
673820,0.0
673821,0.0
673822,0.0
673823,0.0
673824,0.0
673825,0.0
673826,0.0
673827,0.0
673828,0.0
673829,0.0
673830,0.0
673831,0.0
673832,0.0
673833,0.0
673834,0.0
673835,0.0
673836,0.0
673837,0.0
673838,0.0
673839,0.0
673840,0.0
673841,0.0
673842,0.0
673843,0.0
673844,0.0
673845,0.0
673846,0.0
673847,0.0
673848,0.0
673849,0.0
673850,0.0
673851,0.0
673852,0.0
673853,0.0
673854,0.0
673855,0.0
673856,0.0
673857,0.0
673858,0.0
673859,0.0
673860,0.0
673861,0.0
673862,0.0
673863,0.0
673864,0.0
673865,0.0
673866,0.0
673867,0.0
673868,0.0
673869,0.0
673870,0.0
673871,0.0
673872,0.0
673873,0.0
673874,0.0
673875,0.0
673876,0.0
673877,0.0
673878,0.0
673879,0.0
673880,0.0
673881,0.0
673882,0.0
673883,0.0
673884,0.0
673885,0.0
673886,0.0
673887,0.0
673888,0.0
673889,0.0
673890,0.0
673891,0.0
673892,0.0
673893,0.0
673894,0.0
673895,0.0
673896,0.0
673897,0.0
673898,0.0
673899,0.0
673900,0.0
673901,0.0
673902,0.0
673903,0.0
673904,0.0
673905,0.0
673906,0.0
673907,0.0
673908,0.0
673909,0.0
673910,0.0
673911,0.0
673912,0.0
673913,0.0
673914,0.0
673915,0.0
673916,0.0
673917,0.0
673918,0.0
673919,0.0
673920,0.0
673921,0.0
673922,0.0
673923,0.0
673924,0.0
673925,0.0
673926,0.0
673927,0.0
673928,0.0
673929,0.0
673930,0.0
673931,0.0
673932,0.0
673933,0.0
673934,0.0
673935,0.0
673936,0.0
673937,0.0
673938,0.0
673939,0.0
673940,0.0
673941,0.0
673942,0.0
673943,0.0
673944,0.0
673945,0.0
673946,0.0
673947,0.0
673948,0.0
673949,0.0
673950,0.0
673951,0.0
673952,0.0
673953,0.0
673954,0.0
673955,0.0
673956,0.0
673957,1.4594818e-07
673958,0.0
673959,0.0
673960,0.0
673961,0.0
673962,0.0
673963,0.0
673964,0.0
673965,0.0
673966,0.0
673967,0.0
673968,0.0
673969,0.0
673970,0.0
673971,0.0
673972,0.0
673973,0.0
673974,0.0
673975,0.0
673976,0.0
673977,0.0
673978,0.0
673979,0.0
673980,0.0
673981,0.0
673982,0.0
673983,0.0
673984,0.0
673985,0.0
673986,0.0
673987,0.0
673988,0.0
673989,0.0
673990,0.0
673991,0.0
673992,0.0
673993,0.0
673994,0.0
673995,0.0
673996,0.0
673997,0.0
673998,0.0
673999,0.0
674000,0.0
674001,0.0
674002,0.0
674003,0.0
674004,0.0
674005,0.0
674006,0.0
674007,0.0
674008,0.0
674009,0.0
674010,0.0
674011,0.0
674012,0.0
674013,0.0
674014,0.0
674015,0.0
674016,0.0
674017,0.0
674018,0.0
674019,0.0
674020,0.0
674021,0.0
674022,0.0
674023,0.0
674024,0.0
674025,0.0
674026,0.0
674027,0.0
674028,0.0
674029,0.0
674030,0.0
674031,0.0
674032,0.0
674033,0.0
674034,0.0
674035,0.0
674036,0.0
674037,0.0
674038,0.0
674039,0.0
674040,0.0
674041,0.0
674042,0.0
674043,0.0
674044,0.0
674045,8.0777665e-22
674046,0.0
674047,0.0
674048,0.0
674049,0.0
674050,0.0
674051,0.0
674052,0.0
674053,0.0
674054,0.0
674055,0.0
674056,0.0
674057,0.0
674058,0.0
674059,0.0
674060,0.0
674061,0.0
674062,0.0
674063,0.0
674064,0.0
674065,0.0
674066,0.0
674067,0.0
674068,0.0
674069,0.0
674070,0.0
674071,0.0
674072,0.0
674073,0.0
674074,0.0
674075,0.0
674076,0.0
674077,0.0
674078,0.0
674079,0.0
674080,0.0
674081,0.0
674082,0.0
674083,0.0
674084,0.0
674085,0.0
674086,0.0
674087,0.0
674088,0.0
674089,0.0
674090,0.0
674091,0.0
674092,0.0
674093,0.0
674094,0.0
674095,0.0
674096,0.0
674097,0.0
674098,0.0
674099,0.0
674100,0.0
674101,0.0
674102,0.0
674103,0.0
674104,0.0
674105,0.0
674106,0.0
674107,0.0
674108,0.0
674109,0.0
674110,0.0
674111,0.0
674112,0.0
674113,0.0
674114,0.0
674115,0.0
674116,0.0
674117,0.0
674118,0.0
674119,0.0
674120,0.0
674121,0.0
674122,2.4868269e-10
674123,0.0
674124,0.0
674125,0.0
674126,0.0
674127,0.0
674128,0.0
674129,0.0
674130,0.0
674131,0.0
674132,0.0
674133,0.0
674134,0.0
674135,0.0
674136,0.0
674137,0.0
674138,0.0
674139,0.0
674140,0.0
674141,0.0
674142,0.0
674143,0.0
674144,0.0
674145,0.0
674146,0.0
674147,0.0
674148,0.0
674149,0.0
674150,0.0
674151,0.0
674152,0.0
674153,0.0
674154,0.0
674155,0.0
674156,0.0
674157,0.0
674158,0.0
674159,0.0
674160,0.0
674161,0.0
674162,5.4102648e-36
674163,0.0
674164,0.0
674165,0.0
674166,0.0
674167,0.0
674168,0.0
674169,0.0
674170,0.0
674171,0.0
674172,0.0
674173,0.0
674174,0.0
674175,0.0
674176,1.6727403e-08
674177,0.0
674178,0.0
674179,0.0
674180,0.0
674181,0.0
674182,0.0
674183,0.0
674184,0.0
674185,0.0
674186,0.0
674187,0.0
674188,0.0
674189,0.0
674190,0.0
674191,0.0
674192,0.0
674193,0.0
674194,0.0
674195,0.0
674196,0.0
674197,0.0
674198,0.0
674199,0.0
674200,0.0
674201,0.0
674202,0.0
674203,0.0
674204,0.0
674205,0.0
674206,0.0
674207,0.0
674208,0.0
674209,0.0
674210,0.0
674211,0.0
674212,0.0
674213,0.0
674214,0.0
674215,0.0
674216,0.0
674217,0.0
674218,0.0
674219,0.0
674220,0.0
674221,0.0
674222,0.0
674223,0.0
674224,0.0
674225,0.0
674226,0.0
674227,0.0
674228,0.0
674229,0.0
674230,0.0
674231,0.0
674232,0.0
674233,0.0
674234,0.0
674235,0.0
674236,0.0
674237,0.0
674238,0.0
674239,0.0
674240,0.0
674241,0.0
674242,0.0
674243,0.0
674244,0.0
674245,0.0
674246,0.0
674247,0.0
674248,0.0
674249,0.0
674250,0.0
674251,0.0
674252,0.0
674253,0.0
674254,0.0
674255,0.0
674256,0.0
674257,0.0
674258,0.0
674259,0.0
674260,0.0
674261,0.0
674262,0.0
674263,0.0
674264,0.0
674265,0.0
674266,0.0
674267,0.0
674268,0.0
674269,0.0
674270,0.0
674271,0.0
674272,0.0
674273,0.0
674274,0.0
674275,0.0
674276,0.0
674277,0.0
674278,0.0
674279,0.0
674280,0.0
674281,0.0
674282,0.0
674283,0.0
674284,0.0
674285,0.0
674286,0.0
674287,0.0
674288,0.0
674289,0.0
674290,0.0
674291,0.0
674292,0.0
674293,0.0
674294,8.362744e-05
674295,0.0
674296,0.0
674297,0.0
674298,0.0
674299,0.0
674300,0.0
674301,0.0
674302,0.0
674303,0.0
674304,0.0
674305,0.0
674306,0.0
674307,0.0
674308,0.0
674309,0.0
674310,0.0
674311,0.0
674312,0.0
674313,0.0
674314,0.0
674315,0.0
674316,0.0
674317,0.0
674318,0.0
674319,0.0
674320,0.0
674321,0.0
674322,0.0
674323,0.0
674324,0.0
674325,0.0
674326,0.0
674327,0.0
674328,0.0
674329,0.0
674330,0.0
674331,0.0
674332,0.0
674333,0.0
674334,0.0
674335,0.0
674336,0.0
674337,0.0
674338,0.0
674339,0.0
674340,0.0
674341,0.0
674342,0.0
674343,0.0
674344,0.0
674345,0.0
674346,0.0
674347,0.0
674348,0.0
674349,0.0
674350,0.0
674351,0.0
674352,0.0
674353,0.0
674354,0.0
674355,0.0
674356,0.0
674357,0.0
674358,0.0
674359,0.0
674360,0.0
674361,0.0
674362,0.0
674363,0.0
674364,0.0
674365,0.0
674366,0.0
674367,0.0
674368,0.0
674369,0.0
674370,0.0
674371,0.0
674372,0.0
674373,0.0
674374,0.0
674375,0.0
674376,0.0
674377,0.0
674378,0.0
674379,0.0
674380,0.0
674381,0.0
674382,0.0
674383,0.0
674384,0.0
674385,0.0
674386,0.0
674387,0.0
674388,0.0
674389,0.0
674390,0.0
674391,0.0
674392,0.0
674393,0.0
674394,0.0
674395,0.0004831057
674396,0.0
674397,0.0
674398,0.0
674399,0.0
674400,0.0
674401,0.0
674402,0.0
674403,0.0
674404,0.0
674405,0.0
674406,0.0
674407,0.0
674408,0.0
674409,0.0
674410,0.0
674411,0.0
674412,0.0
674413,0.0
674414,0.0
674415,0.0
674416,0.0
674417,0.0
674418,0.0
674419,0.0
674420,0.0
674421,0.0
674422,0.0
674423,0.0
674424,0.0
674425,0.0
674426,0.0
674427,0.0
674428,0.0
674429,0.0
674430,0.0
674431,0.0
674432,0.0
674433,0.0
674434,0.0
674435,0.0
674436,0.0
674437,0.0
674438,0.0
674439,0.0
674440,0.0
674441,0.0
674442,0.0
674443,0.0
674444,0.0
674445,0.0
674446,0.0
674447,0.0
674448,0.0
674449,0.0
674450,0.0
674451,0.0
674452,0.0
674453,0.0
674454,0.0
674455,0.0
674456,0.0
674457,0.0
674458,0.0
674459,0.0
674460,0.0
674461,0.0
674462,0.0
674463,0.0
674464,0.0
674465,0.0
674466,0.0
674467,0.0
674468,0.0
674469,1.2900052e-30
674470,0.0
674471,0.0
674472,0.0
674473,0.0
674474,0.0
674475,0.0
674476,0.0
674477,0.0
674478,0.0
674479,0.0
674480,0.0
674481,0.0
674482,0.0
674483,0.0
674484,0.0
674485,0.0
674486,0.0
674487,0.0
674488,0.0
674489,0.0
674490,0.0
674491,0.0
674492,0.0
674493,0.0
674494,0.0
674495,0.0
674496,0.0
674497,0.0
674498,0.0
674499,0.0
674500,0.0
674501,0.0
674502,0.0
674503,0.0
674504,0.0
674505,0.0
674506,0.0
674507,0.0
674508,0.0
674509,0.0
674510,0.0
674511,0.0
674512,0.0
674513,0.0
674514,0.0
674515,0.0
674516,0.0
674517,0.0
674518,0.0
674519,0.0
674520,0.0
674521,0.0
674522,0.0
674523,0.0
674524,0.0
674525,0.0
674526,0.0
674527,0.0
674528,0.0
674529,0.0
674530,0.0
674531,0.0
674532,0.0
674533,0.0
674534,0.0
674535,0.0
674536,0.0
674537,0.0
674538,0.0
674539,0.0
674540,0.0
674541,0.0
674542,0.0
674543,0.0
674544,0.0
674545,0.0
674546,0.0
674547,0.0
674548,0.0
674549,0.0
674550,0.0
674551,0.0
674552,0.0
674553,0.0
674554,0.0
674555,0.0
674556,0.0
674557,0.0
674558,0.0
674559,0.0
674560,0.0
674561,0.0
674562,0.0
674563,0.0
674564,0.0
674565,0.0
674566,0.0
674567,0.0
674568,0.0
674569,0.0
674570,0.0
674571,0.0
674572,0.0
674573,0.0
674574,0.0
674575,0.0
674576,0.0
674577,0.0
674578,0.0
674579,0.0
674580,0.0
674581,0.0
674582,0.0
674583,0.0
674584,0.0
674585,0.0
674586,0.0
674587,0.0
674588,3.766858e-21
674589,0.0
674590,0.0
674591,0.0
674592,0.0
674593,0.0
674594,0.0
674595,0.0
674596,0.0
674597,0.0
674598,0.0
674599,0.0
674600,0.0
674601,0.0
674602,0.0
674603,0.0
674604,0.0
674605,0.0
674606,0.0
674607,0.0
674608,0.0
674609,0.0
674610,0.0
674611,0.0
674612,0.0
674613,0.0
674614,0.0
674615,0.0
674616,0.0
674617,0.0
674618,0.0
674619,0.0
674620,0.0
674621,0.0
674622,0.0
674623,0.0
674624,0.0
674625,0.0
674626,0.0
674627,0.0
674628,0.0
674629,0.0
674630,0.0
674631,0.0
674632,0.0
674633,0.0
674634,0.0
674635,0.0
674636,0.0
674637,0.0
674638,0.0
674639,0.0
674640,0.0
674641,1.1143344e-15
674642,0.0
674643,0.0
674644,0.0
674645,0.0
674646,0.0
674647,0.0
674648,0.0
674649,0.0
674650,0.0
674651,0.0
674652,0.0
674653,0.0
674654,0.0
674655,1.5812647e-38
674656,2.997352e-29
674657,0.0
674658,0.0
674659,0.0
674660,0.0
674661,0.0
674662,0.0
674663,0.0
674664,0.0
674665,0.0
674666,0.0
674667,0.0
674668,0.0
674669,0.0
674670,0.0
674671,0.0
674672,0.0
674673,0.0
674674,0.0
674675,0.0
674676,0.0
674677,0.0
674678,0.0
674679,0.0
674680,0.0
674681,0.0
674682,0.0
674683,0.0
674684,0.0
674685,0.0
674686,0.0
674687,0.0
674688,0.0
674689,0.0
674690,0.0
674691,0.0
674692,0.0
674693,0.0
674694,0.0
674695,0.0
674696,0.0
674697,0.0
674698,0.0
674699,0.0
674700,0.0
674701,0.0
674702,0.0
674703,0.0
674704,0.0
674705,0.0
674706,0.0
674707,0.0
674708,0.0
674709,0.0
674710,0.0
674711,0.0
674712,0.0
674713,0.0
674714,0.0
674715,0.0
674716,0.0
674717,0.0
674718,0.0
674719,3.5370756e-18
674720,0.0
674721,0.0
674722,0.0
674723,0.0
674724,0.0
674725,0.0
674726,0.0
674727,0.0
674728,0.0
674729,0.0
674730,0.0
674731,0.0
674732,0.0
674733,0.0
674734,0.0
674735,0.0
674736,0.0
674737,0.0
674738,0.0
674739,0.0
674740,0.0
674741,0.0
674742,0.0
674743,0.0
674744,0.0
674745,0.0
674746,0.0
674747,0.0
674748,0.0
674749,0.0
674750,0.0
674751,0.0
674752,0.0
674753,0.0
674754,0.0
674755,0.0
674756,0.0
674757,0.0
674758,0.0
674759,0.0
674760,0.0
674761,0.0
674762,0.0
674763,0.0
674764,0.0
674765,0.0
674766,0.0
674767,0.0
674768,0.0
674769,0.0
674770,0.0
674771,0.0
674772,0.0
674773,0.0
674774,0.0
674775,0.0
674776,0.0
674777,0.0
674778,0.0
674779,0.0
674780,0.0
674781,0.0
674782,0.0
674783,0.0
674784,0.0
674785,0.0
674786,0.0
674787,0.0
674788,0.0
674789,0.0
674790,0.0
674791,0.0
674792,0.0
674793,0.0
674794,0.0
674795,0.0
674796,0.0
674797,0.0
674798,0.0
674799,0.0
674800,0.0
674801,0.0
674802,0.0
674803,0.0
674804,2.3557665e-09
674805,0.0
674806,0.0
674807,0.0
674808,0.0
674809,0.0
674810,0.0
674811,0.0
674812,0.0
674813,0.0
674814,0.0
674815,0.0
674816,0.0
674817,0.0
674818,0.0
674819,0.0
674820,0.0
674821,0.0
674822,0.0
674823,0.0
674824,1.2750252e-22
674825,0.0
674826,0.0
674827,0.0
674828,0.0
674829,0.0
674830,0.0
674831,0.0
674832,0.0
674833,0.0
674834,0.0
674835,0.0
674836,0.0
674837,0.0
674838,0.0
674839,0.0
674840,0.0
674841,0.0
674842,0.0
674843,0.0
674844,0.0
674845,0.0
674846,0.0
674847,0.0
674848,0.0
674849,0.0
674850,0.0
674851,0.0
674852,0.0
674853,0.0
674854,0.0
674855,0.0
674856,0.0
674857,0.0
674858,0.0
674859,0.0
674860,0.0
674861,0.0
674862,0.0
674863,0.0
674864,0.0
674865,0.0
674866,0.0
674867,0.0
674868,0.0
674869,0.0
674870,0.50494033
674871,0.0
674872,0.0
674873,0.0
674874,0.0
674875,0.0
674876,0.0
674877,0.0
674878,0.0
674879,0.0
674880,0.0
674881,0.0
674882,0.0
674883,0.0
674884,0.0
674885,0.0
674886,0.0
674887,0.0
674888,0.0
674889,0.0
674890,0.0
674891,0.0
674892,0.0
674893,0.0
674894,0.0
674895,0.0
674896,0.0
674897,0.0
674898,0.0
674899,0.0
674900,0.0
674901,0.0
674902,0.0
674903,0.0
674904,0.0
674905,0.0
674906,0.0
674907,0.0
674908,0.0
674909,0.0
674910,0.0
674911,0.0
674912,0.0
674913,0.0
674914,0.0
674915,0.0
674916,0.0
674917,0.0
674918,0.0
674919,0.0
674920,0.0
674921,0.0
674922,0.0
674923,0.0
674924,0.0
674925,0.0
674926,0.0
674927,8.9725044e-29
674928,0.0
674929,0.0
674930,0.0
674931,0.0
674932,0.0
674933,0.0
674934,0.0
674935,0.0
674936,6.9160014e-05
674937,0.0
674938,0.0
674939,0.0
674940,0.0
674941,0.0
674942,0.0
674943,0.0
674944,0.0
674945,0.0
674946,0.0
674947,0.0
674948,0.0
674949,0.0
674950,0.0
674951,0.0
674952,0.0
674953,0.0
674954,0.0
674955,0.0
674956,0.0
674957,0.0
674958,0.0
674959,0.0
674960,0.0
674961,0.0
674962,0.0
674963,0.0
674964,0.0
674965,0.0
674966,0.0
674967,0.0
674968,0.0
674969,0.0
674970,0.0
674971,0.0
674972,0.0
674973,0.0
674974,0.0
674975,0.0
674976,0.0
674977,0.0
674978,0.0
674979,0.0
674980,0.0
674981,0.0
674982,0.0
674983,0.0
674984,0.0
674985,0.0
674986,0.0
674987,0.0
674988,0.0
674989,0.0
674990,0.0
674991,0.0
674992,0.0
674993,0.0
674994,0.0
674995,0.0
674996,0.0
674997,0.36242384
674998,0.0
674999,0.0
675000,0.0
675001,0.0
675002,0.0
675003,0.0
675004,0.0
675005,0.0
675006,0.0
675007,0.0
675008,0.0
675009,0.0
675010,0.0
675011,0.0
675012,0.0
675013,0.0
675014,0.0
675015,0.0
675016,0.0
675017,0.0
675018,0.0
675019,0.0
675020,0.0
675021,0.0
675022,0.0
675023,0.0
675024,0.0
675025,0.0
675026,0.0
675027,0.0
675028,0.0
675029,0.0
675030,0.0
675031,0.0
675032,0.0
675033,0.0
675034,0.0
675035,0.0
675036,0.0
675037,0.0
675038,0.0
675039,0.0
675040,0.0
675041,0.0
675042,0.0
675043,0.0
675044,0.0
675045,0.07243406
675046,0.0
675047,0.0
675048,6.069306e-25
675049,0.0
675050,0.0
675051,0.0
675052,0.0
675053,0.0
675054,0.0
675055,0.0
675056,0.0
675057,0.0
675058,0.0
675059,0.0
675060,0.0
675061,0.0
675062,0.0
675063,0.0
675064,0.0
675065,0.0
675066,0.0
675067,0.0
675068,0.0
675069,0.0
675070,0.0
675071,0.0
675072,0.0
675073,0.0
675074,0.0
675075,0.0
675076,0.0
675077,0.0
675078,0.0
675079,0.0
675080,0.0
675081,0.0
675082,0.0
675083,0.0
675084,0.0
675085,0.0
675086,0.0
675087,0.0
675088,0.0
675089,0.0
675090,0.0
675091,0.0
675092,0.0
675093,0.0
675094,0.0
675095,0.0
675096,0.0
675097,0.0
675098,0.0
675099,0.0
675100,0.0
675101,0.0
675102,0.0
675103,0.0
675104,0.0
675105,0.0
675106,0.0
675107,0.0
675108,0.0
675109,0.0
675110,0.0
675111,0.0
675112,0.0
675113,0.0
675114,0.0
675115,0.0
675116,0.0
675117,0.0
675118,0.0
675119,0.0
675120,0.0
675121,0.0
675122,0.0
675123,0.0
675124,0.0
675125,0.0
675126,0.0
675127,0.0
675128,0.0
675129,0.0
675130,0.0
675131,0.0
675132,0.0
675133,0.0
675134,0.0
675135,0.0
675136,0.0
675137,0.0
675138,0.0
675139,0.0
675140,0.0
675141,0.0
675142,0.0
675143,0.0
675144,0.0
675145,0.0
675146,0.0
675147,0.0
675148,0.0
675149,0.0
675150,0.0
675151,0.0
675152,0.0
675153,0.0
675154,0.0
675155,0.0
675156,0.0
675157,0.0
675158,0.0
675159,0.0
675160,0.0
675161,0.0
675162,0.0
675163,0.0
675164,0.0
675165,0.0
675166,0.0
675167,5.1025994e-36
675168,0.0
675169,0.0
675170,0.0
675171,0.0
675172,0.0
675173,0.0
675174,0.0
675175,0.0
675176,0.0
675177,0.0
675178,0.0
675179,0.0
675180,0.0
675181,0.0
675182,0.0
675183,0.0
675184,0.0
675185,0.0
675186,0.0
675187,0.0
675188,0.0
675189,0.0
675190,0.0
675191,0.0
675192,0.0
675193,0.0
675194,0.0
675195,0.0
675196,0.0
675197,0.0
675198,0.0
675199,0.0
675200,0.0
675201,0.0
675202,0.0
675203,0.0
675204,0.0
675205,0.0
675206,0.0
675207,0.0
675208,0.0
675209,0.0
675210,0.0
675211,0.0
675212,0.0
675213,0.0
675214,0.0
675215,0.0
675216,0.0
675217,0.0
675218,0.0
675219,0.0
675220,0.0
675221,0.0
675222,0.0
675223,0.0
675224,0.07014018
675225,0.0
675226,0.0
675227,0.0
675228,0.0
675229,0.0
675230,0.0
675231,0.0
675232,0.0
675233,0.0
675234,0.00070115796
675235,0.0
675236,0.0
675237,0.0
675238,0.0
675239,0.0
675240,0.0
675241,0.0
675242,0.0
675243,0.0
675244,0.0
675245,0.0
675246,0.0
675247,0.0
675248,0.0
675249,0.0
675250,0.0
675251,0.0
675252,0.0
675253,0.0
675254,0.0
675255,0.0
675256,0.0
675257,0.0
675258,0.0
675259,0.0
675260,0.0
675261,0.0
675262,0.0
675263,0.0
675264,0.0
675265,0.0
675266,0.0
675267,0.0
675268,0.0
675269,0.0
675270,0.0
675271,0.0
675272,0.0
675273,0.0
675274,0.0
675275,0.0
675276,0.0
675277,0.0
675278,0.0
675279,0.0
675280,0.0
675281,0.0
675282,0.0
675283,0.0
675284,0.0
675285,0.0
675286,0.0
675287,0.0
675288,0.0
675289,0.0
675290,0.0
675291,0.0
675292,0.0
675293,0.0
675294,0.0
675295,0.0
675296,0.0
675297,0.0
675298,0.0
675299,0.0
675300,0.0
675301,0.0
675302,0.0
675303,0.0
675304,0.0
675305,0.0
675306,0.0
675307,0.0
675308,0.0
675309,0.0
675310,0.0
675311,0.0
675312,0.0
675313,0.0
675314,0.0
675315,0.0
675316,0.0
675317,0.0
675318,0.0
675319,0.0
675320,0.0
675321,0.0
675322,0.0
675323,0.0
675324,0.0
675325,0.0
675326,0.0
675327,0.0
675328,0.0
675329,0.0
675330,0.0
675331,0.0
675332,0.0
675333,0.0
675334,0.0
675335,0.0
675336,0.0
675337,0.0
675338,0.0
675339,0.0
675340,0.0
675341,0.0
675342,0.0
675343,0.0
675344,0.0
675345,0.0
675346,0.0
675347,0.0
675348,0.0
675349,0.0
675350,0.0
675351,0.0
675352,0.0
675353,0.0
675354,0.0
675355,0.0
675356,0.0
675357,0.0
675358,0.0
675359,0.0
675360,0.0
675361,0.0
675362,0.0
675363,0.0
675364,0.0
675365,0.0
675366,0.0
675367,0.0
675368,0.0
675369,0.0
675370,0.0
675371,0.0
675372,0.0
675373,0.0
675374,0.0
675375,0.0
675376,0.0
675377,0.0
675378,0.0
675379,0.0
675380,0.0
675381,0.0
675382,0.0
675383,0.0
675384,0.0
675385,0.0
675386,0.0
675387,0.0
675388,9.279084e-25
675389,0.0
675390,0.0
675391,0.0
675392,0.0
675393,1.2026783e-23
675394,0.0
675395,0.0
675396,3.1746427e-34
675397,0.0
675398,0.0
675399,0.0
675400,0.0
675401,0.0
675402,0.0
675403,0.0
675404,0.0
675405,0.0
675406,0.0
675407,0.0
675408,0.0
675409,0.0
675410,0.0
675411,0.0
675412,0.0
675413,0.0
675414,0.0
675415,0.0
675416,0.0
675417,0.0
675418,0.0
675419,0.0
675420,0.0
675421,0.0
675422,0.0
675423,0.0
675424,0.0
675425,0.0
675426,0.0
675427,0.0
675428,0.0
675429,0.0
675430,0.0
675431,0.0
675432,0.0
675433,0.0
675434,1.1831373e-25
675435,0.0
675436,0.0
675437,0.0
675438,0.0
675439,0.0
675440,0.0
675441,0.0
675442,0.0
675443,0.0
675444,0.0
675445,0.0
675446,0.0
675447,0.0
675448,0.0
675449,0.0
675450,0.0
675451,0.0
675452,0.0
675453,0.0
675454,0.0
675455,0.0
675456,0.0
675457,0.0
675458,0.0
675459,0.0
675460,0.0
675461,0.0
675462,0.0
675463,0.0
675464,0.0
675465,0.0
675466,0.0
675467,0.0
675468,0.0
675469,0.0
675470,0.0
675471,0.0
675472,0.0
675473,0.0
675474,0.0
675475,0.0
675476,0.0
675477,0.0
675478,0.0
675479,0.0
675480,0.0
675481,0.0
675482,0.0
675483,0.0
675484,0.0
675485,0.0
675486,0.0
675487,0.0
675488,0.0
675489,0.0
675490,0.0
675491,0.0
675492,0.0
675493,0.0
675494,0.0
675495,0.0
675496,0.0
675497,0.0
675498,0.0
675499,0.0
675500,0.0
675501,0.0
675502,0.0
675503,0.0
675504,0.0
675505,0.0
675506,0.0
675507,0.0
675508,0.0
675509,0.0
675510,0.0
675511,0.0
675512,0.0
675513,0.0
675514,0.0
675515,0.0
675516,0.0
675517,0.0
675518,0.0
675519,0.0
675520,0.0
675521,0.0
675522,0.0
675523,0.0
675524,0.0
675525,0.0
675526,0.0
675527,0.0
675528,0.0
675529,0.0
675530,0.0
675531,0.0
675532,0.0
675533,0.0
675534,0.0
675535,0.0
675536,0.0
675537,0.0
675538,0.0
675539,0.0
675540,0.0
675541,0.0
675542,0.0
675543,0.0
675544,0.0
675545,0.0
675546,0.0
675547,0.0
675548,0.0
675549,0.0
675550,0.0
675551,0.0
675552,0.0
675553,0.0
675554,0.0
675555,0.0
675556,0.0
675557,0.0
675558,0.0
675559,0.0
675560,0.0
675561,0.0
675562,0.0
675563,0.0
675564,0.0
675565,0.0
675566,0.0
675567,0.0
675568,0.0
675569,0.0
675570,0.0
675571,0.0
675572,0.0
675573,0.0
675574,0.0
675575,0.0
675576,0.0
675577,0.0
675578,0.0
675579,0.0
675580,0.0
675581,0.0
675582,0.0
675583,0.0
675584,0.0
675585,0.0
675586,3.979634e-06
675587,0.0
675588,0.0
675589,0.0
675590,0.0
675591,0.0
675592,0.0
675593,0.0
675594,0.0
675595,0.0
675596,0.0
675597,0.0
675598,0.0
675599,0.0
675600,0.0
675601,0.0
675602,0.0
675603,0.0
675604,0.0
675605,0.0
675606,0.0
675607,0.0
675608,0.0
675609,0.0
675610,0.0
675611,0.0
675612,0.0
675613,0.0
675614,0.0
675615,0.0
675616,0.0
675617,0.0
675618,0.0
675619,0.0
675620,0.0
675621,0.0
675622,0.0
675623,0.0
675624,0.0
675625,0.0
675626,0.0
675627,0.0
675628,0.0
675629,0.0
675630,0.0
675631,0.0
675632,0.0
675633,0.0
675634,0.0
675635,0.0
675636,0.0
675637,0.0
675638,0.0
675639,0.0
675640,0.0
675641,2.3019357e-10
675642,0.0
675643,0.0
675644,0.0
675645,0.0
675646,0.0
675647,0.0
675648,0.0
675649,0.0
675650,0.0
675651,0.0
675652,0.0
675653,0.0
675654,0.0
675655,0.0
675656,0.0
675657,0.0
675658,0.0
675659,0.0
675660,0.0
675661,0.0
675662,0.0
675663,0.0
675664,0.0
675665,0.0
675666,0.0
675667,0.0
675668,0.0
675669,0.0
675670,0.0
675671,0.0
675672,0.0
675673,0.0
675674,0.0
675675,0.0
675676,0.0
675677,0.0
675678,0.0
675679,0.0
675680,0.0
675681,0.0
675682,0.0
675683,0.0
675684,0.0
675685,0.0
675686,0.0
675687,0.0
675688,0.0
675689,0.0
675690,0.0
675691,0.0
675692,0.0
675693,0.0
675694,0.0
675695,0.0
675696,0.0
675697,0.0
675698,0.0
675699,0.0
675700,0.0
675701,0.0
675702,0.0
675703,0.0
675704,0.0
675705,0.0
675706,0.0
675707,0.0
675708,0.0
675709,0.0
675710,0.0
675711,0.0
675712,0.0
675713,0.0
675714,0.0
675715,0.0
675716,0.0
675717,0.0
675718,0.0
675719,0.0
675720,0.0
675721,0.0
675722,0.0
675723,0.0
675724,0.0
675725,0.0
675726,0.0
675727,0.0
675728,0.0
675729,0.0
675730,0.0
675731,0.0
675732,0.0
675733,0.0
675734,0.0
675735,0.0
675736,0.0
675737,0.0
675738,0.0
675739,9.7764225e-27
675740,0.0
675741,0.0
675742,0.0
675743,0.0
675744,0.0
675745,0.0
675746,0.0
675747,0.0
675748,0.0
675749,0.0
675750,0.0
675751,0.0
675752,0.0
675753,0.0
675754,0.0
675755,0.0
675756,0.0
675757,0.0
675758,0.0
675759,0.0
675760,0.0
675761,0.0
675762,0.0
675763,0.0
675764,0.0
675765,0.0
675766,0.0
675767,0.0
675768,0.0
675769,0.0
675770,0.0
675771,0.0
675772,0.0
675773,0.0
675774,0.0
675775,0.0
675776,0.0
675777,0.0
675778,0.0
675779,0.0
675780,0.0
675781,0.0
675782,0.0
675783,0.0
675784,0.0
675785,0.0
675786,0.0
675787,0.0
675788,0.0
675789,0.0
675790,0.0
675791,0.0
675792,0.0
675793,0.0
675794,0.0
675795,0.0
675796,0.0
675797,0.0
675798,0.0
675799,0.0
675800,0.0
675801,0.0
675802,0.0
675803,0.0
675804,0.0
675805,0.0
675806,0.0
675807,1.0283467e-26
675808,1.944521e-16
675809,0.0
675810,0.0
675811,0.0
675812,0.0
675813,0.0
675814,0.0
675815,0.0
675816,0.0
675817,0.0
675818,0.0
675819,0.0
675820,0.0
675821,0.0
675822,0.0
675823,0.0
675824,0.0
675825,0.0
675826,0.0
675827,0.0
675828,0.0
675829,0.0
675830,0.0
675831,0.0
675832,0.0
675833,0.0
675834,0.0
675835,0.0
675836,0.0
675837,0.0
675838,0.0
675839,0.0
675840,0.0
675841,0.0
675842,0.0
675843,0.0
675844,0.0
675845,0.0
675846,0.0
675847,0.0
675848,0.0
675849,0.0
675850,0.0
675851,0.0
675852,0.0
675853,0.0
675854,0.0
675855,0.0
675856,0.0
675857,0.0
675858,0.0
675859,0.0
675860,0.0
675861,0.0
675862,0.0
675863,7.369469e-21
675864,0.0
675865,0.0
675866,0.0
675867,0.0
675868,0.0
675869,1.3491741e-21
675870,0.0
675871,0.0
675872,0.0
675873,0.0
675874,0.0
675875,0.0
675876,0.0
675877,0.0
675878,0.0
675879,0.0
675880,0.0
675881,3.1250524e-28
675882,0.0
675883,0.0
675884,0.0
675885,0.0
675886,0.0
675887,0.0
675888,0.0
675889,0.0
675890,0.0
675891,0.0
675892,0.0
675893,0.0
675894,0.0
675895,0.0
675896,0.0
675897,0.0
675898,0.0
675899,0.0
675900,0.0
675901,0.0
675902,0.0
675903,0.0
675904,0.0
675905,0.0
675906,0.0
675907,0.0
675908,0.0
675909,0.0
675910,0.0
675911,0.0
675912,0.0
675913,0.0
675914,0.0
675915,0.0
675916,0.0
675917,0.0
675918,0.0
675919,0.0
675920,0.0
675921,0.0
675922,0.0
675923,0.0
675924,0.0
675925,0.0
675926,0.0
675927,0.0
675928,0.0
675929,0.0
675930,0.0
675931,0.0
675932,0.0
675933,0.0
675934,0.0
675935,0.0
675936,0.0
675937,0.0
675938,0.0
675939,0.0
675940,0.0
675941,0.0
675942,0.0
675943,0.0
675944,0.0
675945,0.0
675946,0.0
675947,0.0
675948,0.0
675949,0.0
675950,0.0
675951,0.0
675952,0.0
675953,0.0
675954,0.0
675955,0.0
675956,0.0
675957,0.0
675958,0.0
675959,0.0
675960,0.0
675961,0.0
675962,0.0
675963,0.0
675964,0.0
675965,0.0
675966,0.0
675967,0.0
675968,0.0
675969,0.0
675970,0.0
675971,0.0
675972,0.0
675973,0.0
675974,0.0
675975,0.0
675976,0.0
675977,0.0
675978,0.0
675979,0.0
675980,0.0
675981,0.0
675982,0.0
675983,0.0
675984,0.0
675985,0.0
675986,0.0
675987,0.0
675988,0.0
675989,0.0
675990,0.0
675991,0.0
675992,0.0
675993,0.0
675994,0.0
675995,0.0
675996,0.0
675997,0.0
675998,0.0
675999,0.0
676000,0.0
676001,0.0
676002,0.0
676003,0.0
676004,0.0
676005,0.0
676006,0.0
676007,0.0
676008,0.0
676009,0.0
676010,0.0
676011,0.0
676012,0.0
676013,0.0
676014,0.0
676015,0.0
676016,0.0
676017,0.0
676018,0.0
676019,0.0
676020,0.0
676021,0.0
676022,0.0
676023,0.0
676024,0.0
676025,0.0
676026,0.0
676027,0.0
676028,0.0
676029,0.0
676030,0.0
676031,0.0
676032,0.0
676033,0.0
676034,0.0
676035,0.0
676036,0.0
676037,0.0
676038,0.0
676039,0.0
676040,0.0
676041,1.0149661e-21
676042,0.0
676043,0.0
676044,0.0
676045,0.0
676046,0.0
676047,0.0
676048,0.0
676049,0.0
676050,0.0
676051,0.0
676052,0.0
676053,0.0
676054,0.0
676055,0.0
676056,0.0
676057,0.0
676058,0.0
676059,0.0
676060,0.0
676061,0.0
676062,0.0
676063,0.0
676064,0.0
676065,0.0
676066,0.0
676067,0.0
676068,0.0
676069,0.0
676070,0.0
676071,0.0
676072,0.0
676073,0.0
676074,0.0
676075,0.0
676076,0.0
676077,0.0
676078,0.0
676079,0.0
676080,0.0
676081,0.0
676082,0.0
676083,0.0
676084,0.0
676085,0.0
676086,0.0
676087,0.0
676088,0.0
676089,0.0
676090,0.0
676091,0.0
676092,0.0
676093,0.0
676094,0.0
676095,0.0
676096,0.0
676097,0.0
676098,0.0
676099,0.0
676100,0.0
676101,0.0
676102,0.0
676103,0.0
676104,0.0
676105,0.0
676106,0.0
676107,0.0
676108,0.0
676109,0.0
676110,0.0
676111,0.0
676112,0.0
676113,0.0
676114,0.0
676115,0.0
676116,0.0
676117,0.0
676118,0.0
676119,0.0
676120,0.0
676121,0.0
676122,0.0
676123,0.0
676124,0.0
676125,0.0
676126,0.0
676127,0.0
676128,2.1453148e-38
676129,0.0
676130,0.0
676131,0.0
676132,0.0
676133,0.0
676134,0.0
676135,0.0
676136,0.0
676137,0.0
676138,0.0
676139,0.0
676140,0.0
676141,0.0
676142,0.0
676143,0.0
676144,0.0
676145,0.0
676146,0.0
676147,0.0
676148,0.0
676149,0.0
676150,0.0
676151,0.0
676152,0.0
676153,0.0
676154,0.0
676155,0.0
676156,0.0
676157,0.0
676158,0.0
676159,0.0
676160,0.0
676161,0.0
676162,0.0
676163,0.0
676164,0.0
676165,0.0
676166,0.0
676167,0.0
676168,0.0
676169,0.0
676170,0.0
676171,0.0
676172,0.0
676173,0.0
676174,0.0
676175,0.0
676176,0.0
676177,0.0
676178,0.0
676179,0.0
676180,0.0
676181,0.0
676182,0.0
676183,0.0
676184,0.0
676185,0.0
676186,0.0
676187,0.0
676188,0.0
676189,0.0
676190,0.0
676191,0.0
676192,0.0
676193,0.0
676194,0.0
676195,0.0
676196,0.0
676197,0.0
676198,0.0
676199,0.0
676200,0.0
676201,0.0
676202,0.0
676203,0.0
676204,0.0
676205,0.0
676206,0.0
676207,0.0
676208,0.0
676209,0.0
676210,0.0
676211,0.0
676212,0.0
676213,0.0
676214,0.0
676215,0.0
676216,0.0
676217,0.0
676218,0.0
676219,0.0
676220,0.0
676221,0.0
676222,0.0
676223,0.0
676224,0.0
676225,0.0
676226,0.0
676227,0.0
676228,0.0
676229,0.0
676230,0.0
676231,0.0
676232,0.0
676233,0.0
676234,0.0
676235,0.0
676236,0.0
676237,0.0
676238,0.0
676239,0.0
676240,0.0
676241,0.0
676242,0.0
676243,0.0
676244,0.0
676245,0.0
676246,0.0
676247,0.0
676248,0.0
676249,0.0
676250,0.0
676251,0.0
676252,0.0
676253,0.0
676254,0.0
676255,0.0
676256,0.0
676257,0.0
676258,0.0
676259,0.0
676260,0.0
676261,0.0
676262,0.0
676263,0.0
676264,0.0
676265,0.0
676266,0.0
676267,0.0
676268,0.0
676269,0.0
676270,0.0
676271,0.0
676272,0.0
676273,0.0
676274,0.0
676275,0.0
676276,0.0
676277,0.0
676278,0.0
676279,0.0
676280,0.0
676281,0.0
676282,0.0
676283,0.0
676284,0.0
676285,0.0
676286,0.0
676287,0.0
676288,0.0
676289,0.0
676290,0.0
676291,0.0
676292,0.0
676293,0.0
676294,0.0
676295,0.0
676296,0.0
676297,0.0
676298,0.0
676299,0.0
676300,0.0
676301,0.0
676302,0.0
676303,0.0
676304,0.0
676305,0.0
676306,0.0
676307,0.0
676308,0.0
676309,0.0
676310,0.0
676311,0.0
676312,0.0
676313,0.0
676314,0.0
676315,0.0
676316,0.0
676317,0.0
676318,0.0
676319,0.0
676320,0.0
676321,0.0
676322,0.0
676323,0.0
676324,0.0
676325,0.0
676326,0.0
676327,0.0
676328,0.0
676329,0.0
676330,0.0
676331,0.0
676332,0.0
676333,0.0
676334,0.0
676335,0.0
676336,0.0
676337,0.0
676338,0.0
676339,0.0
676340,0.0
676341,0.0
676342,0.0
676343,0.0
676344,0.0
676345,0.0
676346,0.0
676347,0.0
676348,0.0
676349,0.0
676350,0.0
676351,0.0
676352,0.0
676353,0.0
676354,0.0
676355,0.0
676356,0.0
676357,0.0
676358,0.0
676359,0.0
676360,0.0
676361,0.0
676362,0.0
676363,0.0
676364,0.0
676365,0.0
676366,0.0
676367,0.0
676368,0.0
676369,0.0
676370,0.0
676371,0.0
676372,0.0
676373,0.0
676374,0.0
676375,0.0
676376,0.0
676377,0.0
676378,0.0
676379,0.0
676380,0.0
676381,0.0
676382,0.0
676383,0.0
676384,0.0
676385,0.0
676386,0.0
676387,0.0
676388,0.0
676389,0.0
676390,0.0
676391,0.0
676392,0.0
676393,0.0
676394,0.0
676395,0.0
676396,0.0
676397,0.0
676398,0.0
676399,0.0
676400,0.0
676401,0.0
676402,0.0
676403,0.0
676404,0.0
676405,0.0
676406,0.0
676407,0.0
676408,0.0
676409,0.0
676410,0.0
676411,0.0
676412,0.0
676413,0.0
676414,0.0
676415,0.0
676416,0.0
676417,0.0
676418,0.0
676419,0.0
676420,0.0
676421,0.0
676422,0.0
676423,0.16723175
676424,0.0
676425,0.0
676426,0.0
676427,0.0
676428,0.0
676429,0.0
676430,0.0
676431,0.0
676432,0.0
676433,0.0
676434,0.0
676435,0.0
676436,0.0
676437,0.0
676438,0.0
676439,0.0
676440,0.0
676441,0.0
676442,0.0
676443,0.0
676444,2.5106793e-11
676445,0.0
676446,0.0
676447,0.0
676448,0.0
676449,0.0
676450,0.0
676451,0.0
676452,0.0
676453,0.0
676454,0.0
676455,0.0
676456,0.0
676457,0.0
676458,0.0
676459,0.0
676460,0.0
676461,0.0
676462,0.0
676463,0.0
676464,0.0
676465,0.0
676466,0.0
676467,0.0
676468,0.0
676469,0.0
676470,0.0
676471,0.0
676472,0.0
676473,0.0
676474,0.0
676475,0.0
676476,0.0
676477,0.0
676478,0.0
676479,0.0
676480,0.0
676481,0.0
676482,0.0
676483,0.0
676484,0.0
676485,0.0
676486,0.0
676487,0.0
676488,0.0
676489,0.0
676490,0.0
676491,0.0
676492,0.0
676493,0.0
676494,0.0
676495,0.0
676496,0.0
676497,0.0
676498,0.0
676499,0.0
676500,0.0
676501,0.0
676502,0.0
676503,0.0
676504,0.0
676505,0.0
676506,0.0
676507,0.0
676508,0.0
676509,0.0
676510,0.0
676511,0.0
676512,0.0
676513,0.0
676514,0.0
676515,0.0
676516,0.0
676517,0.0
676518,0.0
676519,0.0
676520,0.0
676521,0.0
676522,0.0
676523,0.0
676524,0.0
676525,0.0
676526,0.0
676527,0.0
676528,0.0
676529,0.0
676530,0.0
676531,0.0
676532,0.0
676533,0.0
676534,0.0
676535,0.0
676536,0.0
676537,0.0
676538,0.0
676539,0.0
676540,0.0
676541,0.0
676542,0.0
676543,0.0
676544,0.0
676545,0.0
676546,0.0
676547,0.0
676548,0.0
676549,0.0
676550,0.0
676551,0.0
676552,0.0
676553,0.0
676554,0.0
676555,0.0
676556,0.0
676557,0.0
676558,0.0
676559,0.0
676560,0.0
676561,0.0
676562,0.0
676563,0.0
676564,0.0
676565,0.0
676566,0.0
676567,0.0
676568,0.0
676569,0.0
676570,0.0
676571,0.0
676572,0.0
676573,0.0
676574,0.0
676575,0.0
676576,0.0
676577,0.0
676578,0.0
676579,0.0
676580,0.0
676581,0.0
676582,0.0
676583,0.0
676584,0.0
676585,0.0
676586,0.0
676587,0.0
676588,0.0
676589,0.0
676590,0.0
676591,0.0
676592,0.0
676593,0.0
676594,0.0
676595,0.0
676596,0.0
676597,0.0
676598,0.0
676599,0.0
676600,0.0
676601,0.0
676602,0.0
676603,0.0
676604,0.0
676605,0.0
676606,0.0
676607,0.0
676608,0.0
676609,0.0
676610,0.0
676611,0.0
676612,0.0
676613,0.0
676614,0.0
676615,0.0
676616,0.0
676617,0.0
676618,0.0
676619,0.0
676620,0.0
676621,0.0
676622,0.0
676623,0.0
676624,0.0
676625,0.0
676626,0.0
676627,0.0
676628,0.0
676629,0.0
676630,0.0
676631,0.0
676632,0.0
676633,0.0
676634,0.0
676635,0.0
676636,0.0
676637,0.0
676638,0.0
676639,0.0
676640,0.0
676641,0.0
676642,0.0
676643,0.0
676644,0.0
676645,0.0
676646,0.0
676647,0.0
676648,0.0
676649,0.0
676650,0.0
676651,0.0
676652,0.0
676653,0.0
676654,0.0
676655,5.8850406e-18
676656,0.0
676657,0.0
676658,0.0
676659,0.0
676660,0.0
676661,0.0
676662,0.0
676663,0.0
676664,1.075446e-10
676665,0.0
676666,0.0
676667,0.0
676668,0.0
676669,0.0
676670,0.0
676671,0.0
676672,0.0
676673,0.0
676674,0.0
676675,0.0
676676,0.0
676677,0.0
676678,0.0
676679,0.0
676680,0.0
676681,0.0
676682,0.0
676683,0.0
676684,0.0
676685,0.0
676686,0.0
676687,0.0
676688,0.0
676689,0.0
676690,0.0
676691,0.0
676692,0.0
676693,0.0
676694,0.0
676695,0.0
676696,0.0
676697,0.0
676698,0.0
676699,0.0
676700,0.0
676701,0.0
676702,0.0
676703,0.0
676704,0.0
676705,0.0
676706,0.0
676707,0.0
676708,0.0
676709,0.0
676710,0.0
676711,0.0
676712,0.0
676713,0.0
676714,0.0
676715,0.0
676716,0.0
676717,0.0
676718,0.0
676719,0.0
676720,0.0
676721,0.0
676722,0.0
676723,0.0
676724,0.0
676725,0.0
676726,0.0
676727,0.0
676728,0.0
676729,0.0
676730,0.0
676731,0.0
676732,0.0
676733,0.0
676734,0.0
676735,0.0
676736,0.0
676737,0.0
676738,0.0
676739,0.0
676740,0.0
676741,0.0
676742,0.0
676743,0.0
676744,0.0
676745,0.0
676746,0.0
676747,0.0
676748,0.0
676749,0.0
676750,0.0
676751,0.0
676752,0.0
676753,0.0
676754,0.0
676755,0.0
676756,0.0
676757,0.0
676758,0.0
676759,0.0
676760,0.0
676761,0.0
676762,0.0
676763,0.0
676764,0.0
676765,0.0
676766,0.0
676767,0.0
676768,0.0
676769,0.0
676770,0.0
676771,0.0
676772,0.0
676773,0.0
676774,0.0
676775,0.0
676776,0.0
676777,0.0
676778,0.0
676779,0.0
676780,0.0
676781,0.0
676782,0.0
676783,0.0
676784,0.0
676785,0.0
676786,0.0
676787,0.0
676788,0.0
676789,0.0
676790,0.0
676791,0.0
676792,0.0
676793,0.0
676794,0.0
676795,0.0
676796,0.0
676797,0.0
676798,0.0
676799,0.0
676800,0.0
676801,0.0
676802,0.0
676803,0.0
676804,0.0
676805,0.0
676806,0.0
676807,0.0
676808,0.0
676809,0.0
676810,0.0
676811,0.0
676812,0.0
676813,0.0
676814,0.0
676815,0.0
676816,0.0
676817,0.0
676818,0.0
676819,0.0
676820,0.0
676821,0.0
676822,0.0
676823,0.0
676824,0.0
676825,0.0
676826,0.0
676827,3.7868586e-27
676828,0.0
676829,0.0
676830,0.0
676831,0.0
676832,0.0
676833,0.0
676834,0.0
676835,0.0
676836,0.0
676837,0.0
676838,0.0
676839,0.0
676840,0.0
676841,0.0
676842,0.0
676843,0.0
676844,0.0
676845,0.0
676846,6.4133187e-35
676847,0.0
676848,0.0
676849,0.0
676850,0.0
676851,0.0
676852,0.0
676853,0.0
676854,0.0
676855,0.0
676856,0.0
676857,0.0
676858,0.0
676859,0.0
676860,0.0
676861,0.0
676862,0.0
676863,0.0
676864,0.0
676865,0.0
676866,0.0
676867,0.0
676868,0.0
676869,0.0
676870,0.0
676871,0.0
676872,0.0
676873,0.0
676874,0.0
676875,0.0
676876,0.0
676877,0.0
676878,0.0
676879,0.0
676880,0.0
676881,0.0
676882,0.0
676883,0.0
676884,0.0
676885,0.0
676886,0.0
676887,0.0
676888,0.0
676889,0.0
676890,0.0
676891,0.0
676892,0.0
676893,0.0
676894,0.0
676895,0.0
676896,0.0
676897,0.0
676898,0.0
676899,0.0
676900,0.0
676901,0.0006965223
676902,0.0
676903,0.0
676904,0.0
676905,0.0
676906,0.0
676907,0.0
676908,0.0
676909,0.0
676910,0.0
676911,0.0
676912,0.0
676913,0.0
676914,0.0
676915,0.0
676916,0.0
676917,0.0
676918,0.0
676919,0.0
676920,0.0
676921,0.0
676922,0.0
676923,0.0
676924,0.0
676925,0.0
676926,0.0
676927,0.0
676928,0.0
676929,0.0
676930,0.0
676931,0.0
676932,0.0
676933,0.0
676934,0.0
676935,0.0
676936,0.0
676937,0.0
676938,0.0
676939,0.0
676940,0.0
676941,0.0
676942,0.0
676943,0.0
676944,0.0
676945,0.0
676946,0.0
676947,0.0
676948,0.0
676949,0.0
676950,0.0
676951,0.0
676952,0.0
676953,0.36242384
676954,0.0
676955,0.0
676956,0.0
676957,0.0
676958,0.0
676959,0.0
676960,0.0
676961,0.0
676962,0.0
676963,0.0
676964,0.0
676965,0.0
676966,0.0
676967,0.0
676968,9.499679e-13
676969,0.0
676970,0.0
676971,0.0
676972,0.0
676973,0.0
676974,0.0
676975,0.0
676976,0.0
676977,0.0
676978,0.0
676979,0.0
676980,0.0
676981,0.0
676982,0.0
676983,0.0
676984,0.0
676985,0.0
676986,0.0
676987,0.0
676988,0.0
676989,0.0
676990,0.0
676991,0.0
676992,0.0
676993,0.0
676994,0.0
676995,0.0
676996,0.0
676997,0.0
676998,0.0
676999,0.0
677000,0.0
677001,0.0
677002,0.0
677003,0.0
677004,0.0
677005,0.0
677006,0.0
677007,0.0
677008,0.0
677009,0.0
677010,0.0
677011,0.0
677012,0.0
677013,0.0
677014,0.0
677015,0.0
677016,0.0
677017,0.0
677018,0.0
677019,0.0
677020,0.0
677021,0.0
677022,0.0
677023,0.0
677024,0.0
677025,0.0
677026,0.0
677027,0.0
677028,0.0
677029,0.0
677030,0.0
677031,0.0
677032,0.0
677033,0.0
677034,0.0
677035,0.0
677036,0.0
677037,0.0
677038,0.0
677039,0.0
677040,0.0
677041,0.0
677042,0.0
677043,0.0
677044,0.0
677045,0.0
677046,0.0
677047,0.0
677048,0.0
677049,0.0
677050,0.0
677051,0.0
677052,0.0
677053,0.0
677054,0.0
677055,0.0
677056,0.0
677057,0.0
677058,0.0
677059,0.0
677060,0.0
677061,0.0
677062,0.0
677063,0.0
677064,0.0
677065,0.0
677066,0.0
677067,0.0
677068,0.0
677069,0.0
677070,0.0
677071,0.0
677072,0.0
677073,0.0
677074,0.0
677075,0.0
677076,0.0
677077,0.0
677078,0.0
677079,0.0
677080,0.0
677081,0.0
677082,0.0
677083,0.0
677084,0.0
677085,0.0
677086,0.0
677087,0.0
677088,0.0
677089,0.0
677090,0.0
677091,0.0
677092,0.0
677093,0.0
677094,0.0
677095,0.0
677096,0.0
677097,0.0
677098,0.0
677099,0.0
677100,0.0
677101,3.208624e-11
677102,0.0
677103,0.0
677104,0.0
677105,0.0
677106,0.0
677107,0.0
677108,0.0
677109,0.0
677110,0.0
677111,0.0
677112,0.0
677113,0.0
677114,0.0
677115,0.0
677116,0.0
677117,0.0
677118,0.0
677119,0.0
677120,0.0
677121,0.0
677122,0.0
677123,0.0
677124,0.0
677125,0.0
677126,0.0
677127,0.0
677128,0.0
677129,0.0
677130,0.0
677131,0.0
677132,0.0
677133,0.0
677134,0.0
677135,0.0
677136,0.0
677137,0.0
677138,0.0
677139,0.0
677140,0.0
677141,0.0
677142,0.0
677143,0.0
677144,0.0
677145,0.0
677146,0.0
677147,0.0
677148,0.0
677149,0.0
677150,0.0
677151,0.0
677152,0.0
677153,0.0
677154,0.0
677155,0.0
677156,0.0
677157,0.0
677158,0.0
677159,0.0
677160,0.0
677161,0.0
677162,0.0
677163,0.0
677164,0.0
677165,0.0
677166,0.0
677167,0.0
677168,0.0
677169,0.0
677170,0.0
677171,2.5289655e-12
677172,0.0
677173,0.0
677174,0.0
677175,0.0
677176,0.0
677177,0.0
677178,0.0
677179,0.0
677180,0.0
677181,0.0
677182,0.0
677183,0.0
677184,0.0
677185,0.0
677186,0.0
677187,0.0
677188,0.0
677189,0.0
677190,0.0
677191,0.0
677192,0.0
677193,0.0
677194,0.0
677195,0.0
677196,0.0
677197,0.0
677198,0.0
677199,0.0
677200,0.0
677201,0.0
677202,0.0
677203,0.0
677204,0.0
677205,0.0
677206,0.0
677207,0.0
677208,0.0
677209,0.0
677210,0.0
677211,0.0
677212,0.0
677213,0.0
677214,0.0
677215,0.0
677216,0.0
677217,0.0
677218,0.0
677219,0.0
677220,0.0
677221,0.0
677222,0.0
677223,0.0
677224,0.0
677225,0.0
677226,0.0
677227,0.0
677228,0.0
677229,0.0
677230,0.0
677231,0.0
677232,0.0
677233,0.0
677234,1.3258016e-29
677235,0.0
677236,0.0
677237,0.0
677238,0.0
677239,0.0
677240,0.0
677241,0.0
677242,0.0
677243,0.0
677244,2.9043892e-30
677245,0.0
677246,0.0
677247,0.0
677248,0.0
677249,0.0
677250,0.0
677251,0.0
677252,0.0
677253,0.0
677254,0.0
677255,0.0
677256,0.0
677257,0.0
677258,0.0
677259,0.0
677260,0.0
677261,0.0
677262,0.0
677263,0.0
677264,0.0
677265,0.0
677266,0.0
677267,0.0
677268,0.0
677269,0.0
677270,0.0
677271,0.0
677272,0.0
677273,0.0
677274,0.0
677275,0.0
677276,0.0
677277,0.0
677278,0.0
677279,0.0
677280,0.0
677281,0.0
677282,0.0
677283,0.0
677284,0.0
677285,0.0
677286,0.0
677287,0.0
677288,0.0
677289,0.0
677290,0.0
677291,0.0
677292,0.0
677293,0.0
677294,0.0
677295,0.0
677296,0.0
677297,0.0
677298,0.0
677299,0.0
677300,0.0
677301,0.0
677302,0.0
677303,0.0
677304,0.0
677305,0.0
677306,0.0
677307,0.0
677308,0.0
677309,0.0
677310,0.0
677311,0.0
677312,0.0
677313,0.0
677314,0.0
677315,0.0
677316,0.0
677317,0.0
677318,0.0
677319,0.0
677320,0.0
677321,0.0
677322,0.0
677323,0.0
677324,0.0
677325,0.0
677326,0.0
677327,0.0
677328,0.0
677329,0.0
677330,0.0
677331,0.0
677332,0.0
677333,0.0
677334,0.0
677335,0.0
677336,0.0
677337,0.0
677338,8.783666e-22
677339,0.0
677340,0.0
677341,0.0
677342,0.0
677343,0.0
677344,0.0
677345,0.0
677346,0.0
677347,0.0
677348,0.0
677349,0.0
677350,0.0
677351,0.036286063
677352,0.0
677353,0.0
677354,0.0
677355,0.0
677356,0.0
677357,0.0
677358,0.0
677359,0.0
677360,0.0
677361,0.0
677362,0.0
677363,0.0
677364,0.0
677365,0.0
677366,0.0
677367,0.0
677368,0.0
677369,3.829692e-31
677370,0.0
677371,0.0
677372,0.0
677373,0.0
677374,0.0
677375,0.0
677376,0.0
677377,0.0
677378,0.0
677379,0.0
677380,0.0
677381,0.0
677382,0.0
677383,0.0
677384,0.0
677385,0.0
677386,0.0
677387,0.0
677388,0.0
677389,0.0
677390,0.0
677391,0.0
677392,0.0
677393,0.0
677394,0.0
677395,0.0
677396,0.0
677397,0.0
677398,0.0
677399,0.0
677400,0.0
677401,0.0
677402,0.0
677403,0.0
677404,0.0
677405,0.0
677406,0.0
677407,0.0
677408,0.0
677409,0.0
677410,0.0
677411,0.0
677412,0.0
677413,0.0
677414,0.0
677415,0.0
677416,0.0
677417,0.0
677418,0.0
677419,0.0
677420,0.0
677421,0.0
677422,0.0
677423,0.0
677424,0.0
677425,0.0
677426,0.0
677427,0.0
677428,0.0
677429,0.0
677430,0.0
677431,0.0
677432,0.0
677433,0.0
677434,0.0
677435,0.0
677436,0.0
677437,0.0
677438,0.0
677439,0.0
677440,0.0
677441,0.0
677442,0.0
677443,0.0
677444,0.0
677445,0.0
677446,0.0
677447,0.0
677448,0.0
677449,0.0
677450,0.0
677451,0.0
677452,0.0
677453,0.0
677454,0.0
677455,0.0
677456,0.0
677457,0.0
677458,0.0
677459,0.0
677460,0.0
677461,0.0
677462,0.0
677463,0.0
677464,0.0
677465,0.0
677466,0.0
677467,0.0
677468,0.0
677469,0.0
677470,0.0
677471,0.0
677472,0.0
677473,0.0
677474,0.0
677475,0.0
677476,0.0
677477,1.0284149e-38
677478,0.0
677479,0.0
677480,0.0
677481,0.0
677482,0.0
677483,0.0
677484,0.0
677485,0.0
677486,0.0
677487,0.0
677488,0.0
677489,0.0
677490,0.0
677491,0.0
677492,0.0
677493,0.0
677494,0.0
677495,0.0
677496,0.0
677497,0.0
677498,0.0
677499,0.0
677500,0.0
677501,0.0
677502,0.0
677503,0.0
677504,0.0
677505,0.0
677506,0.0
677507,0.0
677508,0.0
677509,0.0
677510,0.0
677511,0.0
677512,0.0
677513,0.0
677514,0.0
677515,0.0
677516,0.0
677517,2.830166e-10
677518,0.0
677519,0.0
677520,0.0
677521,0.0
677522,0.0
677523,0.0
677524,0.0
677525,0.0014691742
677526,0.0
677527,0.0
677528,0.0
677529,0.0
677530,0.0
677531,0.0
677532,0.0
677533,0.0
677534,0.0
677535,0.0
677536,0.0
677537,0.0
677538,0.0
677539,0.0
677540,0.0
677541,0.0
677542,0.0
677543,0.0
677544,0.0
677545,0.0
677546,0.0
677547,0.0
677548,0.0
677549,0.0
677550,0.0
677551,0.0
677552,0.0
677553,0.0
677554,0.0
677555,0.0
677556,0.0
677557,0.0
677558,0.0
677559,6.232594e-10
677560,0.0
677561,0.0
677562,0.0
677563,0.0
677564,0.0
677565,0.0
677566,0.0
677567,0.0
677568,0.0
677569,0.0
677570,0.0
677571,0.0
677572,0.0
677573,0.0
677574,0.0
677575,0.0
677576,0.0
677577,0.0
677578,0.0
677579,0.0
677580,0.0
677581,0.0
677582,0.0
677583,0.0
677584,0.0
677585,0.0
677586,0.0
677587,0.0
677588,0.0
677589,0.0
677590,0.0
677591,0.0
677592,0.0
677593,0.0
677594,0.0
677595,0.0
677596,0.0
677597,0.0
677598,0.0
677599,0.0
677600,0.0
677601,0.0
677602,0.0
677603,0.0
677604,0.0
677605,0.36140493
677606,0.0
677607,0.0
677608,0.0
677609,0.0
677610,0.0
677611,0.0
677612,0.0
677613,0.0
677614,0.0
677615,0.0
677616,0.0
677617,0.0
677618,0.0
677619,0.0
677620,0.0
677621,0.0
677622,0.0
677623,0.0
677624,0.0
677625,0.0
677626,0.0
677627,0.0
677628,0.0
677629,0.0
677630,0.0
677631,0.0
677632,0.0
677633,0.0
677634,0.0
677635,0.0
677636,0.0
677637,0.0
677638,0.0
677639,0.0
677640,0.0
677641,0.0
677642,0.0
677643,0.0
677644,0.0
677645,0.0
677646,0.0
677647,0.0
677648,0.0
677649,0.0
677650,0.0
677651,0.0
677652,0.0
677653,0.0
677654,0.0
677655,0.0
677656,0.0
677657,0.0
677658,0.0
677659,0.0
677660,0.0
677661,0.0
677662,0.0
677663,0.0
677664,0.0
677665,0.0
677666,0.0
677667,0.0
677668,0.0
677669,0.0
677670,0.0
677671,0.0
677672,0.0
677673,0.0
677674,0.0
677675,0.0
677676,0.0
677677,0.0
677678,0.0
677679,0.0
677680,0.0
677681,0.0
677682,0.0
677683,0.0
677684,0.0
677685,0.0
677686,0.0
677687,0.0
677688,0.0
677689,0.0
677690,0.0
677691,0.0
677692,0.0
677693,0.0
677694,0.0
677695,0.0
677696,0.0
677697,0.0
677698,0.0
677699,0.0
677700,0.0
677701,0.0
677702,0.0
677703,0.0
677704,0.0
677705,0.0
677706,0.0
677707,0.0
677708,0.0
677709,0.0
677710,0.0
677711,0.0
677712,0.0
677713,0.0
677714,0.0
677715,0.0
677716,0.0
677717,0.0
677718,0.0
677719,0.0
677720,0.0
677721,0.0
677722,0.0
677723,0.0
677724,0.0
677725,0.0
677726,0.0
677727,0.0
677728,0.0
677729,0.0
677730,0.0
677731,0.0
677732,0.0
677733,0.0
677734,0.0
677735,0.0
677736,0.0
677737,0.0
677738,0.0
677739,0.0
677740,0.0
677741,0.0
677742,0.0
677743,0.0
677744,0.0
677745,0.0
677746,0.0
677747,0.0
677748,0.0
677749,0.0
677750,0.0
677751,0.0
677752,0.0
677753,0.0
677754,0.0
677755,0.0
677756,0.0
677757,0.0
677758,0.0
677759,0.0
677760,0.0
677761,0.0
677762,0.0
677763,0.0
677764,0.0
677765,0.0
677766,0.0
677767,0.0
677768,0.0
677769,0.0
677770,0.0
677771,0.0
677772,0.0
677773,0.0
677774,0.0
677775,0.0
677776,0.0
677777,0.0
677778,0.0
677779,0.0
677780,0.0
677781,0.0
677782,0.0
677783,0.0
677784,0.0
677785,0.0
677786,0.0
677787,0.0
677788,0.0
677789,0.0
677790,0.0
677791,0.0
677792,0.0
677793,0.0
677794,0.0
677795,0.0
677796,0.0
677797,0.0
677798,0.0
677799,0.0
677800,0.0
677801,0.0
677802,0.0
677803,0.0
677804,0.0
677805,0.0
677806,0.0
677807,0.0
677808,0.0
677809,0.0
677810,0.0
677811,0.0
677812,0.0
677813,0.0
677814,0.0
677815,0.0
677816,0.0
677817,0.0
677818,0.0
677819,0.0
677820,0.0
677821,0.0
677822,0.0
677823,0.0
677824,0.0
677825,0.0
677826,0.0
677827,0.0
677828,1.3800165e-27
677829,0.0
677830,0.0
677831,0.0
677832,0.0
677833,0.0
677834,0.0
677835,0.0
677836,0.0
677837,0.0
677838,1.7890228e-21
677839,0.0
677840,0.0
677841,0.0
677842,0.0
677843,0.0
677844,0.0
677845,0.0
677846,0.0
677847,0.0
677848,0.0
677849,0.0
677850,0.0
677851,0.0
677852,0.0
677853,0.0
677854,0.0
677855,0.0
677856,0.0
677857,0.0
677858,0.0
677859,0.0
677860,0.0
677861,0.0
677862,0.0
677863,0.0
677864,0.0
677865,0.0
677866,0.0
677867,0.0
677868,0.0
677869,0.0
677870,0.0
677871,0.0
677872,0.0
677873,0.0
677874,0.0
677875,0.0
677876,0.0
677877,0.0
677878,0.0
677879,0.0
677880,0.0
677881,0.0
677882,0.0
677883,0.0
677884,0.0
677885,0.0
677886,0.0
677887,0.0
677888,0.0
677889,0.0
677890,0.0
677891,0.0
677892,0.0
677893,0.0
677894,0.0
677895,0.0
677896,0.0
677897,0.0
677898,0.0
677899,0.0
677900,0.0
677901,0.0
677902,0.0
677903,0.0
677904,0.0
677905,0.0
677906,0.0
677907,0.0
677908,0.0
677909,0.0
677910,0.0
677911,0.0
677912,0.0
677913,0.0
677914,0.0
677915,0.0
677916,0.0
677917,0.0
677918,0.0
677919,0.0
677920,0.0
677921,0.0
677922,0.0
677923,0.0
677924,0.0
677925,0.0
677926,0.0
677927,0.0
677928,0.0
677929,0.0
677930,0.0
677931,0.0
677932,0.0
677933,0.0
677934,0.0
677935,0.0
677936,0.0
677937,0.0
677938,0.0
677939,8.307712e-29
677940,0.0
677941,0.0
677942,0.0
677943,0.0
677944,0.0
677945,0.0
677946,0.0
677947,0.36242384
677948,0.0
677949,0.0
677950,0.0
677951,0.0
677952,0.0
677953,0.0
677954,0.0
677955,0.0
677956,0.0
677957,0.0
677958,0.0
677959,0.0
677960,3.2094623e-15
677961,0.0
677962,0.0
677963,0.0
677964,0.0
677965,0.0
677966,0.0
677967,0.0
677968,0.0
677969,0.0
677970,0.0
677971,0.0
677972,0.0
677973,0.0
677974,0.0
677975,0.0
677976,0.0
677977,0.0
677978,0.0
677979,0.0
677980,0.0
677981,0.0
677982,0.0
677983,0.0
677984,0.0
677985,0.0
677986,0.0
677987,0.0
677988,0.0
677989,0.0
677990,0.0
677991,0.0
677992,0.0
677993,0.0
677994,0.0
677995,4.3967952e-17
677996,0.0
677997,0.0
677998,0.0
677999,0.0
678000,0.0
678001,0.0
678002,0.0
678003,0.0
678004,0.0
678005,0.0
678006,0.0
678007,0.0
678008,0.0
678009,0.0
678010,0.0
678011,0.0
678012,0.0
678013,0.0
678014,0.0
678015,0.0
678016,0.0
678017,0.0
678018,0.0
678019,0.0
678020,0.0
678021,0.0
678022,0.0
678023,0.0
678024,0.0
678025,0.0
678026,0.0
678027,0.0
678028,0.0
678029,0.0
678030,0.0
678031,0.0
678032,0.0
678033,0.0
678034,0.0
678035,0.0
678036,0.0
678037,0.0
678038,0.0
678039,0.0
678040,0.0
678041,0.0
678042,0.0
678043,0.0
678044,0.0
678045,0.0
678046,0.0
678047,0.0
678048,0.0
678049,0.0
678050,0.0
678051,0.0
678052,0.0
678053,0.0
678054,0.0
678055,0.0
678056,0.0
678057,0.0
678058,0.0
678059,0.0
678060,0.0
678061,0.0
678062,0.0
678063,0.0
678064,0.0
678065,0.0
678066,0.0
678067,0.0
678068,0.0
678069,0.0
678070,0.0
678071,0.0
678072,0.0
678073,0.0
678074,0.0
678075,0.0
678076,0.0
678077,0.0
678078,0.0
678079,0.0
678080,0.0
678081,0.0
678082,0.0
678083,0.0
678084,0.0
678085,0.0
678086,0.0
678087,0.0
678088,0.0
678089,0.0
678090,0.0
678091,0.0
678092,0.0
678093,0.0
678094,0.0
678095,0.0
678096,0.0
678097,0.0
678098,0.0
678099,0.0
678100,0.0
678101,0.0
678102,0.0
678103,0.0
678104,0.0
678105,0.0
678106,0.0
678107,0.0
678108,0.0
678109,0.0
678110,0.0
678111,0.0
678112,0.0
678113,0.0
678114,0.0
678115,0.0
678116,0.0
678117,0.0
678118,0.0
678119,0.0
678120,0.0
678121,0.0
678122,0.0
678123,0.0
678124,0.0
678125,0.0
678126,0.0
678127,0.0
678128,0.0
678129,0.0
678130,0.0
678131,0.0
678132,0.0
678133,0.0
678134,0.0
678135,0.0
678136,0.0
678137,0.0
678138,0.0
678139,0.0
678140,0.0
678141,0.0
678142,0.0
678143,0.0
678144,0.0
678145,0.0
678146,0.0
678147,0.0
678148,0.0
678149,0.0
678150,0.0
678151,0.0
678152,0.0
678153,0.0
678154,0.0
678155,0.0
678156,0.0
678157,0.0
678158,0.0
678159,0.0
678160,0.0
678161,0.0
678162,0.0
678163,0.0
678164,0.0
678165,0.0
678166,0.0
678167,0.0
678168,0.0
678169,0.0
678170,0.0
678171,0.0
678172,0.0
678173,0.0
678174,0.0
678175,0.0
678176,0.0
678177,0.0
678178,0.0
678179,0.0
678180,0.0
678181,1.1897237e-23
678182,0.0
678183,0.0
678184,0.0
678185,0.0
678186,0.0
678187,0.0
678188,0.0
678189,0.0
678190,0.0
678191,0.0
678192,0.0
678193,0.0
678194,0.0
678195,0.0
678196,0.0
678197,0.0
678198,0.0
678199,0.0
678200,0.0
678201,0.0
678202,0.0
678203,0.0
678204,0.0
678205,0.0
678206,0.0
678207,0.0
678208,0.0
678209,0.0
678210,0.0
678211,0.0
678212,0.0
678213,0.0
678214,0.0
678215,0.0
678216,0.0
678217,0.0
678218,0.0
678219,0.0
678220,0.0
678221,0.0
678222,0.0
678223,0.0
678224,0.0
678225,0.0
678226,0.0
678227,0.0
678228,0.0
678229,0.0
678230,0.0
678231,0.0
678232,0.0
678233,0.0
678234,0.0
678235,0.0
678236,0.0
678237,0.0
678238,0.0
678239,0.0
678240,0.0
678241,0.0
678242,0.0
678243,0.0
678244,0.0
678245,0.0
678246,0.0
678247,0.0
678248,0.0
678249,0.0
678250,0.0
678251,0.0
678252,0.0
678253,0.0
678254,0.0
678255,0.0
678256,0.0
678257,0.0
678258,0.0
678259,0.0
678260,0.0
678261,0.0
678262,0.0
678263,0.0
678264,0.0
678265,0.0
678266,0.0
678267,0.0
678268,0.0
678269,0.0
678270,0.0
678271,0.0
678272,0.0
678273,0.0
678274,0.0
678275,0.0
678276,0.0
678277,0.0
678278,0.0
678279,0.0
678280,0.0
678281,0.0
678282,0.0
678283,0.0
678284,0.0
678285,0.0
678286,0.0
678287,0.0
678288,0.0
678289,0.0
678290,0.0
678291,0.0
678292,0.0
678293,0.0
678294,0.0
678295,0.0
678296,0.0
678297,0.0
678298,0.0
678299,0.0
678300,0.0
678301,0.0
678302,0.0
678303,0.0
678304,0.0
678305,0.0
678306,0.0
678307,0.0
678308,0.0
678309,0.0
678310,0.0
678311,0.0
678312,0.0
678313,0.0
678314,0.0
678315,0.0
678316,0.0
678317,0.0
678318,0.0
678319,0.0
678320,0.0
678321,0.0
678322,0.0
678323,0.0
678324,0.0
678325,0.0
678326,0.0
678327,0.0
678328,0.0
678329,0.0
678330,0.0
678331,0.0
678332,0.0
678333,0.0
678334,0.0
678335,0.0
678336,0.0
678337,0.0
678338,0.0
678339,0.0
678340,0.0
678341,0.0
678342,0.0
678343,0.0
678344,0.0
678345,0.0
678346,0.0
678347,0.0
678348,0.0
678349,3.7287635e-18
678350,0.0
678351,0.0
678352,0.0
678353,0.0
678354,0.0
678355,0.0
678356,0.0
678357,0.0
678358,0.0
678359,0.0
678360,0.0
678361,0.0
678362,0.0
678363,0.0
678364,0.0
678365,0.0
678366,0.0
678367,0.0
678368,0.0
678369,0.0
678370,0.0
678371,0.0
678372,0.0
678373,0.0
678374,0.0
678375,0.0
678376,0.0
678377,0.0
678378,0.0
678379,0.0
678380,0.0
678381,0.0
678382,0.0
678383,0.0
678384,0.0
678385,0.0
678386,0.0
678387,0.0
678388,0.0
678389,0.0
678390,0.0
678391,0.0
678392,0.0
678393,0.0
678394,0.0
678395,0.0
678396,0.0
678397,7.1599944e-16
678398,0.0
678399,0.0
678400,0.0
678401,0.0
678402,0.0
678403,0.0
678404,0.0
678405,0.0
678406,0.0
678407,0.0
678408,0.0
678409,0.0
678410,0.0
678411,0.0
678412,0.0
678413,0.0
678414,0.0
678415,0.0
678416,0.0
678417,0.0
678418,0.0
678419,0.0
678420,0.0
678421,0.0
678422,0.0
678423,0.0
678424,0.0
678425,0.0
678426,0.0
678427,0.0
678428,0.0
678429,0.0
678430,0.0
678431,0.0
678432,0.0
678433,0.0
678434,0.0
678435,0.0
678436,0.0
678437,0.0
678438,0.0
678439,0.0
678440,0.0
678441,0.0
678442,0.0
678443,0.0
678444,0.0
678445,0.0
678446,0.0
678447,0.0
678448,0.0
678449,0.0
678450,0.0
678451,0.0
678452,0.0
678453,0.0
678454,0.0
678455,0.0
678456,0.0
678457,0.0
678458,0.0
678459,0.0
678460,0.0
678461,0.0
678462,0.0
678463,9.7041296e-17
678464,0.0
678465,0.0
678466,0.0
678467,0.0
678468,0.0
678469,0.0
678470,0.0
678471,0.0
678472,0.0
678473,0.0
678474,0.0
678475,0.0
678476,0.0
678477,0.0
678478,0.0
678479,0.0
678480,0.0
678481,0.0
678482,0.0
678483,0.0
678484,0.0
678485,0.0
678486,0.0
678487,0.0
678488,0.0
678489,0.0
678490,0.0
678491,0.0
678492,0.0
678493,0.0
678494,0.0
678495,0.0
678496,0.0
678497,0.0
678498,0.0
678499,0.0
678500,0.0
678501,0.0
678502,0.0
678503,0.0
678504,0.0
678505,0.0
678506,0.0
678507,0.0
678508,0.0
678509,0.0
678510,0.0
678511,0.0
678512,0.0
678513,0.0
678514,0.0
678515,0.0
678516,0.0
678517,0.0
678518,0.0
678519,0.0
678520,0.0
678521,0.0
678522,0.0
678523,0.0
678524,0.0
678525,0.0
678526,0.0
678527,0.0
678528,0.0
678529,0.0
678530,0.0
678531,0.0
678532,0.0
678533,0.0
678534,0.0
678535,0.0
678536,0.0
678537,0.0
678538,0.0
678539,0.0
678540,0.0
678541,0.0
678542,0.0
678543,0.0
678544,0.0
678545,0.0
678546,0.0
678547,0.0
678548,0.0
678549,0.0
678550,0.0
678551,0.0
678552,0.0
678553,0.0
678554,0.0
678555,0.0
678556,0.0
678557,0.0
678558,0.0
678559,0.0
678560,0.0
678561,0.0
678562,0.0
678563,0.0
678564,0.0
678565,0.0
678566,0.0
678567,0.0
678568,0.0
678569,0.0
678570,0.0
678571,0.0
678572,0.0
678573,0.0
678574,0.0
678575,0.0
678576,0.0
678577,0.0
678578,0.0
678579,0.0
678580,0.0
678581,0.0
678582,0.0
678583,0.0
678584,0.0
678585,0.0
678586,0.0
678587,0.0
678588,0.0
678589,0.0
678590,0.0
678591,0.0
678592,0.0
678593,0.0
678594,0.0
678595,0.0
678596,0.0
678597,0.0
678598,0.0
678599,0.0
678600,0.0
678601,0.0
678602,0.0
678603,0.0
678604,0.0
678605,0.0
678606,1.9191842e-32
678607,0.0
678608,0.0
678609,0.0
678610,0.0
678611,0.0
678612,0.0
678613,0.0
678614,0.0
678615,0.0
678616,0.0
678617,0.0
678618,0.0
678619,0.0
678620,0.0
678621,0.0
678622,0.0
678623,0.0
678624,0.0
678625,0.0
678626,0.0
678627,0.0
678628,0.0
678629,0.0
678630,0.0
678631,0.0
678632,0.0
678633,0.0
678634,0.0
678635,7.957345e-25
678636,0.0
678637,0.0
678638,0.0
678639,0.0
678640,0.0
678641,0.0
678642,0.0
678643,0.0
678644,0.0
678645,0.0
678646,0.0
678647,0.0
678648,0.0
678649,0.0
678650,0.0
678651,0.0
678652,0.0
678653,0.0
678654,0.0
678655,0.0
678656,0.0
678657,0.0
678658,0.0
678659,0.0
678660,0.0
678661,0.0
678662,0.0
678663,0.0
678664,0.0
678665,0.0
678666,0.0
678667,0.0
678668,0.0
678669,0.0
678670,0.0
678671,0.0
678672,0.0
678673,0.0
678674,0.0
678675,0.0
678676,0.0
678677,0.0
678678,0.0
678679,0.0
678680,0.0
678681,0.0
678682,0.0
678683,0.0
678684,0.0
678685,0.0
678686,0.0
678687,0.0
678688,0.0
678689,0.0
678690,0.0
678691,0.0
678692,0.0
678693,0.0
678694,0.0
678695,0.0
678696,0.0
678697,0.0
678698,0.0
678699,0.0
678700,0.0
678701,0.0
678702,0.0
678703,0.0
678704,0.0
678705,0.0
678706,0.0
678707,0.0
678708,0.0
678709,0.0
678710,0.0
678711,0.0
678712,0.0
678713,0.0
678714,0.0
678715,0.0
678716,0.0
678717,0.0
678718,0.0
678719,0.0
678720,0.0
678721,0.0
678722,0.0
678723,0.0
678724,0.0
678725,0.0
678726,0.0
678727,0.0
678728,0.0
678729,0.0
678730,0.0
678731,0.0
678732,0.0
678733,0.0
678734,0.0
678735,0.0
678736,0.0
678737,0.0
678738,0.0
678739,0.0
678740,0.0
678741,0.0
678742,0.0
678743,0.0
678744,0.0
678745,0.0
678746,0.0
678747,0.0
678748,0.0
678749,0.0
678750,0.0
678751,0.0
678752,0.0
678753,0.0
678754,0.0
678755,1.0835165e-11
678756,0.0
678757,0.0
678758,0.0
678759,0.0
678760,0.0
678761,0.0
678762,0.0
678763,0.0
678764,0.0
678765,0.0
678766,0.0
678767,0.0
678768,0.0
678769,0.0
678770,0.0
678771,0.0
678772,0.0
678773,0.0
678774,0.0
678775,0.0
678776,0.0
678777,0.0
678778,0.0
678779,0.0
678780,0.0
678781,0.0
678782,0.0
678783,0.0
678784,0.0
678785,0.0
678786,0.0
678787,0.0
678788,0.0
678789,0.0
678790,0.0
678791,0.0
678792,0.0
678793,0.0
678794,0.0
678795,0.0
678796,0.0
678797,0.0
678798,0.0
678799,0.0
678800,0.0
678801,0.0
678802,0.0
678803,0.0
678804,3.4441338e-13
678805,0.0
678806,0.0
678807,0.0
678808,0.0
678809,0.0
678810,0.0
678811,0.0
678812,0.0
678813,0.0
678814,0.0
678815,0.0
678816,0.0
678817,0.0
678818,0.0
678819,0.0
678820,0.0
678821,0.0
678822,0.0
678823,0.0
678824,0.0
678825,0.0
678826,0.0
678827,0.0
678828,0.0
678829,0.0
678830,0.0
678831,0.0
678832,2.7688763e-20
678833,0.0
678834,0.0
678835,0.0
678836,0.0
678837,0.0
678838,0.0
678839,0.0
678840,0.0
678841,0.0
678842,0.0
678843,0.0
678844,0.0
678845,0.0
678846,0.0
678847,0.0
678848,0.0
678849,0.0
678850,0.0
678851,0.0
678852,0.0
678853,0.0
678854,0.0
678855,0.0
678856,0.0
678857,0.0
678858,0.0
678859,0.0
678860,0.0
678861,0.0
678862,0.0
678863,0.0
678864,0.0
678865,0.0
678866,0.0
678867,0.0
678868,0.0
678869,0.0
678870,0.0
678871,0.0
678872,0.0
678873,0.0
678874,0.0
678875,0.0
678876,0.0
678877,0.0
678878,0.0
678879,0.0
678880,0.0
678881,0.0
678882,0.0
678883,0.0
678884,0.0
678885,0.0
678886,4.6591485e-13
678887,0.0
678888,0.0
678889,0.0
678890,0.0
678891,0.0
678892,0.0
678893,0.0
678894,0.0
678895,0.0
678896,0.0
678897,0.0
678898,0.0
678899,0.0
678900,0.0
678901,0.0
678902,0.0
678903,0.0
678904,0.0
678905,0.0
678906,0.0
678907,0.0
678908,0.0
678909,0.0
678910,2.6745175e-14
678911,0.0
678912,0.0
678913,0.0
678914,0.0
678915,0.0
678916,0.0
678917,0.0
678918,0.0
678919,0.0
678920,0.0
678921,0.0
678922,0.0
678923,0.0
678924,0.0
678925,0.0
678926,0.0
678927,0.0
678928,0.0
678929,0.0
678930,0.0
678931,0.0
678932,0.0
678933,0.0
678934,0.0
678935,0.0
678936,0.0
678937,0.0
678938,0.0
678939,0.0
678940,0.0
678941,0.0
678942,0.0
678943,0.0
678944,0.0
678945,0.0
678946,0.0
678947,0.0
678948,0.0
678949,0.0
678950,0.0
678951,0.0
678952,0.0
678953,0.0
678954,0.0
678955,0.0
678956,0.0
678957,0.0
678958,0.0
678959,0.0
678960,0.0
678961,0.0
678962,0.0
678963,0.0
678964,0.0
678965,0.0
678966,0.0
678967,0.0
678968,0.0
678969,0.0
678970,0.0
678971,0.0
678972,0.0
678973,0.0
678974,0.0
678975,0.0
678976,0.0
678977,0.0
678978,0.0
678979,0.0
678980,0.0
678981,0.0
678982,0.0
678983,0.0
678984,0.0
678985,0.0
678986,0.0
678987,0.0
678988,0.0
678989,0.0
678990,0.0
678991,0.0
678992,0.0
678993,0.0
678994,0.0
678995,0.0
678996,0.0
678997,0.0
678998,0.0
678999,0.0
679000,0.0
679001,0.0
679002,0.0
679003,0.0
679004,0.0
679005,0.0
679006,0.0
679007,0.0
679008,0.0
679009,0.0
679010,0.0
679011,0.0
679012,0.0
679013,0.0
679014,0.0
679015,0.0
679016,0.0
679017,0.0
679018,0.0
679019,0.0
679020,0.0
679021,0.0
679022,0.0
679023,0.0
679024,0.0
679025,0.0
679026,0.0
679027,0.0
679028,0.0
679029,0.0
679030,0.0
679031,0.0
679032,0.0
679033,0.0
679034,0.0
679035,0.0
679036,0.0
679037,0.0
679038,0.0
679039,0.0
679040,0.0
679041,0.0
679042,0.0
679043,0.0
679044,0.0
679045,0.0
679046,0.0
679047,0.0
679048,0.0
679049,0.0
679050,0.0
679051,0.0
679052,0.0
679053,0.0
679054,0.0
679055,0.0
679056,0.0
679057,0.0
679058,0.0
679059,0.0
679060,0.0
679061,0.0
679062,0.0
679063,0.0
679064,0.0
679065,0.0
679066,0.0
679067,0.0
679068,0.0
679069,0.0
679070,0.0
679071,0.0
679072,0.0
679073,0.0
679074,0.0
679075,0.0
679076,0.0
679077,0.0
679078,0.0
679079,0.0
679080,0.0
679081,0.0
679082,0.0
679083,0.0
679084,0.0
679085,0.0
679086,0.0
679087,0.0
679088,0.0
679089,0.0
679090,0.0
679091,0.0
679092,0.0
679093,0.0
679094,0.0
679095,0.0
679096,0.0
679097,0.0
679098,0.0
679099,0.0
679100,0.0
679101,0.0
679102,0.0
679103,0.0
679104,0.0
679105,0.0
679106,0.0
679107,0.0
679108,0.0
679109,0.0
679110,0.0
679111,0.0
679112,0.0
679113,0.0
679114,0.0
679115,0.0
679116,0.0
679117,0.0
679118,0.0
679119,0.0
679120,0.0
679121,0.0
679122,0.0
679123,0.0
679124,0.0
679125,0.0
679126,0.0
679127,0.0
679128,0.0
679129,0.0
679130,0.0
679131,0.0
679132,0.0
679133,0.0
679134,0.0
679135,0.0
679136,0.0
679137,0.0
679138,0.0
679139,0.0
679140,0.0
679141,0.0
679142,0.0
679143,0.0
679144,0.0
679145,0.0
679146,0.0
679147,0.0
679148,0.0
679149,0.0
679150,0.0
679151,0.0
679152,0.0
679153,0.0
679154,0.0
679155,0.0
679156,0.0
679157,0.0
679158,0.0
679159,0.0
679160,0.0
679161,0.0
679162,0.0
679163,0.0
679164,0.0
679165,0.0
679166,0.0
679167,0.0
679168,0.0
679169,0.0
679170,0.0
679171,0.0
679172,0.0
679173,0.0
679174,0.0
679175,0.0
679176,0.0
679177,0.0
679178,0.0
679179,0.0
679180,1.4389837e-23
679181,0.0
679182,0.0
679183,0.0
679184,0.0
679185,0.0
679186,0.0
679187,0.0
679188,0.0
679189,0.0
679190,0.0
679191,0.0
679192,0.0
679193,0.0
679194,0.0
679195,0.0
679196,0.0
679197,0.0
679198,0.0
679199,0.0
679200,0.0
679201,0.0
679202,0.0
679203,0.0
679204,0.0
679205,0.0
679206,0.0
679207,0.0
679208,0.0
679209,0.0
679210,0.0
679211,0.0
679212,0.0
679213,0.0
679214,0.0
679215,0.0
679216,0.0003661882
679217,0.0
679218,0.0
679219,0.0
679220,0.0
679221,0.0
679222,0.0
679223,0.0
679224,0.0
679225,0.0
679226,0.0
679227,0.0
679228,0.0
679229,0.0
679230,0.0
679231,0.0
679232,0.0
679233,0.0
679234,0.0
679235,0.0
679236,0.0
679237,0.0
679238,0.0
679239,0.0
679240,0.0
679241,0.0
679242,0.0
679243,0.0
679244,0.0
679245,0.0
679246,0.0
679247,0.0
679248,0.0
679249,0.0
679250,0.0
679251,0.0
679252,0.0
679253,0.0
679254,0.0
679255,0.0
679256,0.0
679257,0.0
679258,0.0
679259,7.0323473e-28
679260,0.0
679261,0.0
679262,0.0
679263,0.0
679264,0.0
679265,0.0
679266,0.0
679267,0.0
679268,0.0
679269,0.0
679270,0.0
679271,0.0
679272,0.0
679273,0.0
679274,0.0
679275,0.0
679276,0.0
679277,0.0
679278,0.0
679279,0.0
679280,0.0
679281,0.0
679282,0.0
679283,0.0
679284,0.0
679285,0.0
679286,0.0
679287,0.0
679288,0.0
679289,0.0
679290,0.0
679291,0.0
679292,0.0
679293,0.0
679294,0.0
679295,0.0
679296,0.0
679297,0.0
679298,0.0
679299,0.0
679300,0.0
679301,0.0
679302,0.0
679303,0.0
679304,0.0
679305,0.0
679306,0.0
679307,1.5130108e-28
679308,0.0
679309,0.0
679310,0.0
679311,0.0
679312,0.0
679313,0.0
679314,0.0
679315,0.0
679316,0.0
679317,0.0
679318,0.0
679319,0.0
679320,0.0
679321,0.0
679322,0.0
679323,0.0
679324,0.0
679325,0.0
679326,0.0
679327,0.0
679328,0.0
679329,0.0
679330,0.0
679331,0.0
679332,0.0
679333,0.0
679334,0.0
679335,0.0
679336,0.0
679337,7.637574e-06
679338,0.0
679339,0.0
679340,0.0
679341,0.0
679342,0.0
679343,0.0
679344,0.0
679345,0.0
679346,0.0
679347,0.0
679348,0.0
679349,0.0
679350,0.0
679351,0.0
679352,0.0
679353,0.0
679354,0.0
679355,0.0
679356,0.0
679357,0.0
679358,0.0
679359,0.0
679360,0.0
679361,0.0
679362,0.0
679363,0.0
679364,0.0
679365,0.0
679366,0.0
679367,0.0
679368,0.0
679369,0.0
679370,0.0
679371,0.0
679372,0.0
679373,0.0
679374,0.0
679375,0.0
679376,0.0
679377,0.0
679378,0.0
679379,0.0
679380,0.0
679381,0.0
679382,0.0
679383,0.0
679384,0.0
679385,0.0
679386,0.0
679387,0.0
679388,0.0
679389,0.0
679390,0.0
679391,0.0
679392,0.0
679393,0.0
679394,0.0
679395,0.0
679396,0.0
679397,0.0
679398,0.0
679399,0.0
679400,0.0
679401,0.0
679402,0.0
679403,0.0
679404,0.0
679405,0.0
679406,0.0
679407,0.0
679408,0.0
679409,0.0
679410,0.0
679411,0.0
679412,0.0
679413,0.0
679414,0.0
679415,0.0
679416,0.0
679417,0.0
679418,0.0
679419,0.0
679420,0.0
679421,0.0
679422,0.0
679423,0.0
679424,0.0
679425,0.0
679426,0.0
679427,0.0
679428,0.0
679429,0.0
679430,0.0
679431,0.0
679432,0.0
679433,0.0
679434,0.0
679435,0.0
679436,0.0
679437,0.0
679438,0.0
679439,0.0
679440,0.0
679441,0.0
679442,0.0
679443,0.0
679444,0.0
679445,0.0
679446,0.0
679447,0.0
679448,0.0
679449,0.0
679450,0.0
679451,0.0
679452,0.0
679453,0.0
679454,0.0
679455,0.0
679456,0.0
679457,0.0
679458,0.0
679459,0.0
679460,0.0
679461,0.0
679462,0.0
679463,0.0
679464,0.0
679465,0.0
679466,0.0
679467,0.0
679468,0.0
679469,0.0
679470,0.0
679471,0.0
679472,0.0
679473,0.0
679474,0.0
679475,0.0
679476,0.0
679477,0.0
679478,0.0
679479,0.0
679480,0.0
679481,0.0
679482,0.0
679483,0.0
679484,0.0
679485,0.0
679486,0.0
679487,0.0
679488,0.0
679489,0.0
679490,0.0
679491,0.0
679492,0.0
679493,0.0
679494,0.0
679495,0.0
679496,0.0
679497,0.0
679498,0.0
679499,0.0
679500,0.0
679501,0.0
679502,0.0
679503,0.0
679504,0.0
679505,0.0
679506,0.0
679507,0.0
679508,0.0
679509,0.0
679510,0.0
679511,0.0
679512,0.0
679513,0.0
679514,0.0
679515,0.0
679516,0.0
679517,0.0
679518,0.0
679519,0.0
679520,0.0
679521,0.0
679522,0.0
679523,0.0
679524,0.0
679525,0.0
679526,0.0
679527,0.0
679528,0.0
679529,0.0
679530,0.0
679531,0.0
679532,0.0
679533,0.0
679534,0.0
679535,0.0
679536,0.0
679537,0.0
679538,0.0
679539,0.0
679540,0.0
679541,4.621287e-24
679542,0.0
679543,0.0
679544,0.0
679545,0.0
679546,0.0
679547,0.0
679548,0.0
679549,0.0
679550,0.0
679551,4.24307e-06
679552,0.0
679553,0.0
679554,0.0
679555,0.0
679556,0.0
679557,0.0
679558,0.0
679559,0.0
679560,0.0
679561,0.0
679562,0.0
679563,0.0
679564,0.0
679565,0.0
679566,0.0
679567,0.0
679568,0.0
679569,0.0
679570,0.0
679571,0.0
679572,0.0
679573,0.0
679574,0.0
679575,0.0
679576,0.0
679577,0.0
679578,0.0
679579,0.0
679580,0.0
679581,0.0
679582,0.0
679583,0.0
679584,0.0
679585,0.0
679586,0.0
679587,0.0
679588,0.0
679589,0.0
679590,0.0
679591,0.0
679592,0.0
679593,0.0
679594,0.0
679595,0.0
679596,0.0
679597,0.0
679598,0.0
679599,0.0
679600,0.0
679601,0.0
679602,0.0
679603,0.10094016
679604,0.0
679605,0.0
679606,0.0
679607,0.0
679608,0.0
679609,0.0
679610,0.0
679611,0.0
679612,0.0
679613,0.0
679614,0.0
679615,0.0
679616,0.0
679617,0.0
679618,0.0
679619,0.0
679620,0.0
679621,0.0
679622,0.0
679623,0.0
679624,0.0
679625,0.0
679626,0.0
679627,0.0
679628,0.0
679629,0.0
679630,0.0
679631,0.0
679632,0.0
679633,0.0
679634,0.0
679635,0.0
679636,0.0
679637,0.0
679638,0.0
679639,0.0
679640,0.0
679641,0.0
679642,0.0
679643,0.0
679644,0.0
679645,0.0
679646,0.0
679647,0.0
679648,0.0
679649,0.0
679650,0.0
679651,0.0
679652,0.0
679653,0.0
679654,0.0
679655,0.0
679656,0.0
679657,0.0
679658,0.0
679659,0.0
679660,0.0
679661,0.0
679662,0.0
679663,0.0
679664,0.0
679665,0.0
679666,0.0
679667,0.0
679668,0.0
679669,0.0
679670,0.0
679671,0.0
679672,0.0
679673,0.0
679674,0.0
679675,0.0
679676,0.0
679677,0.0
679678,0.0
679679,0.0
679680,0.0
679681,0.0
679682,0.0
679683,0.0
679684,0.0
679685,0.0
679686,0.0
679687,0.0
679688,0.0
679689,0.0
679690,0.0
679691,0.0
679692,0.0
679693,0.0
679694,0.0
679695,0.0
679696,0.0
679697,0.0
679698,0.0
679699,0.0
679700,0.0
679701,0.0
679702,0.0
679703,0.0
679704,0.0
679705,0.0
679706,0.0
679707,0.0
679708,0.0
679709,0.0
679710,0.0
679711,0.0
679712,0.0
679713,0.0
679714,0.0
679715,0.0
679716,0.0
679717,0.0
679718,0.0
679719,0.0
679720,0.0
679721,0.0
679722,0.0
679723,0.0
679724,0.0
679725,0.0
679726,0.0
679727,0.0
679728,0.0
679729,0.0
679730,0.0
679731,0.0
679732,0.0
679733,0.0
679734,0.0
679735,0.0
679736,0.0
679737,0.0
679738,0.0
679739,0.0
679740,0.0
679741,0.0
679742,0.0
679743,0.0
679744,0.0
679745,0.0
679746,0.0
679747,0.0
679748,0.0
679749,0.0
679750,0.0
679751,0.0
679752,0.0
679753,0.0
679754,0.0
679755,0.0
679756,0.0
679757,0.0
679758,0.0
679759,0.0
679760,0.0
679761,0.0
679762,0.0
679763,0.0
679764,0.0
679765,0.0
679766,0.0
679767,0.0
679768,0.0
679769,0.0
679770,0.0
679771,0.0
679772,0.0
679773,0.0
679774,0.0
679775,0.0
679776,0.0
679777,0.0
679778,0.0
679779,0.0
679780,0.0
679781,0.0
679782,0.0
679783,0.0
679784,0.0
679785,0.0
679786,0.0
679787,0.0
679788,0.0
679789,0.0
679790,0.0
679791,0.0
679792,0.0
679793,0.0
679794,0.0
679795,0.0
679796,0.0
679797,0.0
679798,0.0
679799,0.0
679800,0.0
679801,0.0
679802,0.0
679803,0.0
679804,0.0
679805,0.0
679806,0.0
679807,0.0
679808,0.0
679809,0.0
679810,0.0
679811,0.0
679812,0.0
679813,0.0
679814,0.0
679815,0.0
679816,0.0
679817,0.0
679818,0.0
679819,0.0
679820,0.0
679821,0.0
679822,0.0
679823,0.0
679824,1.4788856e-30
679825,0.0
679826,0.0
679827,0.0
679828,0.0
679829,0.0
679830,0.0
679831,0.0
679832,0.0
679833,0.0
679834,0.0
679835,0.0
679836,0.0
679837,0.0
679838,0.0
679839,0.0
679840,0.0
679841,0.0
679842,0.0
679843,0.0
679844,0.0
679845,0.0
679846,0.0
679847,0.0
679848,0.0
679849,0.0
679850,0.0
679851,0.0
679852,0.0
679853,0.0
679854,0.0
679855,1.5807913e-08
679856,0.0
679857,0.0
679858,0.0
679859,0.0
679860,0.0
679861,0.0
679862,0.0
679863,0.0
679864,0.0
679865,0.0
679866,0.0
679867,0.0
679868,0.0
679869,0.0
679870,0.0
679871,0.0
679872,0.0
679873,4.4041216e-21
679874,0.0
679875,0.0
679876,0.0
679877,0.0
679878,0.0
679879,0.0
679880,0.0
679881,0.0
679882,0.0
679883,0.0
679884,0.0
679885,0.0
679886,0.0
679887,0.0
679888,0.0
679889,0.0
679890,0.0
679891,0.0
679892,0.0
679893,0.0
679894,0.0
679895,0.0
679896,0.0
679897,0.0
679898,0.0
679899,0.0
679900,0.0
679901,0.0
679902,0.0
679903,0.0
679904,0.0
679905,0.0
679906,0.0
679907,0.0
679908,0.0
679909,0.0
679910,0.0
679911,0.0
679912,0.0
679913,0.0
679914,0.0
679915,0.0
679916,0.0
679917,0.0
679918,0.0
679919,0.0
679920,0.0
679921,0.0
679922,0.0
679923,0.0
679924,0.0
679925,0.0
679926,0.0
679927,0.0
679928,0.0
679929,0.0
679930,0.0
679931,0.0
679932,3.9397437e-32
679933,0.0
679934,0.0
679935,0.0
679936,0.0
679937,0.0
679938,0.0
679939,0.0
679940,0.0
679941,0.0
679942,0.0
679943,0.0
679944,0.0
679945,0.0
679946,0.0
679947,0.0
679948,0.0
679949,0.0
679950,0.0
679951,0.0
679952,0.0
679953,0.0
679954,0.0
679955,0.0
679956,0.0
679957,0.0
679958,0.0
679959,0.0
679960,0.0
679961,0.0
679962,0.0
679963,0.0
679964,0.0
679965,0.0
679966,0.0
679967,0.0
679968,0.0
679969,0.0
679970,0.0
679971,0.0
679972,0.0
679973,0.0
679974,0.0
679975,0.0
679976,0.0
679977,0.0
679978,0.0
679979,0.0
679980,0.0
679981,0.0
679982,0.0
679983,0.0
679984,0.0
679985,0.0
679986,0.0
679987,0.0
679988,0.0
679989,0.0
679990,0.0
679991,0.0
679992,0.0
679993,0.0
679994,0.0
679995,0.0
679996,0.0
679997,0.0
679998,0.0
679999,0.0
680000,0.0
680001,0.0
680002,0.0
680003,0.0
680004,0.0
680005,0.0
680006,0.0
680007,0.0
680008,0.0
680009,0.0
680010,0.0
680011,0.0
680012,0.0
680013,0.0
680014,0.0
680015,0.0
680016,0.0
680017,0.0
680018,0.0
680019,6.4611843e-18
680020,0.0
680021,0.0
680022,0.0
680023,0.0
680024,0.0
680025,0.0
680026,0.0
680027,0.0
680028,0.0
680029,0.0
680030,0.0
680031,0.0
680032,0.0
680033,0.0
680034,0.0
680035,0.0
680036,0.0
680037,0.0
680038,0.0
680039,0.0
680040,0.0
680041,0.0
680042,0.0
680043,0.0
680044,0.0
680045,0.0
680046,0.0
680047,0.0
680048,0.0
680049,0.0
680050,0.0
680051,0.0
680052,0.0
680053,0.0
680054,0.0
680055,0.0
680056,0.0
680057,0.0
680058,0.0
680059,0.0
680060,0.0
680061,0.0
680062,0.0
680063,0.0
680064,0.0
680065,0.0
680066,0.0
680067,0.0
680068,0.0
680069,0.0
680070,0.0
680071,0.0
680072,0.0
680073,0.0
680074,0.0
680075,0.0
680076,0.0
680077,0.0
680078,0.0
680079,0.0
680080,0.0
680081,0.0
680082,0.0
680083,0.0
680084,0.0
680085,0.0
680086,0.0
680087,0.0
680088,0.0
680089,1.2778741e-29
680090,0.0
680091,0.0
680092,0.0
680093,0.0
680094,0.0
680095,0.0
680096,0.107596956
680097,0.0
680098,0.0
680099,0.0
680100,0.0
680101,0.0
680102,0.0
680103,0.0
680104,0.0
680105,0.0
680106,0.0
680107,0.0
680108,0.0
680109,0.0
680110,0.0
680111,0.0
680112,0.0
680113,0.0
680114,0.0
680115,0.0
680116,0.0
680117,0.0
680118,0.0
680119,0.0
680120,0.0
680121,0.0
680122,0.0
680123,0.0
680124,8.2035984e-10
680125,0.0
680126,0.0
680127,0.0
680128,0.0
680129,0.0
680130,0.0
680131,0.0
680132,0.0
680133,0.0
680134,0.0
680135,0.0
680136,0.0
680137,0.0
680138,0.0
680139,0.0
680140,0.0
680141,0.0
680142,0.0
680143,0.0
680144,0.0
680145,0.0
680146,0.0
680147,0.0
680148,0.0
680149,0.0
680150,0.0
680151,0.0
680152,0.0
680153,0.0
680154,0.0
680155,0.0
680156,0.0
680157,0.0
680158,0.0
680159,0.0
680160,0.0
680161,0.0
680162,0.0
680163,0.0
680164,0.0
680165,0.0
680166,0.0
680167,0.0
680168,0.0
680169,0.0
680170,0.0
680171,0.0
680172,0.0
680173,0.0
680174,0.0
680175,0.0
680176,0.0
680177,0.0
680178,0.0
680179,0.0
680180,0.0
680181,0.0
680182,0.0
680183,0.0
680184,0.0
680185,0.0
680186,0.0
680187,0.0
680188,0.0
680189,0.0
680190,0.0
680191,0.0
680192,0.0
680193,0.0
680194,0.0
680195,0.0
680196,0.0
680197,0.0
680198,0.0
680199,0.0
680200,0.0
680201,0.0
680202,0.0
680203,0.0
680204,0.0
680205,0.0
680206,0.0
680207,0.0
680208,0.0
680209,0.0
680210,0.0
680211,0.0
680212,0.0
680213,0.0
680214,0.0
680215,0.0
680216,0.0
680217,0.0
680218,0.0
680219,0.0
680220,0.0
680221,0.0
680222,0.0
680223,0.0
680224,0.0
680225,0.0
680226,0.0
680227,0.0
680228,0.0
680229,0.0
680230,0.0
680231,0.0
680232,0.0
680233,0.0
680234,0.0
680235,0.0
680236,0.0
680237,0.0
680238,0.0
680239,0.0
680240,0.0
680241,0.0
680242,0.0
680243,0.0
680244,0.0
680245,0.0
680246,0.0
680247,0.0
680248,0.0
680249,0.0
680250,0.0
680251,0.0
680252,0.0
680253,0.0
680254,0.0
680255,0.0
680256,0.0
680257,0.0
680258,0.0
680259,0.0
680260,0.0
680261,0.0
680262,0.0
680263,0.0
680264,0.0
680265,0.0
680266,0.0
680267,0.0
680268,0.0
680269,0.0
680270,0.0
680271,0.0
680272,0.0
680273,0.0
680274,0.0
680275,0.0
680276,0.0
680277,0.0
680278,0.0
680279,0.0
680280,0.0
680281,0.0
680282,0.0
680283,0.0
680284,0.0
680285,0.0
680286,0.0
680287,0.0
680288,0.0
680289,0.0
680290,0.0
680291,0.0
680292,0.0
680293,0.0
680294,0.0
680295,0.0
680296,0.0
680297,0.0
680298,0.0
680299,0.0
680300,0.0
680301,0.0
680302,0.0
680303,0.0
680304,0.0
680305,0.0
680306,0.0
680307,0.0
680308,0.0
680309,0.015733868
680310,0.0
680311,0.0
680312,0.0
680313,0.0
680314,0.0
680315,0.0
680316,0.0
680317,0.0
680318,0.0
680319,0.0
680320,0.0
680321,0.0
680322,0.0
680323,0.0
680324,0.0
680325,0.0
680326,0.0
680327,0.0
680328,0.0
680329,0.0
680330,0.0
680331,0.0
680332,0.0
680333,0.0
680334,0.0
680335,0.0
680336,0.0
680337,0.0
680338,0.0
680339,0.0
680340,0.0
680341,0.0
680342,0.0
680343,0.0
680344,0.0
680345,0.0
680346,0.0
680347,0.0
680348,0.0
680349,0.0
680350,0.0
680351,0.0
680352,0.0
680353,0.0
680354,0.0
680355,0.0
680356,0.0
680357,0.0
680358,0.0
680359,0.0
680360,0.0
680361,0.0
680362,0.0
680363,0.0
680364,0.0
680365,0.0
680366,0.0
680367,0.0
680368,0.0
680369,0.0
680370,0.0
680371,0.0
680372,0.0
680373,0.0
680374,0.0
680375,0.0
680376,0.0
680377,0.0
680378,0.0
680379,0.0
680380,0.0
680381,0.0
680382,0.0
680383,0.0
680384,0.0
680385,0.0
680386,0.0
680387,0.0
680388,0.0
680389,0.0
680390,0.0
680391,0.0
680392,0.0
680393,0.0
680394,0.0
680395,0.0
680396,0.0
680397,0.0
680398,0.0
680399,0.0
680400,0.0
680401,0.0
680402,0.0
680403,0.0
680404,0.0
680405,0.0
680406,0.0
680407,0.0
680408,0.0
680409,0.0
680410,0.0
680411,0.0
680412,0.0
680413,0.0
680414,0.0
680415,0.0
680416,0.0
680417,0.0
680418,0.0
680419,0.0
680420,0.0
680421,0.0
680422,0.0
680423,0.0
680424,0.0
680425,0.0
680426,0.0
680427,0.0
680428,0.0
680429,0.0
680430,0.0
680431,0.0
680432,0.0
680433,0.0
680434,0.0
680435,0.0
680436,0.0
680437,0.0
680438,0.0
680439,0.0
680440,0.0
680441,0.0
680442,0.0
680443,0.0
680444,0.0
680445,0.0
680446,0.0
680447,0.0
680448,0.0
680449,0.0
680450,0.0
680451,0.0
680452,0.0
680453,0.0
680454,0.0
680455,0.0
680456,0.0
680457,0.0
680458,0.0
680459,0.0
680460,0.0
680461,0.0
680462,0.0
680463,0.0
680464,0.0
680465,0.0
680466,0.0
680467,0.0
680468,0.0
680469,0.0
680470,0.0
680471,0.0
680472,0.0
680473,0.0
680474,0.0
680475,0.0
680476,0.0
680477,4.96254e-29
680478,0.0
680479,0.0
680480,0.0
680481,0.0
680482,0.0
680483,0.0
680484,0.0
680485,0.0
680486,0.0
680487,0.0
680488,0.0
680489,0.0
680490,0.0
680491,0.0
680492,0.0
680493,0.0
680494,0.0
680495,0.0
680496,0.0
680497,0.0
680498,0.0
680499,0.0
680500,0.0
680501,0.0
680502,0.0
680503,0.0
680504,0.0
680505,0.0
680506,0.0
680507,0.0
680508,0.0
680509,0.0
680510,0.0
680511,0.0
680512,0.0
680513,0.0
680514,0.0
680515,0.0
680516,0.0
680517,0.0
680518,0.0
680519,0.0
680520,0.0
680521,0.0
680522,0.0
680523,0.0
680524,0.0
680525,0.0
680526,0.0
680527,0.0
680528,0.0
680529,0.0
680530,0.0
680531,0.0
680532,0.0
680533,0.0
680534,0.0
680535,0.0
680536,0.0
680537,0.0
680538,0.0
680539,0.0
680540,0.0
680541,0.0
680542,0.0
680543,0.0
680544,0.0
680545,0.0
680546,0.0
680547,0.0
680548,0.0
680549,0.0
680550,0.0
680551,0.0
680552,0.0
680553,0.0
680554,0.0
680555,0.0
680556,0.0
680557,0.0
680558,0.0
680559,0.0
680560,0.0
680561,0.0
680562,0.0
680563,0.0
680564,0.0
680565,0.0
680566,0.0
680567,0.0
680568,0.0
680569,0.0
680570,0.0
680571,0.0
680572,0.0
680573,0.0
680574,0.0
680575,0.0
680576,0.0
680577,0.0
680578,0.0
680579,0.0
680580,0.0
680581,0.0
680582,0.0
680583,0.0
680584,0.0
680585,0.0
680586,0.0
680587,0.0
680588,0.0
680589,0.013111506
680590,0.0
680591,0.0
680592,0.0
680593,0.0
680594,0.0
680595,0.0
680596,0.0
680597,0.0
680598,0.0
680599,0.0
680600,0.0
680601,0.0
680602,0.0
680603,0.0
680604,0.0
680605,0.0
680606,0.0
680607,0.0
680608,0.0
680609,0.0
680610,0.0
680611,0.0
680612,0.0
680613,0.0
680614,0.0
680615,0.0
680616,0.0
680617,0.0
680618,0.0
680619,0.0
680620,0.0
680621,0.0
680622,0.0
680623,0.0
680624,0.0
680625,0.0
680626,0.0
680627,0.0
680628,0.0
680629,0.0
680630,0.0
680631,0.0
680632,0.0
680633,0.0
680634,0.0
680635,0.0
680636,0.0
680637,0.0
680638,0.0
680639,0.0
680640,0.0
680641,0.0
680642,0.0
680643,0.0
680644,0.0
680645,0.0
680646,0.0
680647,0.0
680648,0.0
680649,0.0
680650,0.0
680651,0.0
680652,0.0
680653,0.0
680654,0.0
680655,0.0
680656,0.0
680657,0.0
680658,0.0
680659,0.0
680660,0.0
680661,0.0
680662,1.323492e-37
680663,0.0
680664,0.0
680665,0.0
680666,0.0
680667,0.0
680668,4.8704627e-19
680669,0.0
680670,0.0
680671,0.0
680672,0.0
680673,0.0
680674,0.0
680675,0.0
680676,0.0
680677,0.0
680678,0.0
680679,0.0
680680,0.0
680681,0.0
680682,0.0
680683,0.0
680684,0.0
680685,0.0
680686,0.0
680687,0.0
680688,0.0
680689,0.0
680690,0.0
680691,0.0
680692,0.0
680693,0.0
680694,0.0
680695,0.0
680696,0.0
680697,0.0
680698,0.0
680699,0.0
680700,0.0
680701,0.0
680702,0.0
680703,0.0
680704,0.0
680705,0.0
680706,0.0
680707,0.0
680708,0.0
680709,0.0
680710,0.0
680711,0.0
680712,0.0
680713,0.0
680714,0.0
680715,0.0
680716,0.0
680717,0.0
680718,0.0
680719,0.0
680720,0.0
680721,0.0
680722,0.0
680723,0.0
680724,0.0
680725,0.0
680726,0.0
680727,0.0
680728,0.0
680729,0.0
680730,0.0
680731,0.0
680732,0.0
680733,0.0
680734,1.4620541e-12
680735,0.0
680736,0.0
680737,0.0
680738,0.0
680739,0.0
680740,0.0
680741,0.0
680742,0.0
680743,0.013993688
680744,0.0
680745,0.0
680746,0.0
680747,0.0
680748,0.0
680749,0.0
680750,0.0
680751,0.0
680752,0.0
680753,0.0
680754,0.0
680755,0.0
680756,0.0
680757,0.0
680758,0.0
680759,0.0
680760,0.0
680761,0.0
680762,0.0
680763,0.0
680764,0.0
680765,0.0
680766,0.0
680767,0.0
680768,0.0
680769,0.0
680770,0.0
680771,0.0
680772,0.0
680773,0.0
680774,0.0
680775,0.0
680776,0.0
680777,0.0
680778,0.0
680779,0.0
680780,0.0
680781,0.0
680782,0.0
680783,0.0
680784,0.0
680785,0.0
680786,0.0
680787,0.0
680788,0.0
680789,0.0
680790,0.0
680791,0.0
680792,0.0
680793,0.0
680794,0.0
680795,0.0
680796,0.0
680797,0.0
680798,0.0
680799,0.0
680800,0.0
680801,0.0
680802,0.0
680803,0.0
680804,0.0
680805,0.0
680806,0.0
680807,0.0
680808,0.0
680809,0.0
680810,0.0
680811,0.0
680812,0.0
680813,0.0
680814,0.0
680815,0.0
680816,0.0
680817,0.0
680818,0.0
680819,0.0
680820,0.0
680821,0.0
680822,0.0
680823,0.0
680824,0.0
680825,0.0
680826,0.0
680827,0.0
680828,0.0
680829,0.0
680830,0.0
680831,0.0
680832,0.0
680833,0.0
680834,0.0
680835,0.0
680836,0.0
680837,0.0
680838,0.0
680839,0.0
680840,0.0
680841,0.0
680842,0.0
680843,0.0
680844,3.6828083e-17
680845,0.0
680846,0.0
680847,0.0
680848,0.0
680849,0.0
680850,0.0
680851,0.0
680852,0.0
680853,0.0
680854,0.0
680855,0.0
680856,0.0
680857,0.0
680858,0.0
680859,0.0
680860,0.0
680861,0.0
680862,3.3969136e-06
680863,0.0
680864,0.0
680865,0.0
680866,0.0
680867,0.0
680868,0.0
680869,0.0
680870,0.0
680871,0.0
680872,0.0
680873,0.0
680874,0.0
680875,0.0
680876,0.0
680877,0.0
680878,0.0
680879,0.0
680880,0.0
680881,0.0
680882,0.0
680883,0.0
680884,0.0
680885,0.0
680886,0.0
680887,0.0
680888,0.0
680889,0.0
680890,0.0
680891,0.0
680892,0.0
680893,0.0
680894,0.0
680895,0.0
680896,0.0
680897,0.0
680898,0.0
680899,0.0
680900,0.0
680901,0.0
680902,0.0
680903,1.1010941e-18
680904,0.0
680905,0.0
680906,0.0
680907,0.0
680908,0.0
680909,0.0
680910,0.0
680911,0.0
680912,0.0
680913,0.0
680914,0.0
680915,0.0
680916,0.0
680917,0.0
680918,0.0
680919,0.0
680920,0.0
680921,0.0
680922,0.0
680923,0.0
680924,0.0
680925,0.0
680926,0.0
680927,0.0
680928,0.0
680929,0.0
680930,0.0
680931,0.0
680932,0.0
680933,0.0
680934,0.0
680935,0.0
680936,0.0
680937,0.0
680938,0.0
680939,0.0
680940,0.0
680941,0.0
680942,0.0
680943,0.0
680944,0.0
680945,0.0
680946,0.0
680947,0.0
680948,0.0
680949,0.0
680950,0.0
680951,0.0
680952,0.0
680953,0.0
680954,0.0
680955,0.0
680956,0.0
680957,0.0
680958,0.0
680959,0.0
680960,0.0
680961,0.0
680962,0.0
680963,0.0
680964,0.0
680965,0.0
680966,0.0
680967,0.0
680968,0.0
680969,0.0
680970,0.0
680971,0.0
680972,0.0
680973,0.0
680974,0.0
680975,0.0
680976,0.0
680977,0.0
680978,0.0
680979,0.0
680980,0.0
680981,0.0
680982,0.0
680983,0.0
680984,0.0
680985,0.0
680986,0.0
680987,0.0
680988,0.0
680989,0.0
680990,0.0
680991,0.0
680992,0.0
680993,0.0
680994,0.0
680995,0.0
680996,0.0
680997,0.0
680998,0.0
680999,0.0
681000,0.0
681001,0.0
681002,0.0
681003,0.0
681004,0.0
681005,0.0
681006,0.0
681007,0.0
681008,0.0
681009,0.36242384
681010,0.0
681011,0.0
681012,0.0
681013,0.0
681014,0.0
681015,0.0
681016,0.0
681017,0.0
681018,1.7909161e-19
681019,0.0
681020,0.0
681021,0.0
681022,0.0
681023,0.0
681024,0.0
681025,0.0
681026,0.0
681027,0.0
681028,0.0
681029,0.0
681030,0.0
681031,0.0
681032,0.0
681033,0.0
681034,0.0
681035,0.0
681036,0.0
681037,0.0
681038,0.0
681039,0.0
681040,0.0
681041,0.0
681042,0.0
681043,0.0
681044,0.0
681045,0.0
681046,0.0
681047,0.0
681048,0.0
681049,0.0
681050,0.0002885118
681051,0.0
681052,0.0
681053,0.0
681054,0.0
681055,0.0
681056,0.0
681057,0.0
681058,0.0
681059,0.0
681060,0.0
681061,0.0
681062,0.0
681063,0.0
681064,0.0
681065,0.0
681066,0.0
681067,0.0
681068,0.0
681069,0.0
681070,0.0
681071,0.0
681072,0.0
681073,0.0
681074,0.0
681075,0.0
681076,0.0
681077,0.0
681078,0.0
681079,0.0
681080,0.0
681081,0.0
681082,0.0
681083,0.0
681084,0.0
681085,0.0
681086,0.0
681087,0.0
681088,0.0
681089,0.0
681090,0.0
681091,0.0
681092,0.0
681093,0.0
681094,0.0
681095,0.0
681096,0.0
681097,0.0
681098,0.0
681099,0.0
681100,0.0
681101,0.0
681102,0.0
681103,0.0
681104,0.0
681105,0.0
681106,0.0
681107,0.0
681108,0.0
681109,0.0
681110,0.0
681111,0.0
681112,0.0
681113,0.0
681114,0.0
681115,0.0
681116,0.0
681117,0.0
681118,9.446198e-39
681119,0.0
681120,0.0
681121,0.0
681122,0.0
681123,0.0
681124,0.0
681125,0.0
681126,0.0
681127,0.0
681128,0.0
681129,0.0
681130,0.0
681131,0.0
681132,0.0
681133,0.0
681134,0.0
681135,0.0
681136,0.0
681137,0.0
681138,0.0
681139,0.0
681140,0.0
681141,0.0
681142,0.0
681143,0.0
681144,0.0
681145,0.0
681146,0.0
681147,0.0
681148,0.0
681149,0.0
681150,0.0
681151,0.0
681152,0.0
681153,0.0
681154,0.0
681155,0.0
681156,0.0
681157,0.0
681158,0.0
681159,0.0
681160,0.0
681161,0.0
681162,0.0
681163,0.0
681164,0.0
681165,0.0
681166,0.0
681167,0.0
681168,0.0
681169,0.0
681170,0.0
681171,0.0
681172,0.0
681173,0.0
681174,0.0
681175,0.0
681176,0.0
681177,0.0
681178,0.0
681179,0.0
681180,0.0
681181,0.0
681182,0.0
681183,0.0
681184,0.0
681185,0.0
681186,0.0
681187,0.0
681188,0.0
681189,0.0
681190,0.0
681191,0.0
681192,0.0
681193,0.0
681194,0.0
681195,0.0
681196,0.0
681197,0.0
681198,0.0
681199,0.0
681200,0.0
681201,0.0
681202,0.0
681203,0.0
681204,0.0
681205,0.0
681206,4.061179e-39
681207,0.0
681208,0.0
681209,0.0
681210,0.0
681211,0.0
681212,0.0
681213,0.0
681214,0.0
681215,0.0
681216,0.0
681217,0.0
681218,0.0
681219,0.0
681220,0.0
681221,0.0
681222,0.0
681223,0.0
681224,0.0
681225,0.0
681226,0.0
681227,0.0
681228,0.0
681229,0.0
681230,0.0
681231,0.0
681232,0.0
681233,0.0
681234,0.0
681235,0.0
681236,0.0
681237,0.0
681238,0.0
681239,0.0
681240,0.0
681241,0.0
681242,0.0
681243,0.0
681244,0.0
681245,0.0
681246,0.0
681247,0.0
681248,0.0
681249,0.0
681250,0.0
681251,0.0
681252,0.0
681253,0.0
681254,0.0
681255,0.0
681256,0.0
681257,0.0
681258,0.0
681259,0.0
681260,0.0
681261,0.0
681262,0.0
681263,0.0
681264,0.0
681265,0.32532963
681266,0.0
681267,0.0
681268,0.0
681269,0.0
681270,0.0
681271,0.0
681272,0.0
681273,0.051515486
681274,0.0
681275,0.0
681276,0.0
681277,0.0
681278,0.0
681279,0.0
681280,0.0
681281,0.0
681282,0.0
681283,0.0
681284,0.0
681285,0.0
681286,0.0
681287,0.0
681288,0.0
681289,0.0
681290,0.0
681291,0.0
681292,0.0
681293,0.0
681294,0.0
681295,0.0
681296,0.0
681297,0.0
681298,0.0
681299,0.0
681300,0.0
681301,0.0
681302,0.0
681303,0.0
681304,0.0
681305,0.0
681306,0.0
681307,0.0
681308,0.0
681309,0.0
681310,0.0
681311,0.0
681312,0.0
681313,0.0
681314,0.0
681315,0.0
681316,0.0
681317,0.0
681318,0.0
681319,0.0
681320,0.0
681321,0.0
681322,0.0
681323,0.0
681324,0.0
681325,0.0
681326,0.0
681327,0.0
681328,0.0
681329,0.0
681330,0.0
681331,0.0
681332,0.0
681333,0.0
681334,0.0
681335,0.0
681336,0.0
681337,0.0
681338,0.0
681339,0.0
681340,0.0
681341,0.0
681342,0.0
681343,0.0
681344,0.0
681345,0.0
681346,0.0
681347,0.0
681348,0.0
681349,0.0
681350,0.0
681351,0.0
681352,0.0
681353,0.0
681354,0.0
681355,0.0
681356,0.0
681357,0.0
681358,0.0
681359,0.0
681360,0.0
681361,0.0
681362,0.0
681363,0.0
681364,0.0
681365,0.0
681366,3.1639216e-10
681367,0.0
681368,0.0
681369,0.0
681370,0.0
681371,0.0
681372,0.0
681373,0.0
681374,0.0
681375,0.0
681376,0.0
681377,0.0
681378,0.0
681379,0.0
681380,0.0
681381,0.0
681382,0.0
681383,0.0
681384,0.0
681385,0.0
681386,0.0
681387,0.0
681388,0.0
681389,0.0
681390,0.0
681391,0.0
681392,0.0
681393,0.0
681394,0.0
681395,0.0
681396,0.0
681397,6.576542e-33
681398,0.0
681399,0.0
681400,0.0
681401,0.0
681402,0.0
681403,0.0
681404,0.0
681405,0.0
681406,0.0
681407,0.0
681408,0.0
681409,0.0
681410,0.0
681411,0.0
681412,0.0
681413,0.0
681414,0.0
681415,0.0
681416,0.0
681417,0.0
681418,0.0
681419,0.0
681420,0.0
681421,0.0
681422,0.0
681423,0.0
681424,0.0
681425,0.0
681426,0.0
681427,0.0
681428,0.0
681429,0.0
681430,0.0
681431,0.0
681432,0.0
681433,0.0
681434,0.0
681435,0.0
681436,0.0
681437,0.0
681438,0.0
681439,0.0
681440,0.0
681441,0.0
681442,0.0
681443,0.0
681444,0.0
681445,0.0
681446,0.0
681447,0.0
681448,0.0
681449,0.0
681450,0.0
681451,0.0
681452,0.0
681453,0.0
681454,0.0
681455,0.0
681456,0.0
681457,0.0
681458,0.0
681459,0.0
681460,0.0
681461,0.0
681462,0.0
681463,0.0
681464,0.0
681465,0.0
681466,0.0
681467,0.0
681468,0.0
681469,0.0
681470,0.0
681471,0.0
681472,0.0
681473,0.0
681474,0.0
681475,0.0
681476,0.0
681477,4.2941923e-31
681478,0.0
681479,0.0
681480,0.0
681481,0.0
681482,0.0
681483,0.0
681484,0.0
681485,0.0
681486,0.0
681487,0.0
681488,0.0
681489,0.0
681490,0.0
681491,0.0
681492,0.0
681493,0.0
681494,0.0
681495,0.0
681496,0.0
681497,0.0
681498,0.0
681499,0.0
681500,0.0
681501,0.0
681502,4.3818965e-38
681503,0.0
681504,0.0
681505,0.0
681506,0.0
681507,0.0
681508,0.0
681509,0.0
681510,0.0
681511,0.0
681512,0.0
681513,0.0
681514,0.0
681515,0.0
681516,0.0
681517,0.0
681518,0.0
681519,0.0
681520,0.0
681521,0.0
681522,0.0
681523,0.0
681524,0.0
681525,0.0
681526,0.0
681527,0.0
681528,0.0
681529,0.0
681530,0.0
681531,0.0
681532,0.0
681533,0.0
681534,0.0
681535,0.0
681536,0.0
681537,0.0
681538,0.0
681539,0.0
681540,0.0
681541,0.0
681542,0.0
681543,0.0
681544,0.0
681545,0.0
681546,0.0
681547,0.0
681548,0.0
681549,0.0
681550,0.0
681551,0.0
681552,0.0
681553,0.0
681554,0.0
681555,0.0
681556,0.0
681557,0.0
681558,0.0
681559,0.0
681560,0.0
681561,0.0
681562,0.0
681563,0.0
681564,0.0
681565,0.0
681566,0.0
681567,0.0
681568,0.0
681569,0.0
681570,0.0
681571,0.0
681572,0.0
681573,0.0
681574,0.0
681575,0.0
681576,0.0
681577,0.0
681578,0.0
681579,0.0
681580,0.0
681581,0.0
681582,0.0
681583,0.0
681584,0.0
681585,0.0
681586,0.0
681587,0.0
681588,0.0
681589,0.0
681590,0.0
681591,0.0
681592,0.0
681593,0.0
681594,0.0
681595,0.0
681596,0.0
681597,0.0
681598,0.0
681599,0.0
681600,0.0
681601,0.0
681602,0.0
681603,0.0
681604,0.0
681605,0.0
681606,0.0
681607,0.0
681608,0.0
681609,0.0
681610,0.0
681611,0.0
681612,0.0
681613,0.0
681614,0.0
681615,0.0
681616,0.0
681617,0.0
681618,0.0
681619,0.0
681620,0.0
681621,0.0
681622,0.0
681623,0.0
681624,0.0
681625,0.0
681626,0.0
681627,0.0
681628,0.0
681629,0.0
681630,0.0
681631,0.0
681632,0.0
681633,0.0
681634,0.0
681635,0.0
681636,0.0
681637,0.0
681638,0.0
681639,0.0
681640,0.0
681641,0.0
681642,0.0
681643,0.0
681644,0.0
681645,0.0
681646,0.0
681647,0.0
681648,0.0
681649,0.0
681650,0.0
681651,0.0
681652,0.0
681653,0.0
681654,0.0
681655,0.0
681656,0.0
681657,0.0
681658,0.0
681659,0.0
681660,0.0
681661,0.0
681662,0.0
681663,0.0
681664,0.0
681665,0.0
681666,0.0
681667,0.0
681668,0.0
681669,0.0
681670,0.0
681671,0.0
681672,0.0
681673,0.0
681674,0.0
681675,0.0
681676,3.195883e-26
681677,0.0
681678,0.0
681679,0.0
681680,0.0
681681,0.0
681682,0.0
681683,0.0
681684,0.0
681685,0.0
681686,0.0
681687,0.0
681688,0.0
681689,0.0
681690,0.0
681691,0.0
681692,0.0
681693,0.0
681694,0.0
681695,0.0
681696,0.0
681697,0.0
681698,0.0
681699,0.0
681700,0.0
681701,0.0
681702,0.0
681703,0.0
681704,0.0
681705,0.0
681706,0.0
681707,0.0
681708,0.0
681709,0.0
681710,0.0
681711,0.0
681712,0.0
681713,0.0
681714,0.0
681715,0.0
681716,0.0
681717,0.0
681718,0.0
681719,0.0
681720,0.0
681721,0.0
681722,0.0
681723,0.0
681724,0.0
681725,0.0
681726,0.0
681727,0.0
681728,0.0
681729,0.0
681730,0.0
681731,0.0
681732,0.0
681733,0.0
681734,0.0
681735,0.0
681736,0.0
681737,0.0
681738,0.0
681739,0.0
681740,0.0
681741,0.0
681742,0.0
681743,0.0
681744,0.0
681745,0.0
681746,0.0
681747,0.0
681748,0.0
681749,0.0
681750,0.0
681751,0.0
681752,0.0
681753,0.0
681754,0.0
681755,0.0
681756,0.0
681757,0.0
681758,0.0
681759,0.0
681760,0.0
681761,0.0
681762,0.0
681763,0.0
681764,0.0
681765,0.0
681766,0.0
681767,0.0
681768,0.0
681769,0.0
681770,0.0
681771,0.0
681772,0.0
681773,0.0
681774,0.0
681775,0.0
681776,0.0
681777,0.0
681778,0.0
681779,0.0
681780,0.0
681781,0.0
681782,0.0
681783,0.0
681784,0.0
681785,0.0
681786,0.0
681787,0.0
681788,0.0
681789,0.0
681790,0.0
681791,0.0
681792,0.0
681793,0.0
681794,0.0
681795,0.0
681796,0.0
681797,0.0
681798,0.0
681799,0.0
681800,0.0
681801,0.0
681802,0.0
681803,0.0
681804,0.0
681805,0.0
681806,0.0
681807,0.0
681808,0.0
681809,0.0
681810,0.0
681811,0.0
681812,0.0
681813,0.0
681814,0.0
681815,0.0
681816,0.0
681817,0.0
681818,0.0
681819,0.0
681820,0.0
681821,0.0
681822,0.0
681823,5.5319467e-17
681824,0.0
681825,0.0
681826,0.0
681827,0.0
681828,0.0
681829,0.0
681830,0.0
681831,0.0
681832,0.0
681833,0.0
681834,0.0
681835,0.0
681836,0.0
681837,0.0
681838,0.0
681839,0.0
681840,0.0
681841,0.0
681842,0.0
681843,0.0
681844,0.0
681845,0.0
681846,0.0
681847,0.0
681848,0.0
681849,0.0
681850,0.0
681851,0.0
681852,0.0
681853,0.0
681854,0.0
681855,0.0
681856,0.0
681857,0.0
681858,0.0
681859,0.0
681860,0.0
681861,0.0
681862,0.0
681863,0.0
681864,0.0
681865,0.0
681866,0.0
681867,0.0
681868,0.0
681869,0.0
681870,0.0
681871,0.0
681872,0.0
681873,0.0
681874,0.0
681875,0.0
681876,0.0
681877,0.0
681878,0.0
681879,0.0
681880,0.0
681881,0.0
681882,0.0
681883,0.0
681884,0.0
681885,0.0
681886,0.0
681887,0.0
681888,0.0
681889,0.0
681890,4.615552e-28
681891,0.0
681892,0.0
681893,0.0
681894,0.0
681895,0.0
681896,0.0
681897,7.2880746e-17
681898,0.0
681899,0.0
681900,0.0
681901,0.0
681902,0.0
681903,0.0
681904,0.0
681905,0.0
681906,0.0
681907,0.0
681908,0.0
681909,0.0
681910,0.0
681911,0.0
681912,0.0
681913,0.0
681914,0.0
681915,0.0
681916,0.0
681917,0.0
681918,0.0
681919,0.0
681920,0.0
681921,0.0
681922,0.0
681923,0.0
681924,0.0
681925,0.0
681926,0.0
681927,0.0
681928,0.0
681929,0.0
681930,0.0
681931,0.0
681932,0.0
681933,0.0
681934,0.0
681935,0.0
681936,0.0
681937,0.0
681938,0.0
681939,0.0
681940,0.0
681941,0.0
681942,0.0
681943,0.0
681944,0.0
681945,0.0
681946,0.0
681947,0.0
681948,0.0
681949,0.0
681950,0.0
681951,0.0
681952,0.0
681953,0.0
681954,0.0
681955,0.0
681956,0.0
681957,0.0
681958,0.0
681959,0.0
681960,0.0
681961,0.0
681962,0.0
681963,0.0
681964,0.0
681965,0.0
681966,0.0
681967,0.0
681968,0.0
681969,0.0
681970,0.0
681971,0.0
681972,0.0
681973,0.0
681974,0.0
681975,0.0
681976,0.0
681977,0.0
681978,0.0
681979,0.0
681980,0.0
681981,0.0
681982,0.0
681983,0.0
681984,0.0
681985,0.0
681986,0.0
681987,0.0
681988,0.0
681989,0.0
681990,0.0
681991,0.0
681992,0.0
681993,0.0
681994,0.0
681995,0.0
681996,0.0
681997,0.0
681998,0.0
681999,0.0
682000,0.0
682001,0.0
682002,0.0
682003,0.0
682004,0.0
682005,0.0
682006,0.0
682007,0.0
682008,0.0
682009,0.0
682010,0.0
682011,0.0
682012,0.0
682013,0.0
682014,0.0
682015,0.0
682016,0.0
682017,0.0
682018,0.0
682019,0.0
682020,1.9148515e-28
682021,0.0
682022,0.0
682023,0.0
682024,0.0
682025,0.0
682026,0.0
682027,0.0
682028,0.0
682029,0.0
682030,0.0
682031,0.0
682032,0.0
682033,0.0
682034,0.0
682035,0.0
682036,0.0
682037,0.0
682038,0.0
682039,0.0
682040,0.0
682041,0.0
682042,0.0
682043,0.0
682044,0.0
682045,0.0
682046,0.0
682047,0.0
682048,0.0
682049,0.0
682050,0.0
682051,0.0
682052,0.0
682053,0.0
682054,0.0
682055,0.0
682056,0.0
682057,0.0
682058,0.0
682059,0.0
682060,0.0
682061,0.0
682062,0.0
682063,0.0
682064,0.0
682065,1.2908699e-25
682066,0.0
682067,0.0
682068,0.0
682069,0.0
682070,0.0
682071,0.0
682072,0.0
682073,0.0
682074,0.0
682075,0.0
682076,0.0
682077,0.0
682078,0.0
682079,0.0
682080,0.0
682081,0.0
682082,0.0
682083,0.0
682084,0.0
682085,0.0
682086,0.0
682087,0.0
682088,0.0
682089,0.0
682090,0.0
682091,0.0
682092,0.0
682093,0.0
682094,0.0
682095,0.0
682096,0.0
682097,0.0
682098,0.0
682099,0.0
682100,0.0
682101,0.0
682102,0.0
682103,0.0
682104,0.0
682105,0.0
682106,0.0
682107,0.0
682108,0.0
682109,0.0
682110,0.0
682111,0.0
682112,0.0
682113,0.0
682114,0.0
682115,0.0
682116,0.0
682117,0.0
682118,0.0
682119,0.0
682120,0.0
682121,0.0
682122,0.0
682123,0.0
682124,0.0
682125,0.0
682126,0.0
682127,0.0
682128,0.0
682129,0.0
682130,0.0
682131,0.0
682132,0.0
682133,0.0
682134,0.0
682135,0.0
682136,0.0
682137,0.0
682138,0.0
682139,0.0
682140,0.0
682141,0.0
682142,0.0
682143,0.0
682144,0.0
682145,0.0
682146,0.0
682147,0.0
682148,0.0
682149,0.0
682150,0.0
682151,0.0
682152,0.0
682153,0.0
682154,0.0
682155,0.0
682156,0.0
682157,0.0
682158,0.0
682159,0.0
682160,0.0
682161,0.0
682162,0.0
682163,0.0
682164,0.0
682165,0.0
682166,0.0
682167,0.0
682168,0.0
682169,0.0
682170,0.0
682171,0.0
682172,0.0
682173,0.0
682174,0.0
682175,0.0
682176,0.0
682177,0.0
682178,0.0
682179,0.0
682180,0.0
682181,0.0
682182,0.0
682183,0.0
682184,0.0
682185,0.0
682186,0.0
682187,0.0
682188,0.0
682189,0.0
682190,0.0
682191,0.0
682192,0.0
682193,0.0
682194,0.0
682195,0.0
682196,0.0
682197,0.0
682198,0.0
682199,0.0
682200,0.0
682201,0.0
682202,0.0
682203,0.0
682204,0.0
682205,0.0
682206,0.0
682207,0.0
682208,0.0
682209,0.0
682210,0.0
682211,0.0
682212,0.0
682213,0.0
682214,0.0
682215,0.0
682216,0.0
682217,0.0
682218,0.0
682219,0.0
682220,0.0
682221,0.0
682222,0.0
682223,0.0
682224,0.0
682225,0.0
682226,0.0
682227,0.0
682228,0.0
682229,0.0
682230,0.0
682231,0.0
682232,0.0
682233,0.0
682234,0.0
682235,0.0
682236,0.0
682237,0.0
682238,0.0
682239,0.0
682240,0.0
682241,0.0
682242,0.0
682243,0.0
682244,0.0
682245,0.0
682246,0.0
682247,0.0
682248,0.0
682249,0.0
682250,0.0
682251,0.0
682252,0.0
682253,0.0
682254,0.0
682255,0.0
682256,0.0
682257,0.0
682258,0.0
682259,0.0
682260,0.0
682261,0.0
682262,2.9994765e-31
682263,0.0
682264,5.016613e-37
682265,0.0
682266,0.0
682267,0.0
682268,0.0
682269,0.0
682270,0.0
682271,0.0
682272,0.0
682273,0.0
682274,0.0
682275,0.0
682276,0.0
682277,0.0
682278,0.0
682279,0.0
682280,0.0
682281,0.0
682282,0.0
682283,0.0
682284,0.0
682285,0.0
682286,0.0
682287,0.0
682288,0.0
682289,0.0
682290,0.0
682291,0.0
682292,0.0
682293,0.0
682294,1.8754714e-16
682295,0.0
682296,0.0
682297,0.0
682298,0.0
682299,0.0
682300,0.0
682301,0.0
682302,0.0
682303,0.0
682304,0.0
682305,0.0
682306,0.0
682307,0.0
682308,0.0
682309,0.0
682310,0.0
682311,0.0
682312,0.0
682313,0.0
682314,0.0
682315,0.0
682316,0.0
682317,0.0
682318,0.0
682319,0.0
682320,0.0
682321,0.0
682322,0.0
682323,0.0
682324,0.0
682325,0.0
682326,0.0
682327,0.0
682328,0.0
682329,0.0
682330,0.0
682331,0.0
682332,0.0
682333,0.0
682334,0.0
682335,0.0
682336,0.0
682337,0.0
682338,0.0
682339,0.0
682340,0.0
682341,0.0
682342,0.0
682343,0.0
682344,0.0
682345,0.0
682346,0.0
682347,0.0
682348,0.0
682349,0.0
682350,0.0
682351,0.0
682352,0.0
682353,0.0
682354,0.0
682355,0.0
682356,0.0
682357,0.0
682358,0.0
682359,0.0
682360,3.2045367e-12
682361,0.0
682362,0.0
682363,0.0
682364,0.0
682365,0.0
682366,0.0
682367,0.0
682368,0.0
682369,0.0
682370,0.0
682371,0.0
682372,0.0
682373,0.0
682374,0.0
682375,0.0
682376,0.0
682377,0.0
682378,0.0
682379,0.0
682380,0.0
682381,0.0
682382,0.0
682383,0.0
682384,0.0
682385,0.0
682386,0.0
682387,0.0
682388,0.0
682389,0.0
682390,0.0
682391,0.0
682392,0.0
682393,0.0
682394,0.0
682395,0.0
682396,0.0
682397,0.0
682398,0.0
682399,0.0
682400,0.0
682401,0.0
682402,0.0
682403,0.0
682404,0.0
682405,0.0
682406,0.0
682407,0.0
682408,5.5282885e-35
682409,0.0
682410,0.0
682411,0.0
682412,0.0
682413,0.0
682414,0.0
682415,0.0
682416,0.0
682417,0.0
682418,0.0
682419,0.0
682420,0.0
682421,0.0
682422,0.0
682423,0.0
682424,0.0
682425,0.0
682426,0.0
682427,0.0
682428,0.0
682429,0.0
682430,0.0
682431,0.0
682432,0.0
682433,0.0
682434,0.0
682435,0.0
682436,0.0
682437,0.0
682438,0.0
682439,0.0
682440,0.0
682441,0.0
682442,0.0
682443,0.0
682444,0.0
682445,0.0
682446,0.0
682447,0.0
682448,0.0
682449,0.0
682450,0.0
682451,0.0
682452,0.0
682453,0.0
682454,0.0
682455,0.0
682456,0.0
682457,0.0
682458,0.0
682459,1.9280412e-17
682460,0.0
682461,0.0
682462,0.0
682463,0.0
682464,0.0
682465,0.0
682466,0.0
682467,0.0
682468,0.0
682469,0.0
682470,0.0
682471,0.0
682472,0.0
682473,0.0
682474,0.0
682475,0.0
682476,0.0
682477,0.0
682478,0.0
682479,0.0
682480,0.0
682481,0.21652985
682482,0.0
682483,0.0
682484,0.0
682485,0.0
682486,0.0
682487,0.0
682488,0.0
682489,0.0
682490,0.0
682491,0.0
682492,0.0
682493,0.0
682494,0.0
682495,0.0
682496,0.0
682497,0.0
682498,0.0
682499,0.0
682500,0.0
682501,0.0
682502,0.0
682503,0.0
682504,0.0
682505,0.0
682506,0.0
682507,0.0
682508,0.0
682509,0.0
682510,0.0
682511,0.0
682512,0.0
682513,0.0
682514,0.0
682515,0.0
682516,0.0
682517,0.0
682518,0.0
682519,0.0
682520,0.0
682521,0.0
682522,0.0
682523,0.0
682524,0.0
682525,0.0
682526,0.0
682527,0.0
682528,0.0
682529,0.0
682530,0.0
682531,0.0
682532,0.0
682533,0.0
682534,0.0
682535,0.0
682536,0.0
682537,0.0
682538,0.0
682539,0.0
682540,0.0
682541,0.0
682542,3.9496087e-20
682543,0.0
682544,0.0
682545,0.0
682546,0.0
682547,0.0
682548,0.0
682549,0.0
682550,0.0
682551,0.0
682552,0.0
682553,0.0
682554,0.0
682555,0.0
682556,0.0
682557,0.0
682558,0.0
682559,0.0
682560,0.0
682561,0.0
682562,0.0
682563,0.0
682564,0.0
682565,0.0
682566,0.0
682567,0.0
682568,0.0
682569,0.0
682570,0.0
682571,0.0
682572,0.0
682573,0.0
682574,0.0
682575,0.0
682576,0.0
682577,0.0
682578,0.0
682579,0.0
682580,0.0
682581,0.0
682582,0.0
682583,0.0
682584,0.0
682585,0.0
682586,0.0
682587,0.0
682588,0.0
682589,0.0
682590,0.0
682591,0.0
682592,0.0
682593,0.0
682594,0.0
682595,0.0
682596,0.0
682597,0.0
682598,0.0
682599,0.0
682600,0.0
682601,0.0
682602,0.0
682603,0.0
682604,0.0
682605,0.0
682606,0.0
682607,0.0
682608,0.0
682609,0.0
682610,0.0
682611,0.0
682612,0.0
682613,0.0
682614,0.0
682615,0.0
682616,0.0
682617,0.0
682618,0.0
682619,0.0
682620,0.0
682621,0.0
682622,0.0
682623,0.0
682624,0.0
682625,0.0
682626,0.0
682627,0.0
682628,0.0
682629,0.0
682630,0.0
682631,0.0
682632,0.0
682633,0.0
682634,0.0
682635,0.0
682636,0.0
682637,0.0
682638,0.0
682639,0.0
682640,0.0
682641,0.0
682642,1.78663e-20
682643,0.0
682644,1.963644e-28
682645,0.0
682646,0.0
682647,0.0
682648,0.0
682649,0.0
682650,0.0
682651,0.0
682652,0.0
682653,0.0
682654,0.0
682655,0.0
682656,0.0
682657,0.0
682658,0.0
682659,0.0
682660,0.0
682661,0.0
682662,0.0
682663,0.0
682664,0.0
682665,0.0
682666,0.0
682667,0.0
682668,0.0
682669,0.0
682670,0.0
682671,0.0
682672,0.0
682673,0.0
682674,0.0
682675,0.0
682676,0.0
682677,0.0
682678,0.0
682679,0.0
682680,0.0
682681,0.0
682682,0.0
682683,0.0
682684,0.0
682685,0.0
682686,0.0
682687,0.0
682688,0.0
682689,0.0
682690,0.0
682691,0.0
682692,0.0
682693,0.0
682694,0.0
682695,0.0
682696,0.0
682697,0.0
682698,0.0
682699,0.0
682700,0.0
682701,0.0
682702,0.0
682703,0.0
682704,0.0
682705,0.0
682706,0.0
682707,0.0
682708,0.0
682709,0.0
682710,0.0
682711,0.0
682712,0.0
682713,0.0
682714,0.0
682715,0.0
682716,0.0
682717,0.0
682718,0.0
682719,0.0
682720,0.0
682721,0.0
682722,0.0
682723,0.0
682724,0.0
682725,0.0
682726,0.0
682727,0.0
682728,0.0
682729,0.0
682730,0.0
682731,0.0
682732,0.0
682733,0.0
682734,0.0
682735,0.0
682736,0.0
682737,0.0
682738,0.0
682739,0.0
682740,0.0
682741,0.0
682742,0.0
682743,0.0
682744,0.0
682745,0.0
682746,0.0
682747,0.0
682748,0.0
682749,0.0
682750,0.0
682751,0.0
682752,0.00057056744
682753,0.0
682754,0.0
682755,0.0
682756,0.0
682757,0.0
682758,0.0
682759,0.0
682760,0.0
682761,0.0
682762,7.4316867e-22
682763,0.0
682764,0.0
682765,0.0
682766,0.0
682767,0.0
682768,0.0
682769,0.0
682770,0.0
682771,0.0
682772,0.0
682773,0.0
682774,0.0
682775,0.0
682776,0.0
682777,0.0
682778,0.0
682779,0.0
682780,0.0
682781,0.0
682782,0.0
682783,0.0
682784,0.0
682785,0.0
682786,0.0
682787,0.0
682788,0.0
682789,0.0
682790,0.0
682791,0.0
682792,0.0
682793,0.0
682794,0.0
682795,0.0
682796,0.0
682797,0.0
682798,0.0
682799,0.0
682800,0.0
682801,0.0
682802,0.0
682803,0.0
682804,0.0
682805,0.0
682806,0.0
682807,0.0
682808,0.0
682809,0.0
682810,0.0
682811,0.0
682812,0.0
682813,0.0
682814,0.0
682815,0.0
682816,0.0
682817,0.0
682818,0.0
682819,0.0
682820,0.0
682821,0.0
682822,0.0
682823,0.0
682824,0.0
682825,0.0
682826,0.0
682827,0.0
682828,0.0
682829,0.0
682830,0.0
682831,0.0
682832,0.0
682833,0.0
682834,0.0
682835,0.0
682836,1.2255861e-29
682837,0.0
682838,0.0
682839,0.0
682840,0.0
682841,0.0
682842,0.0
682843,0.0
682844,0.0
682845,0.0
682846,0.0
682847,0.0
682848,0.0
682849,0.0
682850,0.0
682851,0.0
682852,0.0
682853,0.0
682854,0.0
682855,0.0
682856,0.0
682857,0.0
682858,0.0
682859,0.0
682860,0.0
682861,0.0
682862,0.0
682863,0.0
682864,0.0
682865,0.0
682866,0.0
682867,0.0
682868,0.0
682869,0.0
682870,0.0
682871,0.0
682872,0.0
682873,6.01422e-11
682874,0.0
682875,0.0
682876,0.0
682877,0.0
682878,0.0
682879,0.0
682880,0.0
682881,0.0
682882,0.0
682883,0.0
682884,0.0
682885,0.0
682886,0.0
682887,0.0
682888,0.0
682889,0.0
682890,0.0
682891,0.0
682892,0.0
682893,0.0
682894,0.0
682895,0.0
682896,0.0
682897,0.0
682898,0.0
682899,0.0
682900,0.0
682901,0.0
682902,0.0
682903,0.0
682904,0.0
682905,0.0
682906,0.0
682907,0.0
682908,0.0
682909,0.0
682910,0.011708963
682911,0.0
682912,2.7627207e-38
682913,0.0
682914,0.0
682915,0.0
682916,0.0
682917,0.0
682918,0.0
682919,0.0
682920,0.0
682921,0.0
682922,0.0
682923,0.0
682924,0.0
682925,0.0
682926,0.0
682927,0.0
682928,0.0
682929,0.0
682930,0.0
682931,0.0
682932,0.0
682933,0.0
682934,0.0
682935,0.0
682936,0.0
682937,0.0
682938,0.0
682939,9.968568e-18
682940,0.0
682941,0.0
682942,0.0
682943,0.0
682944,0.0
682945,0.0
682946,0.0
682947,0.0
682948,0.0
682949,0.0
682950,0.0
682951,0.0
682952,0.0
682953,0.0
682954,0.0
682955,0.0
682956,0.0
682957,0.0
682958,0.0
682959,0.0
682960,1.3836161e-28
682961,0.0
682962,0.0
682963,0.0
682964,0.0
682965,0.0
682966,0.0
682967,0.0
682968,0.0
682969,0.0
682970,0.0
682971,0.0
682972,0.0
682973,0.0
682974,0.0
682975,0.0
682976,0.0
682977,0.0
682978,0.0
682979,0.0
682980,0.0
682981,0.0
682982,0.0
682983,0.0
682984,0.0
682985,0.0
682986,0.0
682987,0.0
682988,0.0
682989,0.0
682990,0.0
682991,0.0
682992,0.0
682993,0.0
682994,0.0
682995,0.0
682996,0.0
682997,0.0
682998,0.0
682999,0.0
683000,0.0
683001,0.0
683002,0.0
683003,0.0
683004,0.0
683005,0.0
683006,0.0
683007,0.0
683008,0.0
683009,0.0
683010,3.348871e-20
683011,0.0
683012,0.0
683013,0.0
683014,6.67577e-35
683015,0.0
683016,0.0
683017,0.0
683018,0.0
683019,0.0
683020,0.0
683021,0.0
683022,0.0
683023,0.0
683024,0.0
683025,0.0
683026,0.0
683027,0.0
683028,0.0
683029,0.0
683030,0.0
683031,0.0
683032,0.0
683033,0.0
683034,0.0
683035,0.0
683036,0.0
683037,0.0
683038,0.0
683039,0.0
683040,0.0
683041,0.0
683042,0.0
683043,0.0
683044,0.0
683045,0.0
683046,0.0
683047,0.0
683048,0.0
683049,0.0
683050,0.0
683051,0.0
683052,0.0
683053,0.0
683054,0.0
683055,0.0
683056,0.0
683057,0.0
683058,0.0
683059,0.0
683060,0.0
683061,0.0
683062,1.46959835e-33
683063,0.0
683064,0.0
683065,0.0
683066,0.0
683067,0.0
683068,0.0
683069,0.0
683070,0.0
683071,0.0
683072,0.0
683073,0.0
683074,0.0
683075,0.0
683076,0.0
683077,0.0
683078,0.0
683079,0.0
683080,0.0
683081,0.0
683082,0.0
683083,0.0
683084,0.0
683085,0.0
683086,0.0
683087,0.0
683088,0.0
683089,0.0
683090,0.0
683091,0.0
683092,0.0
683093,0.0
683094,0.0
683095,0.0
683096,0.0
683097,0.0
683098,0.0
683099,0.0
683100,0.0
683101,0.0
683102,0.0
683103,0.0
683104,0.0
683105,0.0
683106,0.0
683107,0.0
683108,0.0
683109,0.0
683110,0.0
683111,0.0
683112,0.0
683113,0.0
683114,0.0
683115,0.0
683116,0.0
683117,0.0
683118,0.0
683119,0.0
683120,0.0
683121,0.0
683122,0.0
683123,0.0
683124,0.0
683125,0.0
683126,0.0
683127,0.0
683128,0.0
683129,0.0
683130,0.0
683131,0.0
683132,0.0
683133,0.0
683134,0.0
683135,0.0
683136,0.0
683137,0.0
683138,0.0
683139,0.0
683140,0.0
683141,0.0
683142,0.0
683143,0.0
683144,0.0
683145,0.0
683146,0.0
683147,0.0
683148,0.0
683149,0.0
683150,0.0
683151,0.0
683152,0.0
683153,0.0
683154,0.0
683155,0.0
683156,0.0
683157,0.0
683158,0.0
683159,0.0
683160,0.0
683161,0.0
683162,0.0
683163,0.0
683164,0.0
683165,0.0
683166,0.0
683167,0.00030108934
683168,0.0
683169,0.0
683170,0.0
683171,0.0
683172,0.0
683173,0.0
683174,0.0
683175,0.0
683176,0.0
683177,0.0
683178,0.0
683179,0.0
683180,0.0
683181,0.0
683182,0.0
683183,0.0
683184,0.0
683185,0.0
683186,0.0
683187,0.0
683188,0.0
683189,0.0
683190,0.0
683191,0.0
683192,0.0
683193,0.0
683194,0.0
683195,0.0
683196,0.0
683197,0.0
683198,0.0
683199,3.3834466e-30
683200,0.0
683201,0.0
683202,0.0
683203,0.0
683204,0.0
683205,0.0
683206,0.0
683207,0.0
683208,0.0
683209,0.0
683210,0.0
683211,0.0
683212,0.0
683213,0.0
683214,0.0
683215,0.0
683216,0.0
683217,0.0
683218,0.0
683219,0.0
683220,0.0
683221,0.0
683222,0.0
683223,0.0
683224,0.0
683225,0.0
683226,0.0
683227,0.0
683228,0.0
683229,0.0
683230,0.0
683231,0.0
683232,0.0
683233,0.0
683234,0.0
683235,0.0
683236,0.0
683237,0.0
683238,0.0
683239,0.0
683240,0.0
683241,0.0
683242,0.0
683243,0.0
683244,0.0
683245,0.0
683246,0.0
683247,0.0
683248,0.0
683249,0.0
683250,0.0
683251,0.0
683252,0.0
683253,0.0
683254,0.0
683255,0.0
683256,0.0
683257,0.0
683258,0.0
683259,0.0
683260,0.0
683261,0.0
683262,0.0
683263,0.0
683264,0.0
683265,0.0
683266,0.0
683267,0.0
683268,0.0
683269,0.0
683270,0.0
683271,0.0
683272,0.0
683273,0.0
683274,0.0
683275,0.0
683276,0.0
683277,0.0
683278,0.0
683279,0.0
683280,0.0
683281,0.0
683282,0.0
683283,0.0
683284,0.0
683285,0.0
683286,0.0
683287,0.0
683288,0.0
683289,0.0
683290,0.0
683291,0.0
683292,0.0
683293,0.0
683294,0.0
683295,0.0
683296,0.0
683297,0.0
683298,0.0
683299,0.0
683300,0.0
683301,0.0
683302,0.0
683303,1.5867736e-33
683304,0.0
683305,0.0
683306,0.0
683307,0.0
683308,0.0
683309,0.0
683310,0.0
683311,0.0
683312,0.0
683313,0.0
683314,0.0
683315,0.0
683316,0.0
683317,0.0
683318,0.0
683319,0.0
683320,0.0
683321,0.0
683322,0.0
683323,0.0
683324,0.0
683325,0.0
683326,0.0
683327,0.0
683328,0.0
683329,0.0
683330,0.0
683331,0.0
683332,0.0
683333,0.0
683334,0.0
683335,0.0
683336,0.0
683337,0.0
683338,0.0
683339,0.0
683340,0.0
683341,0.0
683342,0.0
683343,0.0
683344,0.0
683345,0.0
683346,0.0
683347,0.0
683348,0.0
683349,0.0
683350,0.0
683351,0.0
683352,0.0
683353,0.0
683354,0.0
683355,0.0
683356,0.0
683357,0.0
683358,0.0
683359,0.0
683360,0.0
683361,0.0
683362,0.0
683363,0.0
683364,0.0
683365,0.0
683366,0.0
683367,0.0
683368,0.0
683369,0.0
683370,0.0
683371,0.0
683372,0.0
683373,0.0
683374,0.0
683375,0.0
683376,0.0
683377,0.0
683378,0.0
683379,0.0
683380,0.0
683381,0.0
683382,0.0
683383,0.0
683384,0.0
683385,0.0
683386,0.0
683387,0.0
683388,0.0
683389,0.0
683390,0.0
683391,0.0
683392,0.0
683393,0.0
683394,0.0
683395,0.0
683396,0.0
683397,0.0
683398,0.0
683399,0.0
683400,0.0
683401,0.0
683402,0.0
683403,0.0
683404,0.0
683405,0.0
683406,0.0
683407,0.0
683408,0.0
683409,0.0
683410,0.0
683411,0.0
683412,0.0
683413,0.0
683414,0.0
683415,0.0
683416,0.0
683417,0.0
683418,0.0
683419,0.0
683420,0.0
683421,0.0
683422,0.0
683423,6.370646e-28
683424,0.0
683425,0.0
683426,0.0
683427,0.0
683428,0.0
683429,0.0
683430,0.0
683431,0.0
683432,0.0
683433,0.0
683434,0.0
683435,0.0
683436,0.0
683437,0.0
683438,0.0
683439,0.0
683440,0.0
683441,0.0
683442,0.0
683443,0.0
683444,0.0
683445,0.0
683446,0.0
683447,0.0
683448,0.0
683449,0.0
683450,0.0
683451,0.0
683452,0.0
683453,0.0
683454,0.0
683455,0.0
683456,0.0
683457,0.0
683458,0.0
683459,0.0
683460,0.0
683461,0.0
683462,0.0
683463,0.0
683464,0.0
683465,0.0
683466,0.0
683467,0.0
683468,0.0
683469,0.0
683470,0.0
683471,0.0
683472,0.0
683473,0.0
683474,0.0
683475,0.0
683476,0.0
683477,0.0
683478,0.0
683479,0.0
683480,0.0
683481,0.0
683482,0.0
683483,0.0
683484,0.0
683485,0.0
683486,0.0
683487,0.0
683488,0.0
683489,0.0
683490,0.0
683491,0.0
683492,0.0
683493,0.0
683494,0.0
683495,0.0
683496,0.0
683497,0.0
683498,0.0
683499,0.0
683500,0.0
683501,0.0
683502,0.0
683503,0.0
683504,0.0
683505,0.0
683506,0.0
683507,0.45871654
683508,0.0
683509,0.0
683510,0.0
683511,0.0
683512,0.0
683513,0.0
683514,0.0
683515,0.0
683516,0.0
683517,0.0
683518,0.0
683519,0.0
683520,0.0
683521,0.0
683522,0.0
683523,0.0
683524,0.0
683525,0.0
683526,0.0
683527,0.0
683528,0.0
683529,0.0
683530,0.0
683531,0.0
683532,0.0
683533,0.0
683534,0.0
683535,0.0
683536,0.0
683537,0.0
683538,0.0
683539,0.0
683540,0.0
683541,0.0
683542,0.0
683543,0.0
683544,0.0
683545,0.0
683546,0.0
683547,0.0
683548,0.0
683549,0.0
683550,0.0
683551,0.0
683552,0.0
683553,0.0
683554,0.0
683555,0.0
683556,0.0
683557,0.0
683558,0.0
683559,0.0
683560,0.0
683561,0.0
683562,0.0013196284
683563,0.0
683564,0.0
683565,0.0
683566,0.0
683567,0.0
683568,0.0
683569,0.0
683570,0.0
683571,0.0
683572,0.0
683573,0.0
683574,0.0
683575,0.0
683576,0.0
683577,0.0
683578,0.0
683579,0.0
683580,0.0
683581,0.0
683582,0.0
683583,0.0
683584,0.0
683585,0.0
683586,0.0
683587,0.0
683588,0.0
683589,0.0
683590,0.0
683591,0.0
683592,0.0
683593,0.0
683594,0.0
683595,0.0
683596,0.0
683597,0.0
683598,0.0
683599,0.0
683600,0.0
683601,0.0
683602,0.0
683603,0.0
683604,0.0
683605,0.0
683606,0.0
683607,0.0
683608,0.0
683609,0.0
683610,0.0
683611,0.0
683612,0.0
683613,0.0
683614,0.0
683615,0.0
683616,0.0
683617,0.0
683618,0.0
683619,0.0
683620,0.0
683621,0.0
683622,0.0
683623,0.0
683624,0.0
683625,0.0
683626,0.0
683627,0.0
683628,0.0
683629,0.0
683630,0.0
683631,0.0
683632,0.0
683633,0.0
683634,0.0
683635,0.0
683636,0.0
683637,0.0
683638,0.0
683639,0.0
683640,3.2076528e-36
683641,0.0
683642,0.0
683643,0.0
683644,0.0
683645,0.0
683646,0.0
683647,0.0
683648,0.0
683649,0.0
683650,0.0
683651,0.0
683652,0.0
683653,0.0
683654,0.0
683655,0.0
683656,0.0
683657,0.0
683658,0.0
683659,0.0
683660,0.0
683661,0.0
683662,0.0
683663,0.0
683664,0.0
683665,0.0
683666,0.0
683667,0.0
683668,0.0
683669,0.0
683670,0.0
683671,0.0
683672,0.0
683673,0.0
683674,0.0
683675,0.0
683676,0.0
683677,0.0
683678,0.0
683679,0.0
683680,0.0
683681,0.0
683682,0.0
683683,0.0
683684,1.9447702e-34
683685,0.0
683686,0.0
683687,0.0
683688,0.0
683689,0.0
683690,0.0
683691,0.0
683692,0.0
683693,0.0
683694,0.0
683695,0.0
683696,0.0
683697,0.0
683698,0.0
683699,0.0
683700,1.89839e-23
683701,0.0
683702,0.0
683703,0.0
683704,0.0
683705,0.0
683706,0.0
683707,0.0
683708,0.0
683709,0.0
683710,0.0
683711,0.0
683712,0.0
683713,0.0
683714,0.0
683715,0.0
683716,0.0
683717,0.0
683718,0.0
683719,0.0
683720,0.0
683721,0.0
683722,0.0
683723,0.0
683724,0.0
683725,0.0
683726,0.0
683727,0.0
683728,0.0
683729,0.0
683730,0.0
683731,0.0
683732,0.0
683733,0.0
683734,0.0
683735,0.0
683736,0.0
683737,0.0
683738,0.0
683739,0.0
683740,0.0
683741,0.0
683742,0.0
683743,0.0
683744,0.0
683745,0.0
683746,0.0
683747,0.0
683748,0.0
683749,0.0
683750,0.0
683751,0.0
683752,0.0
683753,0.0
683754,0.0
683755,0.0
683756,0.0
683757,0.0
683758,0.0
683759,0.0
683760,0.0
683761,0.0
683762,0.0
683763,0.0
683764,0.0
683765,0.0
683766,0.0
683767,0.0
683768,0.0
683769,0.0
683770,0.0
683771,0.0
683772,0.0
683773,0.0
683774,0.0
683775,0.0
683776,0.0
683777,0.0
683778,0.0
683779,0.0
683780,0.0
683781,0.0
683782,0.0
683783,0.0
683784,0.0
683785,1.549602e-33
683786,0.0
683787,0.0
683788,0.0
683789,0.0
683790,0.0
683791,0.0
683792,0.0
683793,0.0
683794,0.0
683795,0.0
683796,0.0
683797,0.0
683798,0.0
683799,0.0
683800,0.0
683801,0.0
683802,0.0
683803,0.0
683804,0.0
683805,0.0
683806,0.0
683807,0.0
683808,0.0
683809,0.0
683810,0.0
683811,0.0
683812,0.0
683813,0.0
683814,0.0
683815,0.0
683816,0.0
683817,0.0
683818,0.0
683819,0.0
683820,0.0
683821,0.0
683822,0.0
683823,0.0
683824,0.0
683825,0.0
683826,0.0
683827,0.0
683828,0.0
683829,0.0
683830,0.0
683831,0.0
683832,0.0
683833,0.0
683834,0.0
683835,0.0
683836,0.0
683837,0.0
683838,0.0
683839,0.0
683840,0.0
683841,0.0
683842,0.0
683843,0.0
683844,0.0
683845,0.0
683846,0.0
683847,0.0
683848,0.0
683849,0.0
683850,0.0
683851,0.0
683852,0.0
683853,0.0
683854,0.0
683855,0.0
683856,0.0
683857,0.0
683858,0.0
683859,0.0
683860,0.0
683861,0.0
683862,0.0
683863,0.0
683864,0.0
683865,0.0
683866,0.0
683867,0.0
683868,0.0
683869,0.0
683870,0.0
683871,0.0
683872,0.0
683873,0.0
683874,0.0
683875,0.0
683876,0.0
683877,0.0
683878,0.0
683879,0.0
683880,0.0
683881,0.0
683882,0.0
683883,0.0
683884,0.0
683885,0.0
683886,0.0
683887,0.0
683888,0.0
683889,0.0
683890,0.0
683891,0.0
683892,0.0
683893,0.0
683894,0.0
683895,0.0
683896,0.0
683897,0.0
683898,0.0052445377
683899,0.0
683900,0.0
683901,2.894778e-22
683902,0.0
683903,0.0
683904,0.0
683905,0.0
683906,0.0
683907,0.0
683908,0.0
683909,0.0
683910,2.6534707e-37
683911,0.0
683912,0.0
683913,0.0
683914,0.0
683915,0.0
683916,0.0
683917,0.0
683918,0.0
683919,0.0
683920,0.0
683921,0.0
683922,0.0
683923,0.0
683924,0.0
683925,0.0
683926,0.0
683927,0.0
683928,0.0
683929,0.0
683930,0.0
683931,0.0
683932,0.0
683933,0.0
683934,0.0
683935,0.0
683936,0.0
683937,0.0
683938,0.0
683939,0.0
683940,0.0
683941,0.0
683942,0.0
683943,0.0
683944,0.0
683945,0.0
683946,0.0
683947,0.0
683948,1.8734986e-30
683949,0.0
683950,0.0
683951,0.0
683952,0.0
683953,0.0
683954,0.0
683955,0.0
683956,1.0724871e-08
683957,0.0
683958,0.0
683959,0.0
683960,0.0
683961,3.095575e-39
683962,0.0
683963,0.0
683964,0.0
683965,0.0
683966,0.0
683967,0.0
683968,0.0
683969,0.0
683970,0.0
683971,0.0
683972,0.0
683973,0.0
683974,0.0
683975,0.0
683976,0.0
683977,0.0
683978,0.0
683979,0.0
683980,0.0
683981,0.0
683982,0.0
683983,0.0
683984,0.0
683985,0.0
683986,0.0
683987,0.0
683988,0.0
683989,0.0
683990,0.0
683991,0.0
683992,0.0
683993,0.0
683994,0.0
683995,0.0
683996,0.0
683997,0.0
683998,0.0
683999,0.0
684000,0.0
684001,0.0
684002,0.0
684003,0.0
684004,0.0
684005,0.0
684006,0.0
684007,0.0
684008,0.0
684009,0.0
684010,0.0
684011,0.0
684012,0.0
684013,0.0
684014,2.6815515e-25
684015,0.0
684016,0.0
684017,0.0
684018,0.0
684019,0.0
684020,0.0
684021,0.0
684022,0.0
684023,0.0
684024,0.0
684025,0.0
684026,0.0
684027,0.0
684028,0.0
684029,0.0
684030,0.0
684031,0.0
684032,0.0
684033,0.0
684034,0.0
684035,0.0
684036,0.0
684037,0.0
684038,0.0
684039,0.0
684040,0.0
684041,0.0
684042,0.0
684043,0.0
684044,0.0
684045,0.0
684046,0.0
684047,0.0
684048,0.0
684049,0.0
684050,0.0
684051,0.0
684052,0.0
684053,0.0
684054,0.0
684055,0.0
684056,0.0
684057,0.0
684058,0.0
684059,0.0
684060,0.0
684061,0.0
684062,0.0
684063,0.0
684064,0.0
684065,0.0
684066,0.0
684067,0.0
684068,0.0
684069,0.0
684070,0.0
684071,0.0
684072,0.0
684073,0.0
684074,0.0
684075,0.0
684076,0.0
684077,0.0
684078,0.0
684079,0.0
684080,0.0
684081,0.0
684082,0.0
684083,0.0
684084,0.0
684085,0.0
684086,0.0
684087,0.0
684088,0.0
684089,0.0
684090,0.0
684091,0.0
684092,0.0
684093,0.0
684094,0.0
684095,0.0
684096,0.0
684097,0.0
684098,0.0
684099,0.0
684100,0.0
684101,0.0
684102,0.0
684103,0.0
684104,0.0
684105,0.0
684106,0.0
684107,0.0
684108,0.0
684109,0.0
684110,0.0
684111,0.0
684112,0.0
684113,0.0
684114,0.0
684115,0.0
684116,0.0
684117,0.0
684118,0.0
684119,0.0
684120,0.0
684121,0.0
684122,0.0
684123,0.0
684124,0.0
684125,0.0
684126,0.0
684127,0.0
684128,0.0
684129,0.0
684130,0.0
684131,0.0
684132,0.0
684133,0.0
684134,0.0
684135,0.0
684136,0.0
684137,0.0
684138,0.0
684139,0.0
684140,0.0
684141,0.0
684142,0.0
684143,0.0
684144,0.0
684145,0.0
684146,0.0
684147,0.0
684148,0.0
684149,0.0
684150,0.0
684151,0.0
684152,0.0
684153,0.0
684154,0.0
684155,0.0
684156,0.0
684157,0.0
684158,0.0
684159,0.0
684160,0.0
684161,0.0
684162,0.0
684163,0.0
684164,0.0
684165,4.269974e-28
684166,0.0
684167,0.0
684168,0.0
684169,0.0
684170,0.0
684171,0.0
684172,0.0
684173,0.0
684174,0.0
684175,0.0
684176,0.0
684177,0.0
684178,0.0
684179,0.0
684180,0.0
684181,0.0
684182,0.0
684183,0.0
684184,0.0
684185,0.0
684186,0.0
684187,0.0
684188,0.0
684189,0.0
684190,0.0
684191,0.0
684192,0.0
684193,0.0
684194,0.0
684195,0.0
684196,0.0
684197,0.0
684198,0.0
684199,0.0
684200,0.0
684201,0.0
684202,0.0
684203,0.0
684204,0.0
684205,0.0
684206,0.0
684207,0.0
684208,0.0
684209,0.0
684210,0.0
684211,0.0
684212,0.0
684213,0.0
684214,0.0
684215,0.0
684216,0.0
684217,0.0
684218,0.0
684219,0.0
684220,0.0
684221,0.0
684222,0.0
684223,0.0
684224,0.0
684225,0.0
684226,0.0
684227,0.0
684228,0.0
684229,0.0
684230,0.0
684231,0.0
684232,0.0
684233,0.0
684234,0.0
684235,0.0
684236,0.0
684237,0.0
684238,0.0
684239,0.0
684240,0.0
684241,0.0
684242,0.0
684243,0.0
684244,0.0
684245,0.0
684246,0.0
684247,0.0
684248,0.022306137
684249,0.0
684250,0.0
684251,0.0
684252,0.0
684253,0.0
684254,0.0
684255,0.0
684256,0.0
684257,0.0
684258,0.0
684259,0.0
684260,0.0
684261,0.0
684262,0.0
684263,0.0
684264,0.0
684265,0.0
684266,0.0
684267,0.0
684268,0.0
684269,0.0
684270,0.0
684271,0.0
684272,0.0
684273,0.0
684274,0.0
684275,0.0
684276,0.0
684277,0.0
684278,0.0
684279,0.0
684280,0.0
684281,0.0
684282,0.0
684283,0.0
684284,0.0
684285,0.0
684286,0.0
684287,0.0
684288,0.0
684289,0.0
684290,0.0
684291,0.0
684292,0.0
684293,0.0
684294,0.0
684295,0.0
684296,0.0
684297,0.0
684298,0.0
684299,0.0
684300,0.0
684301,0.0
684302,0.0
684303,0.0
684304,0.0
684305,0.0
684306,0.0
684307,0.0
684308,0.0
684309,0.0
684310,0.0
684311,0.0
684312,0.0
684313,0.0
684314,0.0
684315,0.0
684316,0.0
684317,0.0
684318,0.0
684319,0.0
684320,0.0
684321,0.0
684322,0.0
684323,0.0
684324,0.0
684325,0.0
684326,0.0
684327,0.0
684328,0.0
684329,0.0
684330,4.0391262e-07
684331,0.0
684332,0.0
684333,0.0
684334,0.0
684335,0.0
684336,0.0
684337,0.0
684338,0.0
684339,0.0
684340,0.0
684341,0.0
684342,0.0
684343,0.0
684344,0.0
684345,0.0
684346,0.0
684347,0.0
684348,0.0
684349,0.0
684350,0.0
684351,0.0
684352,0.0
684353,0.0
684354,0.0
684355,0.0
684356,0.0
684357,0.0
684358,0.0
684359,0.0
684360,0.0
684361,0.0
684362,0.0
684363,0.0
684364,0.0
684365,0.0
684366,0.0
684367,0.0
684368,0.0
684369,0.0
684370,0.0
684371,0.0
684372,0.0
684373,0.0
684374,0.0
684375,0.0
684376,0.0
684377,0.0
684378,0.0
684379,0.0
684380,0.0
684381,0.0
684382,0.0
684383,0.0
684384,0.0
684385,0.0
684386,0.0
684387,0.0
684388,0.0
684389,0.0
684390,0.0
684391,0.0
684392,0.0
684393,0.0
684394,0.0
684395,0.0
684396,0.0
684397,0.0
684398,0.0
684399,0.0
684400,0.0
684401,0.0
684402,0.0
684403,0.0
684404,0.0
684405,0.0
684406,0.0
684407,0.0
684408,0.0
684409,0.0
684410,0.0
684411,0.0
684412,0.0
684413,0.0
684414,0.0
684415,0.0
684416,0.0
684417,0.0
684418,0.0
684419,0.0
684420,0.0
684421,0.0
684422,0.0
684423,0.0
684424,0.0
684425,0.0
684426,0.0
684427,0.0
684428,0.0
684429,0.0
684430,0.0
684431,0.0
684432,0.0
684433,0.0
684434,0.0
684435,0.0
684436,0.0
684437,0.0
684438,0.0
684439,0.0
684440,0.0
684441,0.0
684442,0.0
684443,0.0
684444,0.0
684445,0.0
684446,0.0
684447,0.0
684448,0.0
684449,0.0
684450,0.0
684451,0.0
684452,0.0
684453,0.0
684454,0.0
684455,0.0
684456,0.0
684457,0.0
684458,0.0
684459,0.0
684460,0.0
684461,0.0
684462,0.0
684463,0.0
684464,0.0
684465,0.0
684466,0.0
684467,0.0
684468,0.0
684469,0.0
684470,0.0
684471,0.0
684472,0.0
684473,0.0
684474,0.0
684475,0.0
684476,0.0
684477,0.0
684478,0.0
684479,0.0
684480,0.0
684481,0.0
684482,0.0
684483,0.0
684484,0.0
684485,0.0
684486,0.0
684487,0.0
684488,0.0
684489,0.0
684490,0.0
684491,0.0
684492,0.0
684493,0.0
684494,0.0
684495,0.0
684496,0.0
684497,0.0
684498,0.0
684499,0.0
684500,0.0
684501,0.0
684502,0.0
684503,0.0
684504,0.0
684505,0.0
684506,0.0
684507,0.0
684508,0.0
684509,0.0
684510,0.0
684511,0.0
684512,0.0
684513,0.0
684514,0.0
684515,0.0
684516,0.0
684517,0.0
684518,0.0
684519,0.0
684520,0.0
684521,0.0
684522,0.0
684523,0.0
684524,0.0
684525,0.0
684526,0.0
684527,0.0
684528,0.0
684529,0.0
684530,0.0
684531,0.0
684532,0.0
684533,0.0
684534,0.0
684535,0.0
684536,0.0
684537,0.0
684538,0.0
684539,0.0
684540,0.0
684541,0.0
684542,0.0
684543,0.0
684544,0.0
684545,0.0
684546,0.0
684547,0.0
684548,0.0
684549,0.0
684550,0.0
684551,0.0
684552,0.0
684553,0.0
684554,0.0
684555,0.0
684556,0.0
684557,0.0
684558,0.0
684559,0.0
684560,0.0
684561,0.0
684562,0.0
684563,0.0
684564,0.0
684565,0.0
684566,0.0
684567,0.0
684568,0.0
684569,0.0
684570,0.0
684571,0.0
684572,0.0
684573,0.0
684574,0.0
684575,0.0
684576,0.0
684577,0.0
684578,0.0
684579,0.0
684580,0.0
684581,0.0
684582,0.0
684583,0.0
684584,0.0
684585,0.0
684586,0.0
684587,0.0
684588,0.0
684589,0.0
684590,0.0
684591,0.0
684592,0.0
684593,0.0
684594,0.0
684595,0.0
684596,0.0
684597,0.0
684598,0.0
684599,0.0
684600,0.0
684601,0.0
684602,0.0
684603,0.0
684604,0.0
684605,0.0
684606,0.0
684607,0.0
684608,0.0
684609,0.0
684610,0.0
684611,0.0
684612,0.0
684613,0.0
684614,0.0
684615,0.0
684616,0.0
684617,0.0
684618,0.0
684619,0.0
684620,0.0
684621,0.0
684622,0.0
684623,0.0
684624,0.0
684625,0.0
684626,0.0
684627,0.0
684628,0.0
684629,0.0
684630,0.0
684631,0.0
684632,0.0
684633,0.0
684634,0.0
684635,0.0
684636,0.0
684637,0.0
684638,0.0
684639,0.0
684640,0.0
684641,0.0
684642,0.0
684643,0.0
684644,0.0
684645,0.0
684646,0.0
684647,0.0
684648,0.0
684649,0.0
684650,0.0
684651,0.0
684652,0.0
684653,1.9305566e-26
684654,0.0
684655,0.0
684656,0.0
684657,0.0
684658,0.0
684659,0.0
684660,0.0
684661,0.0
684662,0.0
684663,0.0
684664,0.0
684665,0.0
684666,0.0
684667,0.0
684668,0.0
684669,0.0
684670,0.0
684671,0.0
684672,0.0
684673,0.0
684674,0.0
684675,0.0
684676,0.0
684677,0.0
684678,0.0
684679,0.0
684680,0.0
684681,0.0
684682,0.0
684683,0.0
684684,0.0
684685,0.0
684686,0.0
684687,0.0
684688,0.0
684689,0.0
684690,0.0
684691,0.0
684692,0.0
684693,0.0
684694,0.0
684695,0.0
684696,9.511588e-06
684697,0.0
684698,0.0
684699,0.0
684700,0.0
684701,0.0
684702,0.0
684703,0.0
684704,0.0
684705,0.0
684706,0.0
684707,0.0
684708,3.4007973e-31
684709,0.0
684710,0.0
684711,0.0
684712,0.0
684713,0.0
684714,0.0
684715,0.0
684716,0.0
684717,0.0
684718,0.0
684719,0.0
684720,0.0
684721,0.0
684722,0.0
684723,0.0
684724,0.0
684725,0.0
684726,0.0
684727,0.0
684728,0.0
684729,1.9116608e-37
684730,0.0
684731,0.0
684732,0.0
684733,0.0
684734,0.0
684735,0.0
684736,0.0
684737,0.0
684738,0.0
684739,0.0
684740,0.0
684741,6.85305e-23
684742,0.0
684743,0.0
684744,0.0
684745,0.0
684746,0.0
684747,0.0
684748,0.0
684749,0.0
684750,0.0
684751,0.0
684752,0.0
684753,0.0
684754,0.0
684755,0.0
684756,0.0
684757,0.0
684758,0.0
684759,0.0
684760,0.0
684761,0.0
684762,0.0
684763,0.0
684764,0.0
684765,0.0
684766,0.0
684767,0.0
684768,6.7082086e-22
684769,0.0
684770,0.0
684771,0.0
684772,0.0
684773,0.0
684774,0.0
684775,0.0
684776,0.0
684777,0.0
684778,0.0
684779,0.0
684780,0.0
684781,0.0
684782,0.0
684783,0.0
684784,0.0
684785,0.0
684786,0.0
684787,0.0
684788,0.0
684789,0.0
684790,0.0
684791,0.0
684792,0.0
684793,0.0
684794,0.0
684795,0.0
684796,0.0
684797,0.0
684798,0.0
684799,0.0
684800,0.0
684801,0.0
684802,0.0
684803,0.0
684804,0.0
684805,0.0
684806,0.0
684807,0.0
684808,0.0
684809,0.0
684810,0.0
684811,0.0
684812,0.0
684813,0.0
684814,0.0
684815,0.0
684816,0.0
684817,0.0
684818,0.0
684819,0.0
684820,0.0
684821,0.0
684822,0.0
684823,0.0
684824,0.0
684825,0.0
684826,0.0
684827,0.0
684828,0.0
684829,0.0
684830,0.0
684831,0.0
684832,0.0
684833,0.0
684834,0.0
684835,0.0
684836,0.0
684837,0.0
684838,0.0
684839,0.0
684840,0.0
684841,0.0
684842,0.0
684843,0.0
684844,0.0
684845,0.0
684846,0.0
684847,0.0
684848,0.0
684849,0.0
684850,0.0
684851,0.0
684852,0.0
684853,0.0
684854,0.0
684855,0.0
684856,0.0
684857,0.0
684858,0.0
684859,0.0
684860,0.0
684861,0.0
684862,0.0
684863,0.0
684864,0.0
684865,0.0
684866,0.0
684867,0.0
684868,0.0
684869,0.0
684870,0.0
684871,0.0
684872,0.0
684873,0.0
684874,0.0
684875,0.0
684876,0.0
684877,0.0
684878,0.0
684879,0.0
684880,0.0
684881,0.0
684882,0.0
684883,0.0
684884,0.0
684885,0.0
684886,0.0
684887,0.0
684888,0.0
684889,0.0
684890,0.0
684891,0.0
684892,0.0
684893,0.0
684894,0.0
684895,0.0
684896,0.0
684897,0.0
684898,0.0
684899,0.0
684900,0.0
684901,0.0
684902,0.0
684903,0.0
684904,0.0
684905,0.0
684906,0.0
684907,0.0
684908,2.6096859e-35
684909,0.0
684910,0.0
684911,0.0
684912,0.0
684913,0.0
684914,0.0
684915,0.0
684916,0.0
684917,0.0
684918,0.0
684919,0.0
684920,0.0
684921,0.0
684922,0.0
684923,0.0
684924,0.0
684925,0.0
684926,0.0
684927,0.0
684928,0.0
684929,0.0
684930,0.0
684931,0.0
684932,0.0
684933,0.0
684934,0.0
684935,0.0
684936,0.0
684937,0.0
684938,0.0
684939,0.0
684940,0.0
684941,0.0
684942,0.0
684943,0.0
684944,0.0
684945,0.0
684946,0.0
684947,0.0
684948,0.0
684949,0.0
684950,0.0
684951,0.0
684952,4.1340366e-15
684953,0.0
684954,0.0
684955,0.0
684956,0.0
684957,0.0
684958,0.0
684959,0.0
684960,0.0
684961,0.0
684962,0.0
684963,0.0
684964,0.0
684965,0.0
684966,0.0
684967,0.0
684968,0.0
684969,0.0
684970,0.0
684971,0.0
684972,2.4222755e-17
684973,0.0
684974,0.0
684975,0.0
684976,0.0
684977,0.0
684978,0.0
684979,0.0
684980,0.0
684981,0.0
684982,0.0
684983,0.0
684984,0.0
684985,0.0
684986,0.0
684987,0.0
684988,0.0
684989,0.0
684990,0.0
684991,0.0
684992,0.0
684993,0.0
684994,0.0
684995,0.0
684996,0.0
684997,0.0
684998,0.0
684999,0.0
685000,0.0
685001,0.0
685002,0.0
685003,0.0
685004,0.0
685005,0.0
685006,0.0
685007,0.0
685008,0.0
685009,0.0
685010,0.0
685011,0.0
685012,0.0
685013,0.0
685014,0.0
685015,0.0
685016,0.0
685017,0.0
685018,0.0
685019,0.0
685020,0.0
685021,0.0
685022,0.0
685023,0.0
685024,0.0
685025,0.0
685026,0.0
685027,0.0
685028,0.0
685029,0.0
685030,0.0
685031,0.0
685032,0.0
685033,0.0
685034,0.0
685035,0.0
685036,0.0
685037,0.0
685038,0.0
685039,0.0
685040,0.0
685041,0.0
685042,3.1726003e-13
685043,0.0
685044,0.0
685045,0.0
685046,0.0
685047,0.0
685048,0.0
685049,0.0
685050,0.0
685051,0.0
685052,0.0
685053,0.0
685054,0.0
685055,0.0
685056,0.0
685057,0.0
685058,0.0
685059,0.0
685060,0.0
685061,0.0
685062,0.0
685063,0.0
685064,0.0
685065,0.0
685066,0.0
685067,0.0
685068,0.0
685069,0.0
685070,0.0
685071,0.0
685072,0.0
685073,0.0
685074,0.0
685075,0.0
685076,0.0
685077,0.0
685078,0.0
685079,0.0
685080,0.0
685081,0.0
685082,1.504175e-16
685083,0.0
685084,0.0
685085,0.0
685086,0.0
685087,0.0
685088,0.0
685089,0.0
685090,0.0
685091,0.0
685092,0.0
685093,0.0
685094,0.0
685095,0.0
685096,0.0
685097,0.0
685098,0.0
685099,0.0
685100,0.0
685101,0.0
685102,0.0
685103,0.0
685104,0.0
685105,0.0
685106,0.0
685107,0.0
685108,0.0
685109,0.0
685110,0.0
685111,0.0
685112,0.0
685113,0.0
685114,0.0
685115,0.0
685116,0.0
685117,0.0
685118,0.0
685119,0.0
685120,0.0
685121,0.0
685122,0.0
685123,0.0
685124,0.0
685125,0.0
685126,0.0
685127,0.0
685128,0.0
685129,0.0
685130,0.0
685131,0.0
685132,0.0
685133,0.0
685134,0.0
685135,0.0
685136,0.0
685137,0.0
685138,0.0
685139,0.0
685140,0.0
685141,0.0
685142,0.0
685143,0.0
685144,0.0
685145,0.0
685146,0.0
685147,0.0
685148,0.0
685149,0.0
685150,0.0
685151,0.0
685152,0.0
685153,0.0
685154,0.0
685155,0.0
685156,0.0
685157,0.0
685158,0.0
685159,0.0
685160,0.0
685161,0.0
685162,0.0
685163,0.0
685164,0.0
685165,0.0
685166,0.0
685167,0.0
685168,0.0
685169,0.0
685170,0.0
685171,0.0
685172,0.0
685173,0.0
685174,0.0
685175,0.0
685176,0.0
685177,0.0
685178,0.0
685179,0.0
685180,0.0
685181,0.0
685182,0.0
685183,0.0
685184,0.0
685185,0.0
685186,0.0
685187,0.0
685188,0.0
685189,0.0
685190,0.0
685191,0.0
685192,0.0
685193,0.0
685194,0.0
685195,0.0
685196,0.0
685197,0.0
685198,0.0
685199,0.0
685200,0.0
685201,0.0
685202,0.0
685203,0.0
685204,0.0
685205,0.0
685206,0.0
685207,0.0
685208,0.0
685209,0.0
685210,0.0
685211,0.0
685212,0.0
685213,0.0
685214,0.0
685215,0.0
685216,0.0
685217,0.0
685218,0.0
685219,0.0
685220,0.0
685221,0.0
685222,0.0
685223,0.0
685224,0.0
685225,0.0
685226,0.0
685227,0.0
685228,0.0
685229,0.0
685230,0.0
685231,0.0
685232,0.0
685233,0.0
685234,0.0
685235,0.0
685236,0.0
685237,0.0
685238,0.0
685239,0.0
685240,0.0
685241,0.0
685242,0.0
685243,0.0
685244,0.0
685245,0.0
685246,0.0
685247,0.0
685248,0.0
685249,0.0
685250,0.0
685251,0.0
685252,0.0
685253,0.0
685254,0.0
685255,0.0
685256,0.0
685257,0.0
685258,0.0
685259,0.0
685260,0.0
685261,0.0
685262,0.0
685263,0.0
685264,0.0
685265,0.0
685266,0.0
685267,0.0
685268,0.0
685269,0.0
685270,0.0
685271,0.0
685272,0.0
685273,0.0
685274,0.0
685275,0.0
685276,0.0
685277,0.0
685278,0.0
685279,0.0
685280,0.0
685281,0.54643863
685282,0.0
685283,0.0
685284,0.0
685285,0.0
685286,0.0
685287,0.21314466
685288,0.0
685289,0.0
685290,0.0
685291,0.0
685292,0.04381079
685293,0.0
685294,0.0
685295,0.0
685296,0.0
685297,0.0
685298,0.0
685299,0.0
685300,0.0
685301,0.0
685302,0.0
685303,0.0
685304,0.0
685305,0.0
685306,0.0
685307,0.0
685308,0.0
685309,0.0
685310,0.0
685311,0.0
685312,0.0
685313,0.0
685314,0.0
685315,0.0
685316,0.0
685317,0.0
685318,0.0
685319,0.0
685320,0.0
685321,0.0
685322,0.0
685323,0.0
685324,0.0
685325,0.0
685326,6.5304294e-22
685327,0.0
685328,0.0
685329,0.0
685330,0.0
685331,0.0
685332,0.0
685333,0.0
685334,0.0
685335,0.0
685336,0.0
685337,0.0
685338,0.0
685339,0.0
685340,0.0
685341,0.0
685342,0.0
685343,0.0
685344,0.0
685345,0.0
685346,0.0
685347,0.0
685348,0.0
685349,0.0
685350,0.0
685351,0.0
685352,0.0
685353,0.0
685354,0.0
685355,0.0
685356,0.0
685357,0.0
685358,0.0
685359,0.0
685360,0.0
685361,0.0
685362,0.0
685363,0.0
685364,0.0
685365,0.0
685366,0.0
685367,0.0
685368,0.0
685369,0.0
685370,0.0
685371,0.0
685372,0.0
685373,0.0
685374,0.0
685375,0.0
685376,0.0
685377,0.0
685378,0.0
685379,0.0
685380,0.0
685381,0.0
685382,0.0
685383,0.0
685384,0.0
685385,0.0
685386,0.0
685387,0.0
685388,0.0
685389,0.0
685390,0.0
685391,0.0
685392,0.0
685393,0.0
685394,0.0
685395,0.0
685396,0.0
685397,0.0
685398,0.0
685399,0.0
685400,0.0
685401,0.0
685402,0.0
685403,0.0
685404,0.0
685405,0.0
685406,0.0
685407,0.0
685408,0.0
685409,0.0
685410,0.0
685411,0.0
685412,0.0
685413,0.0
685414,0.0
685415,0.0
685416,0.0
685417,0.0
685418,0.0
685419,0.0
685420,0.0
685421,0.0
685422,0.0
685423,0.0
685424,0.0
685425,0.0
685426,0.0
685427,0.0
685428,0.0
685429,0.0
685430,0.0
685431,0.0
685432,0.0
685433,0.0
685434,0.0
685435,0.0
685436,0.0
685437,0.0
685438,0.0
685439,0.0
685440,0.0
685441,0.0
685442,0.0
685443,0.0
685444,0.0
685445,0.0
685446,0.0
685447,0.0
685448,0.0
685449,0.0
685450,0.0
685451,0.0
685452,0.0
685453,0.0
685454,0.0
685455,0.0
685456,0.0
685457,0.0
685458,0.0
685459,0.0
685460,0.0
685461,0.0
685462,0.0
685463,0.0
685464,0.0
685465,0.0
685466,0.0
685467,0.0
685468,0.0
685469,0.0
685470,0.0
685471,0.0
685472,0.0
685473,0.0
685474,0.0
685475,3.4611435e-32
685476,0.0
685477,0.0
685478,0.0
685479,0.0
685480,0.0
685481,0.0
685482,0.0
685483,0.0
685484,0.0
685485,0.0
685486,0.0
685487,0.0
685488,0.0
685489,0.0
685490,0.0
685491,0.0
685492,0.0
685493,0.0
685494,0.0
685495,0.0
685496,0.0
685497,0.0
685498,0.0
685499,0.0
685500,0.0
685501,0.0
685502,0.0
685503,0.0
685504,0.0
685505,0.0
685506,0.0
685507,0.0
685508,0.0
685509,0.0
685510,0.0
685511,0.0
685512,0.0
685513,0.0
685514,0.0
685515,0.0
685516,0.0
685517,0.0
685518,0.0
685519,0.0
685520,0.0
685521,0.0
685522,0.0
685523,0.0
685524,0.0
685525,0.0
685526,0.0
685527,0.0
685528,0.0
685529,0.0
685530,0.0
685531,0.0
685532,0.0
685533,0.0
685534,0.0
685535,0.0
685536,0.0
685537,0.0
685538,0.0
685539,0.0
685540,0.0
685541,0.0
685542,0.0
685543,0.0
685544,0.0
685545,0.0
685546,0.0
685547,0.0
685548,0.0
685549,0.0
685550,0.0
685551,0.0
685552,0.0
685553,0.0
685554,0.0
685555,0.0
685556,0.0
685557,0.0
685558,0.0
685559,0.0
685560,0.0
685561,0.0
685562,0.0
685563,0.0
685564,0.0
685565,0.0
685566,0.0
685567,0.0
685568,0.0
685569,0.0
685570,0.0
685571,0.0
685572,0.0
685573,0.0
685574,0.0
685575,0.0
685576,0.0
685577,0.0
685578,0.0
685579,0.0
685580,0.0
685581,0.0
685582,0.0
685583,0.0
685584,0.0
685585,0.0
685586,0.0
685587,0.0
685588,0.0
685589,0.0
685590,0.0
685591,0.0
685592,0.0
685593,0.0
685594,0.0
685595,0.0
685596,0.0
685597,0.0
685598,0.0
685599,0.0
685600,0.0
685601,0.0
685602,0.0
685603,0.0
685604,0.0
685605,0.0
685606,0.0
685607,0.0
685608,0.0
685609,0.0
685610,0.0
685611,0.0
685612,0.0
685613,0.0
685614,0.0
685615,0.0
685616,0.0
685617,0.0
685618,0.0
685619,0.0
685620,0.0
685621,0.0
685622,0.0
685623,0.0
685624,0.0
685625,0.0
685626,2.3370732e-16
685627,0.0
685628,0.0
685629,0.0
685630,0.0
685631,0.0
685632,0.0
685633,0.0
685634,0.0
685635,0.0
685636,0.0
685637,0.0
685638,0.0
685639,0.0
685640,0.0
685641,0.0
685642,0.0
685643,0.0
685644,0.0
685645,0.0
685646,0.0
685647,0.0
685648,0.0
685649,0.0
685650,0.0
685651,0.0
685652,0.0
685653,0.0
685654,0.0
685655,0.0
685656,0.0
685657,0.0
685658,0.0
685659,0.0
685660,0.0
685661,0.0
685662,0.0
685663,0.0
685664,0.0
685665,0.0
685666,0.0
685667,0.0
685668,0.0
685669,0.0
685670,0.0
685671,0.0
685672,0.0
685673,0.0
685674,0.0
685675,0.0
685676,0.0
685677,0.0
685678,0.0
685679,0.0
685680,0.0
685681,0.0
685682,0.0
685683,0.0
685684,0.0
685685,0.0
685686,0.0
685687,0.0
685688,0.0
685689,0.0
685690,0.0
685691,0.0
685692,0.0
685693,0.0
685694,0.0
685695,0.0
685696,0.0
685697,0.0
685698,0.0
685699,0.0
685700,0.0
685701,0.0
685702,0.0
685703,0.0
685704,0.0
685705,0.0
685706,0.0
685707,0.0
685708,0.0
685709,0.0
685710,0.0
685711,0.0
685712,0.0
685713,0.0
685714,0.0
685715,0.0
685716,0.0
685717,0.0
685718,0.0
685719,0.0
685720,0.0
685721,0.0
685722,0.0
685723,0.0
685724,0.0
685725,0.0
685726,0.0
685727,0.0
685728,0.0
685729,0.0
685730,0.0
685731,0.0
685732,0.0
685733,0.0
685734,0.0
685735,0.0
685736,0.0
685737,0.0
685738,0.0
685739,0.0
685740,0.0
685741,0.0
685742,0.0
685743,0.0
685744,0.0
685745,0.0
685746,0.0
685747,0.0
685748,0.0
685749,0.0
685750,0.0
685751,0.0
685752,0.0
685753,0.0
685754,0.0
685755,0.0
685756,0.0
685757,0.0
685758,0.0
685759,0.0
685760,0.0
685761,0.0
685762,0.0
685763,0.0
685764,0.0
685765,0.0
685766,0.0
685767,0.0
685768,0.0
685769,0.0
685770,0.0
685771,0.0
685772,0.0
685773,0.0
685774,0.0
685775,0.0
685776,0.0
685777,0.0
685778,0.0
685779,0.0
685780,0.0
685781,0.0
685782,0.0
685783,0.0
685784,0.0
685785,0.0
685786,0.0
685787,0.0
685788,0.36242384
685789,0.0
685790,0.0
685791,0.0
685792,0.0
685793,0.0
685794,0.0
685795,0.0
685796,0.0
685797,0.0
685798,0.0
685799,0.0
685800,0.0
685801,0.0
685802,0.0
685803,0.0
685804,0.0
685805,0.0
685806,0.0
685807,0.0
685808,0.0
685809,0.0
685810,0.0
685811,0.0
685812,0.0
685813,0.0
685814,0.0
685815,0.0
685816,0.0
685817,0.0
685818,0.0
685819,0.0
685820,0.0
685821,0.0
685822,0.0
685823,0.0
685824,0.0
685825,0.0
685826,0.0
685827,0.0
685828,0.0
685829,0.0
685830,0.0
685831,1.0672775e-19
685832,0.0
685833,0.0
685834,0.0
685835,0.0
685836,0.0
685837,0.0
685838,0.0
685839,0.0
685840,0.0
685841,0.0
685842,0.0
685843,0.0
685844,0.0
685845,0.0
685846,0.0
685847,0.0
685848,0.0
685849,0.0
685850,0.0
685851,0.0
685852,0.0
685853,0.0
685854,0.0
685855,0.0
685856,0.0
685857,0.0
685858,0.0
685859,0.0
685860,0.0
685861,0.0
685862,0.0
685863,0.0
685864,0.0
685865,0.0
685866,0.0
685867,0.0
685868,0.0
685869,0.0
685870,0.0
685871,0.0
685872,0.0
685873,0.0
685874,0.0
685875,0.0
685876,0.0
685877,0.0
685878,0.0
685879,0.0
685880,0.0
685881,0.0
685882,0.0
685883,0.0
685884,0.0
685885,0.0
685886,0.0
685887,0.0
685888,0.0
685889,0.0
685890,0.0
685891,0.0
685892,0.0
685893,0.0
685894,0.0
685895,0.0
685896,0.0
685897,0.0
685898,0.0
685899,0.0
685900,0.0
685901,0.0
685902,0.0
685903,0.0
685904,0.0
685905,0.0
685906,0.0
685907,0.0
685908,0.0
685909,0.0
685910,0.0
685911,0.0
685912,0.0
685913,0.0
685914,0.0
685915,0.0
685916,0.0
685917,0.0
685918,0.0
685919,0.0
685920,0.0
685921,0.0
685922,0.0
685923,0.0
685924,0.0
685925,0.0
685926,0.0
685927,0.0
685928,0.0
685929,0.0
685930,0.0
685931,0.0
685932,0.0
685933,0.012565647
685934,0.0
685935,0.0
685936,0.0
685937,0.0
685938,0.0
685939,0.0
685940,0.0
685941,0.0
685942,0.0
685943,0.0
685944,0.0
685945,0.0
685946,0.0
685947,0.0
685948,0.0
685949,0.0
685950,0.0
685951,0.0
685952,0.0
685953,0.0
685954,0.0
685955,0.0
685956,0.0
685957,0.0
685958,0.0
685959,0.0
685960,0.0
685961,0.0
685962,0.0
685963,0.0
685964,0.0
685965,0.0
685966,0.0
685967,0.0
685968,0.0
685969,0.0
685970,0.0
685971,0.0
685972,0.0
685973,0.0
685974,0.0
685975,0.0
685976,0.0
685977,0.0
685978,0.0
685979,0.0
685980,0.0
685981,0.0
685982,0.0
685983,0.0
685984,0.0
685985,0.0
685986,0.0
685987,0.0
685988,0.0
685989,0.0
685990,0.0
685991,0.0
685992,0.0
685993,0.0
685994,0.0
685995,0.0
685996,0.0
685997,0.0
685998,0.0
685999,0.0
686000,0.0
686001,0.0
686002,0.0
686003,0.0
686004,0.0
686005,0.0
686006,0.0
686007,0.0
686008,0.0
686009,0.0
686010,0.0
686011,0.0
686012,0.0
686013,0.0
686014,0.0
686015,0.0
686016,0.0
686017,0.0
686018,0.0
686019,0.0
686020,0.0
686021,0.0
686022,0.0
686023,0.0
686024,9.663811e-35
686025,0.0
686026,0.0
686027,0.0
686028,0.0
686029,0.0
686030,0.0
686031,0.0
686032,0.0
686033,0.0
686034,0.0
686035,0.0
686036,0.0
686037,0.0
686038,0.0
686039,0.0
686040,0.0
686041,0.0
686042,0.0
686043,0.0
686044,0.0
686045,0.0
686046,0.0
686047,0.0
686048,0.0
686049,0.0
686050,0.0
686051,3.682373e-17
686052,0.0
686053,0.0
686054,0.0
686055,0.0
686056,0.0
686057,0.0
686058,0.0
686059,0.0
686060,0.0
686061,0.0
686062,0.0
686063,0.0
686064,0.0
686065,0.0
686066,0.0
686067,0.0
686068,0.0
686069,0.0
686070,0.0
686071,0.0
686072,0.0
686073,0.0
686074,0.0
686075,0.0
686076,0.0
686077,0.0
686078,0.0
686079,0.0
686080,0.0
686081,0.0
686082,0.0
686083,0.0
686084,2.1998534e-12
686085,0.0
686086,0.0
686087,0.0
686088,0.0
686089,0.0
686090,0.0
686091,0.0
686092,0.0
686093,0.0
686094,0.0
686095,0.0
686096,0.0
686097,0.0
686098,0.0
686099,0.0
686100,0.0
686101,0.0
686102,0.0
686103,0.0
686104,0.0
686105,0.0
686106,0.0
686107,0.0
686108,0.0
686109,0.0
686110,0.0
686111,0.0
686112,0.0
686113,0.0
686114,0.0
686115,0.0
686116,0.0
686117,0.0
686118,0.0
686119,0.0
686120,0.0
686121,0.0
686122,0.0
686123,0.0
686124,0.0
686125,0.0
686126,0.0
686127,0.0
686128,0.0
686129,0.0
686130,0.0
686131,0.0
686132,0.0
686133,0.0
686134,0.0
686135,0.0
686136,0.0
686137,0.0
686138,0.0
686139,0.0
686140,0.0
686141,0.0
686142,0.0
686143,0.0
686144,0.0
686145,0.0
686146,0.0
686147,0.0
686148,0.0
686149,0.0
686150,0.0
686151,0.0
686152,0.0
686153,0.0
686154,0.0
686155,0.0
686156,0.0
686157,0.0
686158,0.0
686159,0.0
686160,0.0
686161,0.0
686162,0.0
686163,6.278762e-39
686164,0.0
686165,0.0
686166,0.0
686167,0.0
686168,0.0
686169,0.0
686170,0.0
686171,0.0
686172,0.0
686173,0.0
686174,0.0
686175,0.0
686176,0.0
686177,0.0
686178,0.0
686179,0.0
686180,0.0
686181,0.0
686182,0.0
686183,0.0
686184,0.0
686185,0.0
686186,0.0
686187,0.0
686188,0.0
686189,0.0
686190,0.0
686191,0.0
686192,0.0
686193,0.0
686194,0.0
686195,0.0
686196,0.0
686197,0.0
686198,0.0
686199,0.0
686200,0.0
686201,0.0
686202,0.0
686203,0.0
686204,0.0
686205,0.0
686206,0.0
686207,0.0
686208,0.0
686209,0.0
686210,0.0
686211,0.0
686212,0.0
686213,0.0
686214,0.0
686215,0.0
686216,0.0
686217,0.0
686218,0.0
686219,0.0
686220,0.0
686221,0.0
686222,0.0
686223,0.0
686224,0.0
686225,0.0
686226,0.0
686227,0.0
686228,0.0
686229,0.0
686230,0.0
686231,0.0
686232,0.0
686233,0.0
686234,0.0
686235,0.0
686236,0.0
686237,0.0
686238,0.0
686239,0.0
686240,0.0
686241,0.0
686242,0.0
686243,0.0
686244,0.0
686245,0.0
686246,0.0
686247,0.0
686248,0.0
686249,0.0
686250,0.0
686251,0.0
686252,0.0
686253,0.0
686254,0.0
686255,0.0
686256,0.0
686257,0.0
686258,0.0
686259,4.746118e-23
686260,0.0
686261,0.0
686262,0.0
686263,0.0
686264,0.0
686265,0.0
686266,0.0
686267,0.0
686268,0.0
686269,0.0
686270,0.0
686271,0.0
686272,0.0
686273,0.0
686274,0.0
686275,0.0
686276,0.0
686277,0.0
686278,0.0
686279,0.0
686280,0.0
686281,0.0
686282,3.0158376e-12
686283,0.0
686284,0.0
686285,0.0
686286,0.0
686287,0.0
686288,0.0
686289,0.0
686290,0.0
686291,0.0
686292,0.0
686293,0.0
686294,0.0
686295,0.0
686296,0.0
686297,0.0
686298,0.0
686299,0.0
686300,0.0
686301,0.0
686302,0.0
686303,0.0
686304,0.0
686305,0.0
686306,0.0
686307,0.0
686308,0.0
686309,0.0
686310,0.0
686311,0.0
686312,0.0
686313,0.0
686314,0.0
686315,0.0
686316,0.0
686317,0.0
686318,2.9224862e-35
686319,0.0
686320,0.0
686321,0.0
686322,0.0
686323,0.0
686324,0.0
686325,0.0
686326,0.0
686327,0.0
686328,0.0
686329,0.0
686330,0.0
686331,0.0
686332,0.0
686333,0.0
686334,0.0
686335,0.0
686336,0.0
686337,0.0
686338,0.0
686339,0.0
686340,0.0
686341,0.0
686342,0.0
686343,0.0
686344,0.0
686345,0.0
686346,0.0
686347,0.0
686348,0.0
686349,0.0
686350,0.0
686351,0.0
686352,0.0
686353,0.0
686354,0.0
686355,0.0
686356,0.0
686357,0.0
686358,0.0
686359,0.0
686360,0.0
686361,0.0
686362,0.0
686363,0.0
686364,0.0
686365,0.0
686366,0.0
686367,0.0
686368,0.0
686369,0.0
686370,0.0
686371,0.0
686372,0.0
686373,0.0
686374,0.0
686375,0.0
686376,0.0
686377,0.0
686378,0.0
686379,0.0
686380,0.0
686381,0.0
686382,0.0
686383,0.0
686384,0.0
686385,0.0
686386,0.0
686387,0.0
686388,0.0
686389,0.0
686390,0.0
686391,0.0
686392,0.0
686393,0.0
686394,0.0
686395,0.0
686396,0.0
686397,0.0
686398,0.0
686399,0.0
686400,0.0
686401,0.0
686402,0.0
686403,0.0
686404,0.0
686405,0.0
686406,0.0
686407,0.0
686408,0.0
686409,0.0
686410,0.0
686411,0.0
686412,0.0
686413,0.0
686414,0.0
686415,0.0
686416,0.0
686417,0.0
686418,0.0
686419,0.0
686420,0.0
686421,0.0
686422,0.0
686423,0.0
686424,0.0
686425,0.0
686426,0.0
686427,0.0
686428,0.0
686429,0.0
686430,0.0
686431,0.0
686432,0.0
686433,0.0
686434,0.0
686435,4.305521e-11
686436,0.0
686437,0.0
686438,0.0
686439,0.0
686440,0.0
686441,0.0
686442,0.0
686443,0.0
686444,0.0
686445,0.0
686446,0.0
686447,0.0
686448,0.0
686449,0.0
686450,0.0
686451,0.0
686452,0.0
686453,0.0
686454,0.0
686455,0.0
686456,0.0
686457,0.0
686458,0.0
686459,0.0
686460,0.0
686461,0.0
686462,0.0
686463,0.0
686464,0.0
686465,0.0
686466,0.0
686467,0.0
686468,0.0
686469,0.0
686470,0.0
686471,0.0
686472,0.0
686473,0.0
686474,0.0
686475,0.0
686476,0.0
686477,0.0
686478,0.0
686479,0.0
686480,0.0
686481,0.0
686482,0.0
686483,0.0
686484,0.0
686485,0.0
686486,0.0
686487,0.0
686488,0.0
686489,0.0
686490,0.0
686491,0.0
686492,0.0
686493,0.0
686494,0.0
686495,0.0
686496,0.0
686497,0.0
686498,0.0
686499,0.34132662
686500,0.0
686501,0.0
686502,0.0
686503,0.0
686504,0.0
686505,0.0
686506,1.1870312e-15
686507,0.0
686508,0.0
686509,0.0
686510,0.0
686511,0.0
686512,0.0
686513,0.0
686514,0.0
686515,0.0
686516,0.0
686517,0.0
686518,0.0
686519,0.0
686520,0.0
686521,0.0
686522,0.0
686523,0.0
686524,0.0
686525,0.0
686526,0.0
686527,0.0
686528,0.0
686529,0.0
686530,0.0
686531,0.0
686532,0.0
686533,0.0
686534,0.0
686535,0.0
686536,0.0
686537,0.0
686538,0.0
686539,0.0
686540,0.0
686541,0.0
686542,0.0
686543,0.0
686544,0.0
686545,0.0
686546,0.0
686547,0.0
686548,0.0
686549,0.0
686550,0.0
686551,0.0
686552,0.0
686553,0.0
686554,0.0
686555,0.0
686556,0.0
686557,0.0
686558,0.0
686559,0.0
686560,0.0
686561,0.0
686562,0.0
686563,0.0
686564,0.0
686565,0.0
686566,0.0
686567,0.0
686568,0.0
686569,0.0
686570,0.0
686571,0.0
686572,0.0
686573,0.0
686574,0.0
686575,0.0
686576,0.0
686577,0.0
686578,0.0
686579,0.0
686580,0.0
686581,0.0
686582,1.2717006e-14
686583,0.0
686584,0.0
686585,0.0
686586,0.0
686587,0.0
686588,0.0
686589,0.0
686590,0.0
686591,0.0
686592,0.0
686593,0.0
686594,0.0
686595,0.0
686596,0.0
686597,0.0
686598,0.0
686599,0.0
686600,0.0
686601,0.0
686602,1.2050519e-24
686603,0.0
686604,0.0
686605,0.0
686606,0.0
686607,0.0
686608,0.0
686609,0.0
686610,0.0
686611,0.0
686612,4.594656e-09
686613,0.0
686614,0.0
686615,0.0
686616,0.0
686617,0.0
686618,0.0
686619,0.0
686620,0.0
686621,0.0
686622,0.0
686623,0.0
686624,0.0
686625,0.0
686626,0.0
686627,0.0
686628,0.0
686629,0.0
686630,0.0
686631,0.0
686632,0.0
686633,0.0
686634,0.0
686635,0.0
686636,0.0
686637,0.0
686638,0.0
686639,0.0
686640,0.0
686641,0.0
686642,0.0
686643,0.0
686644,0.0
686645,0.0
686646,0.0
686647,0.0
686648,0.0
686649,0.0
686650,0.0
686651,0.0
686652,0.0
686653,0.0
686654,0.0
686655,0.0
686656,0.0
686657,0.0
686658,0.0
686659,0.0
686660,0.0
686661,0.0
686662,0.0
686663,0.0
686664,0.0
686665,0.0
686666,0.0
686667,0.0
686668,0.0
686669,0.0
686670,0.0
686671,0.0
686672,0.0
686673,0.0
686674,0.0
686675,0.0
686676,0.0
686677,0.0
686678,0.0
686679,0.0
686680,0.0
686681,0.0
686682,0.0
686683,0.0
686684,0.0
686685,0.0
686686,0.0
686687,0.0
686688,0.0
686689,0.0
686690,0.0
686691,0.0
686692,0.0
686693,0.0
686694,0.0
686695,0.0
686696,0.0
686697,0.0
686698,0.0
686699,0.0
686700,0.0
686701,0.0
686702,0.0
686703,0.0
686704,0.0
686705,0.0
686706,0.0
686707,0.0
686708,0.0
686709,0.0
686710,0.0
686711,0.0
686712,0.0
686713,0.0
686714,0.0
686715,0.0
686716,0.0
686717,0.0
686718,0.0
686719,0.0
686720,0.0
686721,0.0
686722,0.0
686723,0.0
686724,0.0
686725,0.0
686726,0.0
686727,0.0
686728,0.0
686729,0.0
686730,0.0
686731,0.0
686732,0.0
686733,0.0
686734,0.0
686735,0.0
686736,0.0
686737,0.0
686738,0.0
686739,0.0
686740,0.0
686741,0.0
686742,0.0
686743,0.0
686744,0.0
686745,0.0
686746,0.0
686747,0.0
686748,0.0
686749,0.0
686750,0.0
686751,0.0
686752,0.0
686753,0.0
686754,0.0
686755,0.0
686756,0.0
686757,0.0
686758,0.0
686759,0.0
686760,0.0
686761,0.0
686762,0.0
686763,0.0
686764,0.0
686765,0.0
686766,0.0
686767,0.0
686768,0.0
686769,0.0
686770,0.0
686771,0.0
686772,0.0
686773,0.0
686774,0.0
686775,0.0
686776,0.0
686777,0.0
686778,0.0
686779,0.0
686780,0.0
686781,0.0
686782,0.0
686783,0.0
686784,0.0
686785,0.0
686786,0.0
686787,0.0
686788,0.0
686789,0.0
686790,0.0
686791,0.0
686792,0.0
686793,0.0
686794,0.0
686795,0.0
686796,0.0
686797,0.0
686798,0.0
686799,0.0
686800,0.0
686801,0.0
686802,0.0
686803,0.0
686804,0.0
686805,0.0
686806,0.0
686807,0.0
686808,0.0
686809,6.7984517e-37
686810,0.0
686811,0.0
686812,0.0
686813,0.0
686814,0.0
686815,0.0
686816,0.0
686817,0.0
686818,0.0
686819,0.0
686820,0.0
686821,0.0
686822,0.0
686823,0.0
686824,0.0
686825,0.0
686826,0.0
686827,0.0
686828,0.0
686829,0.0
686830,0.0
686831,0.0
686832,0.0
686833,0.0
686834,0.0
686835,0.0
686836,0.0
686837,0.0
686838,0.0
686839,0.0
686840,0.0
686841,0.0
686842,0.0
686843,0.0
686844,0.0
686845,0.0
686846,0.0
686847,0.0
686848,0.0
686849,0.0
686850,0.0
686851,0.0
686852,0.0
686853,0.0
686854,0.0
686855,0.0
686856,0.0
686857,0.0
686858,0.0
686859,0.0
686860,0.0
686861,0.0
686862,0.0
686863,0.0
686864,0.0
686865,0.0
686866,0.0
686867,0.0
686868,0.0
686869,0.0
686870,0.0
686871,0.0
686872,0.0
686873,0.0
686874,0.0
686875,0.0
686876,0.0
686877,0.0
686878,0.0
686879,0.0
686880,0.0
686881,0.0
686882,0.0
686883,0.0
686884,0.0
686885,0.0
686886,2.7396523e-31
686887,0.0
686888,0.0
686889,0.0
686890,0.0
686891,0.0
686892,0.0
686893,0.0
686894,0.0
686895,0.0
686896,0.0
686897,0.0
686898,0.0
686899,0.0
686900,0.0
686901,0.0
686902,1.0178898e-28
686903,0.0
686904,0.0
686905,0.0
686906,0.0
686907,0.0
686908,0.0
686909,0.0
686910,0.0
686911,0.0
686912,0.0
686913,0.0
686914,0.0
686915,0.0
686916,0.0
686917,0.0
686918,0.0
686919,0.0
686920,0.0
686921,0.0
686922,0.0
686923,0.0
686924,0.0
686925,0.0
686926,0.0
686927,0.0
686928,0.0
686929,0.0
686930,0.0
686931,0.0
686932,0.0
686933,0.0
686934,0.0
686935,0.0
686936,0.0
686937,0.0
686938,0.0
686939,0.0
686940,0.0
686941,0.0
686942,0.0
686943,0.0
686944,0.0
686945,0.0
686946,0.0
686947,0.0
686948,0.0
686949,0.0
686950,0.0
686951,0.0
686952,0.0
686953,0.0
686954,0.0
686955,0.0
686956,0.0
686957,0.0
686958,0.0
686959,0.0
686960,0.0
686961,0.0
686962,0.0
686963,0.0
686964,0.0
686965,0.0
686966,0.0
686967,0.0
686968,0.0
686969,0.0
686970,0.0
686971,0.0
686972,0.0
686973,0.0
686974,0.0
686975,0.0
686976,0.0
686977,0.0
686978,0.0
686979,0.0
686980,0.0
686981,0.0
686982,0.0
686983,0.0
686984,0.0
686985,0.0
686986,0.0
686987,0.0
686988,0.0
686989,0.0
686990,0.0
686991,0.0
686992,0.0
686993,0.0
686994,0.0
686995,0.0
686996,0.0
686997,0.0
686998,0.0
686999,0.0
687000,0.0
687001,0.0
687002,0.0
687003,0.0
687004,0.0
687005,0.0
687006,0.0
687007,0.0
687008,0.0
687009,0.0
687010,0.0
687011,0.0
687012,0.0
687013,0.0
687014,0.0
687015,0.0
687016,0.0
687017,0.0
687018,0.0
687019,0.0
687020,0.0
687021,0.0
687022,0.0
687023,0.0
687024,0.0
687025,0.0
687026,0.0
687027,0.0
687028,0.0
687029,0.0
687030,0.0
687031,0.0
687032,0.0
687033,0.0
687034,0.0
687035,0.0
687036,0.0
687037,0.0
687038,0.0
687039,0.0
687040,0.0
687041,0.0
687042,0.0
687043,0.0
687044,0.0
687045,0.0
687046,0.0
687047,0.0
687048,0.0
687049,0.0
687050,0.0
687051,0.0
687052,0.0
687053,0.0
687054,0.0
687055,0.0
687056,0.0
687057,0.0
687058,0.0
687059,0.0
687060,0.0
687061,0.0
687062,0.0
687063,0.0
687064,0.0
687065,0.0
687066,0.0
687067,0.0
687068,0.0
687069,0.0
687070,0.0
687071,0.0
687072,0.0
687073,0.0
687074,0.0
687075,0.0
687076,0.0
687077,0.0
687078,0.0
687079,0.0
687080,0.0
687081,0.0
687082,8.027707e-34
687083,0.0
687084,0.0
687085,0.0
687086,0.0
687087,0.0
687088,0.0
687089,0.0
687090,0.0
687091,0.0
687092,0.0
687093,0.0
687094,0.0
687095,0.0
687096,0.0
687097,0.0
687098,0.0
687099,0.0
687100,0.0
687101,0.0
687102,0.0
687103,0.0
687104,0.0
687105,0.0
687106,0.0
687107,0.0
687108,0.0
687109,0.0
687110,0.0
687111,0.0
687112,0.0
687113,0.0
687114,0.0
687115,0.0
687116,0.0
687117,0.0
687118,0.0
687119,0.0
687120,0.0
687121,0.0
687122,0.0
687123,0.0
687124,0.0
687125,0.0
687126,0.0
687127,0.0
687128,0.0
687129,0.0
687130,0.0
687131,0.0
687132,0.0
687133,0.0
687134,0.0
687135,0.0
687136,0.0
687137,0.0
687138,0.0
687139,0.0
687140,0.0
687141,0.0
687142,0.0
687143,0.0
687144,0.0
687145,0.0
687146,0.0
687147,0.0
687148,0.0
687149,0.0
687150,0.0
687151,0.0
687152,0.0
687153,0.0
687154,0.0
687155,0.0
687156,0.0
687157,0.0
687158,0.0
687159,0.0
687160,0.0
687161,0.0
687162,0.0
687163,0.0
687164,0.0
687165,0.0
687166,0.0
687167,0.0
687168,0.0
687169,0.0
687170,0.0
687171,0.0
687172,0.0
687173,0.0
687174,4.9890336e-06
687175,0.0
687176,0.0
687177,0.0
687178,0.0
687179,0.0
687180,0.0
687181,0.0
687182,0.0
687183,0.0
687184,0.0
687185,0.0
687186,0.0
687187,0.0
687188,0.0
687189,0.0
687190,0.0
687191,0.0
687192,0.0
687193,0.0
687194,0.0
687195,0.0
687196,0.0
687197,0.0
687198,0.0
687199,4.1569496e-23
687200,0.0
687201,0.0
687202,0.0
687203,0.0
687204,0.0
687205,0.0
687206,0.0
687207,0.0
687208,0.0
687209,0.0
687210,0.0
687211,0.0
687212,0.0
687213,0.0
687214,0.0
687215,0.0
687216,0.0
687217,0.0
687218,0.0
687219,0.0
687220,0.0
687221,0.0
687222,2.9071294e-36
687223,0.0
687224,0.0
687225,0.0
687226,0.0
687227,2.326001e-05
687228,0.0
687229,0.0
687230,0.0
687231,0.0
687232,0.0
687233,0.0
687234,0.0
687235,0.0
687236,0.0
687237,0.0
687238,0.0
687239,0.0
687240,0.0
687241,0.0
687242,0.0
687243,0.0
687244,0.0
687245,0.0
687246,0.0
687247,0.0
687248,0.0
687249,0.0
687250,0.0
687251,0.0
687252,0.0
687253,0.0
687254,0.0
687255,0.0
687256,0.0
687257,0.0
687258,0.0
687259,0.0
687260,0.0
687261,0.0
687262,0.0
687263,0.0
687264,0.0
687265,0.0
687266,0.0
687267,0.0
687268,0.0
687269,0.0
687270,0.0
687271,0.0
687272,0.0
687273,0.0
687274,0.0
687275,0.0
687276,0.0
687277,0.0
687278,0.0
687279,0.0
687280,0.0
687281,0.0
687282,0.0
687283,0.0
687284,0.0
687285,0.0
687286,0.0
687287,0.0
687288,0.0
687289,0.0
687290,0.0
687291,0.0
687292,0.0
687293,0.0
687294,0.0
687295,0.0
687296,0.0
687297,0.0
687298,0.0
687299,0.0
687300,0.0
687301,0.0
687302,0.0
687303,0.0
687304,0.0
687305,0.0
687306,0.0
687307,0.0
687308,0.0
687309,0.0
687310,0.0
687311,0.0
687312,0.0
687313,0.0
687314,0.0
687315,0.0
687316,0.0
687317,0.0
687318,0.0
687319,0.0
687320,0.0
687321,0.0
687322,0.0
687323,0.0
687324,0.0
687325,0.0
687326,0.0
687327,0.0
687328,0.0
687329,0.0
687330,0.0
687331,0.0
687332,0.0
687333,0.0
687334,0.0
687335,0.0
687336,0.0
687337,0.0
687338,0.0
687339,0.0
687340,0.0
687341,0.0
687342,0.0
687343,0.0
687344,0.0
687345,0.0
687346,0.0
687347,0.0
687348,0.0
687349,0.0
687350,0.0
687351,0.0
687352,0.0
687353,0.0
687354,0.0
687355,0.0
687356,0.0
687357,0.0
687358,0.0
687359,0.0
687360,0.0
687361,0.0
687362,0.0
687363,0.0
687364,0.0
687365,0.0
687366,0.0
687367,0.0
687368,0.0
687369,0.0
687370,0.0
687371,0.0
687372,0.0
687373,0.0
687374,0.0
687375,0.0
687376,0.0
687377,0.0
687378,0.0
687379,0.0
687380,0.0
687381,0.0
687382,0.0
687383,0.0
687384,0.0
687385,0.0
687386,0.0
687387,0.0
687388,0.0
687389,3.1037357e-07
687390,0.0
687391,0.0
687392,0.0
687393,0.0
687394,0.0
687395,0.0
687396,0.0
687397,0.0
687398,0.0
687399,0.0
687400,0.0
687401,0.0
687402,0.0
687403,0.0
687404,0.0
687405,0.0
687406,0.0
687407,0.0
687408,0.0
687409,0.0
687410,0.0
687411,0.0
687412,0.0
687413,0.0
687414,0.0
687415,0.0
687416,0.0
687417,0.0
687418,0.0
687419,0.0
687420,0.0
687421,0.0
687422,0.0
687423,0.0
687424,0.0
687425,0.0
687426,0.0
687427,0.0
687428,0.0
687429,0.0
687430,0.0
687431,0.0
687432,0.0
687433,0.0
687434,0.0
687435,0.0
687436,0.0
687437,0.0
687438,0.05974879
687439,0.0
687440,0.0
687441,0.0
687442,0.0
687443,0.0
687444,0.0
687445,0.0
687446,0.0
687447,0.0
687448,0.0
687449,0.0
687450,0.0
687451,0.0
687452,0.0
687453,0.0
687454,0.0
687455,0.0
687456,0.0
687457,0.0
687458,0.0
687459,0.0
687460,0.0
687461,0.0
687462,0.0
687463,0.0
687464,0.0
687465,0.0
687466,0.0
687467,0.0
687468,0.0
687469,0.0
687470,0.0
687471,0.0
687472,0.0
687473,0.0
687474,0.0
687475,0.0
687476,0.0
687477,0.0
687478,0.0
687479,0.0
687480,0.0
687481,0.0
687482,0.0
687483,0.0
687484,0.0
687485,0.0
687486,0.0
687487,0.0
687488,0.0
687489,0.0
687490,0.0
687491,0.0
687492,0.0
687493,0.0
687494,0.0
687495,0.0
687496,0.0
687497,0.0
687498,0.0
687499,0.0
687500,0.0
687501,0.0
687502,0.0
687503,0.0
687504,0.0
687505,0.0
687506,0.0
687507,0.0
687508,0.0
687509,0.0
687510,0.0
687511,0.0
687512,0.0
687513,0.0
687514,0.0
687515,0.0
687516,0.0
687517,0.0
687518,0.0
687519,0.0
687520,0.0
687521,0.0
687522,0.0
687523,0.0
687524,0.0
687525,0.0
687526,0.0
687527,0.0
687528,0.0
687529,0.0
687530,0.0
687531,0.0
687532,0.0
687533,0.0
687534,0.0
687535,0.0
687536,3.1651585e-14
687537,0.0
687538,0.0
687539,0.0
687540,0.0
687541,0.0
687542,0.0
687543,0.0
687544,0.0
687545,0.0
687546,0.0
687547,0.0
687548,0.0
687549,6.465879e-30
687550,0.0
687551,0.0
687552,0.0
687553,0.0
687554,0.0
687555,0.0
687556,0.0
687557,0.0
687558,0.0
687559,0.0
687560,0.0
687561,0.0
687562,0.0
687563,0.0
687564,0.0
687565,0.0
687566,0.0
687567,0.0
687568,0.0
687569,0.0
687570,0.0
687571,0.0
687572,0.0
687573,0.0
687574,0.0
687575,0.0
687576,0.0
687577,0.0
687578,0.0
687579,0.0
687580,0.0
687581,0.0
687582,0.0
687583,0.0
687584,0.0
687585,0.0
687586,0.0
687587,0.0
687588,0.0
687589,0.0
687590,0.0
687591,0.0
687592,0.0
687593,0.0
687594,0.0
687595,0.0
687596,0.0
687597,0.0
687598,0.0
687599,0.0
687600,0.0
687601,0.0
687602,0.0
687603,0.0
687604,0.0
687605,0.0
687606,0.0
687607,0.0
687608,0.0
687609,0.0
687610,0.0
687611,0.0
687612,0.0
687613,0.0
687614,0.0
687615,0.0
687616,0.0
687617,0.0
687618,0.0
687619,0.0
687620,0.0
687621,0.0
687622,0.0
687623,0.0
687624,0.0
687625,0.0
687626,0.0
687627,0.0
687628,0.0
687629,0.0
687630,0.0
687631,0.0
687632,0.0
687633,0.0
687634,0.0
687635,0.0
687636,0.0
687637,0.0
687638,0.0
687639,0.0
687640,0.0
687641,0.0
687642,0.0
687643,0.0
687644,0.0
687645,0.0
687646,0.0
687647,0.0
687648,0.0
687649,0.0
687650,0.0
687651,0.0
687652,0.0
687653,0.0
687654,0.0
687655,0.0
687656,0.0
687657,0.0
687658,0.0
687659,0.0
687660,0.0
687661,0.0
687662,0.0
687663,0.0
687664,0.0
687665,0.0
687666,0.0
687667,0.0
687668,0.0
687669,0.0
687670,0.0
687671,0.0
687672,0.0
687673,0.0
687674,0.0
687675,0.0
687676,0.0
687677,0.0
687678,0.0
687679,0.0
687680,0.0
687681,0.0
687682,0.0
687683,0.0
687684,0.0
687685,0.0
687686,0.0
687687,0.0
687688,0.0
687689,0.0
687690,0.0
687691,0.0
687692,0.0
687693,0.0
687694,0.0
687695,0.0
687696,0.0
687697,0.0
687698,0.0
687699,0.0
687700,0.0
687701,0.0
687702,0.0
687703,0.0
687704,0.0
687705,0.0
687706,0.0
687707,0.0
687708,0.0
687709,0.0
687710,0.0
687711,0.0
687712,0.0
687713,0.0
687714,0.0
687715,0.0
687716,0.0
687717,0.0
687718,0.0
687719,0.0
687720,0.0
687721,0.0
687722,0.0
687723,0.0
687724,0.0
687725,0.0
687726,0.0
687727,0.0
687728,0.0
687729,0.0
687730,0.0
687731,0.0
687732,0.0
687733,0.0
687734,0.0
687735,0.0
687736,0.0
687737,0.0
687738,0.0
687739,0.0
687740,0.0
687741,0.0
687742,0.0
687743,0.0
687744,0.0
687745,0.0
687746,0.0
687747,0.0
687748,0.0
687749,0.0
687750,0.0
687751,0.0
687752,0.0
687753,0.0
687754,0.0
687755,0.0
687756,0.0
687757,0.0
687758,0.0
687759,0.0
687760,0.0
687761,0.0
687762,0.0
687763,0.0
687764,0.0
687765,0.0
687766,0.0
687767,0.0
687768,0.0
687769,0.0
687770,0.0
687771,0.0
687772,0.0
687773,0.0
687774,0.0
687775,0.0
687776,0.0
687777,0.0
687778,0.0
687779,0.0
687780,0.0
687781,0.0
687782,0.0
687783,0.0
687784,0.0
687785,0.0
687786,0.0
687787,0.0
687788,0.0
687789,0.0
687790,4.531134e-35
687791,0.0
687792,0.0
687793,0.0
687794,0.0
687795,0.0
687796,0.0
687797,0.0
687798,0.0
687799,0.0
687800,0.0
687801,0.0
687802,0.0
687803,0.0
687804,0.0
687805,0.0
687806,0.0
687807,0.0
687808,0.0
687809,0.0
687810,0.0
687811,0.0
687812,0.0
687813,0.0
687814,0.0
687815,0.0
687816,0.0
687817,0.0
687818,0.0
687819,0.0
687820,0.0
687821,0.0
687822,0.0
687823,0.0
687824,7.479421e-19
687825,0.0
687826,0.0
687827,0.0
687828,0.0
687829,0.0
687830,0.0
687831,0.0
687832,0.0
687833,0.0
687834,0.0
687835,0.0
687836,0.0
687837,0.0
687838,0.0
687839,0.0
687840,0.0
687841,0.0
687842,0.0
687843,0.0
687844,0.0
687845,0.0
687846,0.0
687847,0.0
687848,0.0
687849,0.0
687850,0.0
687851,0.0
687852,0.0
687853,0.0
687854,0.0
687855,0.0
687856,0.0
687857,0.0
687858,0.0
687859,0.0
687860,0.0
687861,0.0
687862,0.0
687863,0.0
687864,0.0
687865,0.0
687866,0.0
687867,0.0
687868,0.0
687869,0.0
687870,0.0
687871,0.0
687872,0.0
687873,0.0
687874,0.0
687875,0.0
687876,0.0
687877,0.0
687878,0.0
687879,0.0
687880,0.0
687881,0.0
687882,0.0
687883,0.0
687884,0.0
687885,0.0
687886,0.0
687887,0.0
687888,0.0
687889,1.0603689e-37
687890,0.0
687891,0.0
687892,0.0
687893,0.0
687894,0.0
687895,0.0
687896,0.0
687897,0.0
687898,0.0
687899,0.0
687900,0.0
687901,0.0
687902,0.0
687903,0.0
687904,0.0
687905,0.0
687906,0.0
687907,0.0
687908,0.0
687909,0.0
687910,0.0
687911,0.0
687912,0.0
687913,0.0
687914,0.0
687915,0.0
687916,0.0
687917,0.0
687918,0.0
687919,0.0
687920,0.0
687921,0.0
687922,0.0
687923,0.0
687924,1.1245055e-31
687925,0.0
687926,0.0
687927,0.0
687928,0.0
687929,0.0
687930,0.0
687931,0.0
687932,0.0
687933,0.0
687934,0.0
687935,0.0
687936,0.0
687937,4.3034834e-34
687938,0.0
687939,0.0
687940,0.0
687941,0.0
687942,0.0
687943,0.0
687944,0.0
687945,0.0
687946,0.0
687947,0.0
687948,0.0
687949,0.0
687950,0.0
687951,0.0
687952,0.0
687953,0.0
687954,0.0
687955,0.0
687956,0.0
687957,0.0
687958,0.0
687959,0.0
687960,0.0
687961,0.0
687962,0.0
687963,0.0
687964,0.0
687965,0.0
687966,0.0
687967,0.0
687968,0.0
687969,0.0
687970,0.0
687971,0.0
687972,0.0
687973,0.0
687974,0.0
687975,0.0
687976,0.0
687977,0.0
687978,0.0
687979,0.0
687980,0.0
687981,0.0
687982,0.0
687983,0.0
687984,0.0
687985,0.0
687986,0.0
687987,0.0
687988,0.0
687989,0.0
687990,0.0
687991,0.0
687992,0.0
687993,0.0
687994,0.0
687995,0.0
687996,0.0
687997,0.0
687998,0.0
687999,0.0
688000,0.0
688001,0.0
688002,0.0
688003,0.0
688004,0.0
688005,0.0
688006,0.0
688007,0.0
688008,0.0
688009,0.0
688010,0.0
688011,0.0
688012,0.0
688013,3.2104622e-25
688014,0.0
688015,0.0
688016,0.0
688017,0.0
688018,0.0
688019,0.0
688020,0.0
688021,0.0
688022,0.0
688023,0.0
688024,0.0
688025,0.0
688026,0.0
688027,0.0
688028,0.0
688029,0.0
688030,0.0
688031,0.0
688032,0.0
688033,0.0
688034,0.0
688035,0.0
688036,0.0
688037,0.0
688038,0.0
688039,0.0
688040,0.0
688041,0.0
688042,0.0
688043,0.0
688044,0.0
688045,0.0
688046,0.0
688047,0.0
688048,0.0
688049,0.0
688050,0.0
688051,0.0
688052,0.0
688053,0.0
688054,0.0
688055,0.0
688056,0.0
688057,0.0
688058,0.0
688059,0.0
688060,0.0
688061,0.0
688062,0.0
688063,0.0
688064,0.0
688065,0.0
688066,0.0
688067,0.0
688068,0.0
688069,0.0
688070,0.0
688071,0.0
688072,0.0
688073,0.0
688074,0.0
688075,0.0
688076,0.0
688077,0.0
688078,0.0
688079,0.0
688080,0.0
688081,0.0
688082,0.0
688083,0.0
688084,0.0
688085,0.0
688086,0.0
688087,0.0
688088,0.0
688089,0.0
688090,0.0
688091,0.0
688092,0.0
688093,0.0
688094,0.0
688095,0.0
688096,0.0
688097,0.0
688098,0.0
688099,0.0
688100,0.0
688101,0.0
688102,0.0
688103,0.0
688104,0.0
688105,0.0
688106,0.0
688107,0.0
688108,0.0
688109,0.0
688110,0.0
688111,0.0
688112,0.0
688113,0.0
688114,0.0
688115,0.0
688116,0.0
688117,0.0
688118,0.0
688119,0.0
688120,0.0
688121,0.0
688122,0.0
688123,0.0
688124,0.0
688125,0.0
688126,0.0
688127,0.0
688128,0.0
688129,0.0
688130,0.0
688131,0.0
688132,0.0
688133,0.0
688134,0.0
688135,0.0
688136,0.0
688137,0.0
688138,0.0
688139,0.0
688140,0.0
688141,0.0
688142,0.0
688143,0.0
688144,0.0
688145,0.0
688146,0.0
688147,0.0
688148,0.0
688149,0.0
688150,0.0
688151,0.0
688152,0.0
688153,0.0
688154,0.0
688155,0.0
688156,0.0
688157,0.0
688158,0.0
688159,0.0
688160,0.0
688161,0.0
688162,0.0
688163,0.0
688164,0.0
688165,0.0
688166,0.0
688167,0.0
688168,0.0
688169,0.0
688170,0.0
688171,0.0
688172,0.0
688173,0.0
688174,0.0
688175,0.0
688176,0.0
688177,0.0
688178,0.0
688179,0.0
688180,0.0
688181,0.0
688182,0.0
688183,0.0
688184,0.0
688185,0.0
688186,0.0
688187,0.0
688188,0.0
688189,0.0
688190,0.0
688191,0.0
688192,0.0
688193,0.0
688194,0.0
688195,0.0
688196,0.0
688197,0.0
688198,0.0
688199,0.0
688200,0.0
688201,0.0
688202,0.0
688203,0.0
688204,0.0
688205,0.0
688206,0.0
688207,0.0
688208,0.0
688209,0.0
688210,0.0
688211,0.0
688212,0.0
688213,0.0
688214,0.0
688215,0.0
688216,0.0
688217,0.0
688218,0.0
688219,0.0
688220,0.0
688221,0.0
688222,0.0
688223,0.0
688224,0.0
688225,0.0
688226,0.0
688227,0.0
688228,0.0
688229,0.0
688230,0.0
688231,0.0
688232,0.0
688233,0.0
688234,0.0
688235,0.0
688236,0.0
688237,0.0
688238,0.0
688239,0.0
688240,4.4122617e-28
688241,0.0
688242,0.0
688243,0.0
688244,0.0
688245,0.0
688246,0.0
688247,0.0
688248,0.0
688249,0.0
688250,0.0
688251,0.0
688252,0.0
688253,0.0
688254,0.0
688255,0.0
688256,0.0
688257,0.0
688258,0.0
688259,0.0
688260,0.0
688261,0.0
688262,0.0
688263,0.0
688264,0.0
688265,0.0
688266,0.0
688267,0.0
688268,0.0
688269,0.0
688270,0.0
688271,0.0
688272,0.0
688273,0.0
688274,4.1638383e-30
688275,0.0
688276,0.0
688277,0.0
688278,0.0
688279,0.0
688280,0.0
688281,0.0
688282,0.0
688283,0.0
688284,0.0
688285,0.0
688286,0.0
688287,0.0
688288,0.0
688289,0.0
688290,0.0
688291,0.0
688292,0.0
688293,0.0
688294,0.0
688295,0.0
688296,0.0
688297,0.0
688298,0.0
688299,0.0
688300,0.0
688301,0.0
688302,0.0
688303,0.0
688304,0.0
688305,0.0
688306,0.0
688307,0.0
688308,0.0
688309,0.0
688310,0.0
688311,0.0
688312,0.0
688313,0.0
688314,0.0
688315,0.0
688316,0.0
688317,0.0
688318,0.0
688319,0.0
688320,0.0
688321,0.0
688322,0.0
688323,0.0
688324,0.0
688325,0.0
688326,0.0
688327,0.0
688328,0.0
688329,0.0
688330,0.0
688331,0.0
688332,0.0
688333,0.0
688334,0.0
688335,0.0
688336,0.0
688337,0.0
688338,0.0
688339,0.0
688340,0.0
688341,0.0
688342,0.0
688343,0.0
688344,0.0
688345,0.0
688346,0.0
688347,0.0
688348,0.0
688349,0.0
688350,0.0
688351,0.0
688352,0.0
688353,0.0
688354,0.0
688355,0.0
688356,0.0
688357,0.0
688358,0.0
688359,0.0
688360,0.0
688361,0.0
688362,0.0
688363,0.0
688364,0.0
688365,0.0
688366,0.0
688367,0.0
688368,0.0
688369,0.0
688370,0.0
688371,0.0
688372,0.0
688373,0.0
688374,0.0
688375,0.0
688376,0.0
688377,0.0
688378,0.0
688379,0.0047151456
688380,0.0
688381,0.0
688382,0.0
688383,0.0
688384,0.0
688385,0.0
688386,0.0
688387,0.0
688388,0.0
688389,0.0
688390,0.0
688391,0.0
688392,0.0
688393,0.0
688394,0.0
688395,0.0
688396,0.0
688397,0.0
688398,0.0
688399,0.0
688400,0.0
688401,0.0
688402,0.0
688403,0.0
688404,0.0
688405,0.0
688406,0.0
688407,0.0
688408,0.0
688409,0.0
688410,0.0
688411,0.0
688412,0.0
688413,0.0
688414,0.0
688415,0.0
688416,0.0
688417,0.0
688418,0.0
688419,0.0
688420,0.0
688421,0.0
688422,0.0
688423,0.0
688424,0.0
688425,0.0
688426,0.0
688427,0.0
688428,0.0
688429,0.0
688430,0.0
688431,0.0
688432,0.0
688433,0.0
688434,0.0
688435,0.0
688436,0.0
688437,0.0
688438,0.0
688439,0.0
688440,0.0
688441,0.0
688442,0.0
688443,0.0
688444,0.0
688445,0.0
688446,0.0
688447,0.0
688448,0.0
688449,0.0
688450,0.0
688451,0.0
688452,0.0
688453,0.0
688454,0.0
688455,0.0
688456,0.0
688457,0.0
688458,0.0
688459,0.0
688460,0.0
688461,0.0
688462,0.0
688463,0.0
688464,0.0
688465,0.0
688466,0.0
688467,0.0
688468,0.0
688469,0.0
688470,0.0
688471,0.0
688472,0.0
688473,0.0
688474,0.0
688475,0.0
688476,0.0
688477,0.0
688478,0.0
688479,0.0
688480,0.0
688481,0.0
688482,0.0
688483,0.0
688484,0.0
688485,0.0
688486,0.0
688487,0.0
688488,0.0
688489,0.0
688490,0.0
688491,0.0
688492,0.0
688493,0.0
688494,0.0
688495,0.0
688496,0.0
688497,0.0
688498,0.0
688499,0.0
688500,0.0
688501,0.0
688502,0.0
688503,0.0
688504,0.0
688505,0.0
688506,0.0
688507,0.0
688508,0.0
688509,0.0
688510,0.0
688511,0.0
688512,0.0
688513,0.0
688514,0.0
688515,0.0
688516,0.0
688517,0.0
688518,0.0
688519,0.0
688520,0.0
688521,0.0
688522,0.0
688523,0.0
688524,0.0
688525,0.0
688526,0.0
688527,0.0
688528,0.0
688529,0.0
688530,0.0
688531,0.0
688532,0.0
688533,0.0
688534,0.0
688535,0.0
688536,0.0
688537,0.0
688538,0.0
688539,0.0
688540,0.0
688541,0.0
688542,0.0
688543,0.0
688544,0.0
688545,0.0
688546,0.0
688547,0.0
688548,0.0
688549,0.0
688550,0.0
688551,0.0
688552,0.0
688553,0.0
688554,0.0
688555,0.0
688556,0.0
688557,0.0
688558,0.0
688559,0.0
688560,2.0422166e-21
688561,0.0
688562,0.0
688563,0.0
688564,0.0
688565,0.0
688566,0.0
688567,0.0
688568,0.0
688569,0.0
688570,0.0
688571,0.0
688572,0.0
688573,0.0
688574,0.0
688575,0.0
688576,0.0
688577,0.0
688578,0.0
688579,0.0
688580,0.0
688581,0.0
688582,0.0
688583,0.0
688584,0.0
688585,0.0
688586,0.0
688587,0.0
688588,0.0
688589,0.0
688590,0.0
688591,0.0
688592,0.0
688593,0.0
688594,0.0
688595,0.0
688596,0.0
688597,0.0
688598,0.0
688599,0.0
688600,0.0
688601,0.0
688602,0.0
688603,0.0
688604,0.0
688605,0.0
688606,0.0
688607,0.0
688608,0.0
688609,0.0
688610,0.0
688611,0.0
688612,0.0
688613,0.0
688614,0.0
688615,0.0
688616,0.0
688617,0.0
688618,0.0
688619,0.0
688620,0.0
688621,0.0
688622,0.0
688623,0.0
688624,0.07394297
688625,0.0
688626,0.0
688627,0.0
688628,0.0
688629,0.0
688630,0.0
688631,0.0
688632,0.0
688633,0.0
688634,0.0
688635,0.0
688636,0.0
688637,0.0
688638,0.0
688639,0.0
688640,0.0
688641,0.0
688642,0.0
688643,0.0
688644,0.0
688645,0.0
688646,0.0
688647,0.0
688648,0.0
688649,4.253006e-19
688650,0.0
688651,0.0
688652,0.0
688653,0.0
688654,0.0
688655,0.0
688656,0.0
688657,0.0
688658,0.0
688659,0.0
688660,0.0
688661,0.0
688662,0.0
688663,0.0
688664,0.0
688665,0.0
688666,0.0
688667,0.0
688668,0.0
688669,0.0
688670,0.0
688671,0.0
688672,0.0
688673,0.0
688674,0.0
688675,0.0
688676,0.0
688677,0.0
688678,0.0
688679,0.0
688680,0.0
688681,0.0
688682,0.0
688683,0.0
688684,0.0
688685,0.0
688686,0.0
688687,0.0
688688,0.0
688689,0.0
688690,0.0
688691,0.0
688692,0.0
688693,0.0
688694,0.0
688695,0.0
688696,0.0
688697,0.0
688698,0.0
688699,0.0
688700,0.0
688701,0.0
688702,0.0
688703,0.0
688704,0.0
688705,0.0
688706,0.0
688707,0.0
688708,0.0
688709,0.0
688710,0.0
688711,0.0
688712,0.0
688713,0.0
688714,0.0
688715,0.0
688716,0.0
688717,1.0604707e-36
688718,0.0
688719,0.0
688720,0.0
688721,0.0
688722,0.0
688723,0.0
688724,0.0
688725,0.0
688726,0.0
688727,0.0
688728,0.0
688729,0.0
688730,0.0
688731,0.0
688732,0.0
688733,0.0
688734,0.0
688735,0.0
688736,0.0
688737,0.0
688738,0.0
688739,0.0
688740,0.0
688741,0.0
688742,0.0
688743,0.0
688744,0.0
688745,0.0
688746,0.0
688747,0.0
688748,0.0
688749,0.0
688750,0.0
688751,0.0
688752,0.0
688753,0.0
688754,0.0
688755,0.0
688756,0.0
688757,0.0
688758,0.0
688759,0.0
688760,0.0
688761,0.0
688762,0.0
688763,0.0
688764,0.0
688765,0.0
688766,0.0
688767,0.0
688768,0.0
688769,0.0
688770,0.0
688771,0.0
688772,0.0017233291
688773,0.0
688774,0.0
688775,0.0
688776,0.0
688777,4.305477e-31
688778,0.0
688779,0.0
688780,0.0
688781,0.0
688782,0.0
688783,0.0
688784,0.0
688785,0.0
688786,0.0
688787,0.0
688788,0.0
688789,0.0
688790,0.0
688791,0.0
688792,0.0
688793,0.0
688794,0.0
688795,0.0
688796,0.0
688797,0.0
688798,0.0
688799,0.0
688800,0.0
688801,0.0
688802,0.0
688803,0.0
688804,0.0
688805,0.0
688806,0.0
688807,0.0
688808,0.0
688809,0.0
688810,0.0
688811,0.0
688812,0.0
688813,0.0
688814,0.0
688815,0.0
688816,0.0
688817,0.0
688818,0.0
688819,0.0
688820,0.0
688821,0.0
688822,0.0
688823,0.0
688824,0.0
688825,0.0
688826,0.0
688827,0.0
688828,0.0
688829,0.0
688830,0.0
688831,0.0
688832,0.0
688833,0.0
688834,0.0
688835,0.0
688836,0.0
688837,0.0
688838,0.0
688839,0.0
688840,0.0
688841,0.0
688842,0.0
688843,0.0
688844,0.0
688845,0.0
688846,0.0
688847,0.0
688848,0.0
688849,0.0
688850,0.0
688851,0.0
688852,0.0
688853,0.0
688854,0.0
688855,0.0
688856,0.0
688857,0.0
688858,0.0
688859,0.0
688860,0.0
688861,0.0
688862,0.0
688863,0.0
688864,0.0
688865,0.0
688866,0.0
688867,0.0
688868,0.0
688869,0.0
688870,0.0
688871,0.0
688872,0.0
688873,0.0
688874,0.0
688875,0.0
688876,0.0
688877,0.0
688878,0.0
688879,0.0
688880,0.0
688881,0.0
688882,0.0
688883,0.0
688884,0.0
688885,0.0
688886,0.0
688887,0.0
688888,0.0
688889,0.0
688890,0.0
688891,0.0
688892,0.0
688893,0.0
688894,0.0
688895,0.0
688896,0.0
688897,0.0
688898,0.0
688899,0.0
688900,0.0
688901,0.0
688902,0.0
688903,0.0
688904,0.0
688905,0.0
688906,0.0
688907,0.0
688908,0.0
688909,6.172384e-08
688910,0.0
688911,0.0
688912,0.0
688913,0.0
688914,0.0
688915,0.0
688916,0.0
688917,0.0
688918,0.0
688919,0.0
688920,0.0
688921,0.0
688922,0.0
688923,0.0
688924,0.0
688925,0.0
688926,0.0
688927,0.0
688928,0.0
688929,0.0
688930,0.0
688931,0.0
688932,0.0
688933,0.0
688934,0.0
688935,0.0
688936,0.0
688937,0.0
688938,0.0
688939,0.0
688940,0.0
688941,0.0
688942,0.0
688943,0.0
688944,0.0
688945,0.0
688946,0.0
688947,0.0
688948,0.0
688949,0.0
688950,0.0
688951,0.0
688952,0.0
688953,0.0
688954,0.0
688955,0.0
688956,0.0
688957,0.0
688958,0.0
688959,0.0
688960,0.0
688961,0.0
688962,0.0
688963,0.0
688964,0.0
688965,0.0
688966,0.0
688967,0.0
688968,0.0
688969,0.0
688970,0.0
688971,0.0
688972,0.0
688973,0.0
688974,0.0
688975,0.0
688976,0.0
688977,0.0
688978,0.0
688979,0.0
688980,0.0
688981,0.0
688982,0.0
688983,0.0
688984,0.0
688985,0.0
688986,0.0
688987,0.0
688988,0.0
688989,0.0
688990,0.0
688991,0.0
688992,0.0
688993,0.0
688994,0.0
688995,0.0
688996,0.0
688997,0.0
688998,0.0
688999,0.0
689000,0.0
689001,0.0
689002,0.0
689003,0.0
689004,0.0
689005,0.0
689006,0.0
689007,0.0
689008,0.0
689009,0.0
689010,0.0
689011,0.0
689012,0.0
689013,0.0
689014,0.0
689015,0.0
689016,0.0
689017,0.0
689018,0.0
689019,0.0
689020,0.0
689021,0.0
689022,0.0
689023,0.0
689024,0.0
689025,0.0
689026,0.0
689027,0.0
689028,0.0
689029,0.0
689030,0.0
689031,0.0
689032,0.0
689033,0.0
689034,0.0
689035,0.0
689036,0.0
689037,0.0
689038,0.0
689039,0.0
689040,0.0
689041,0.0
689042,0.0
689043,0.0
689044,0.0
689045,0.0
689046,0.0
689047,0.0
689048,0.0
689049,0.0
689050,0.0
689051,0.0
689052,0.0
689053,0.0
689054,0.0
689055,0.0
689056,0.0
689057,0.0
689058,0.0
689059,0.0
689060,0.0
689061,0.0
689062,0.0
689063,0.0
689064,0.0
689065,0.0
689066,0.0
689067,0.0
689068,0.0
689069,0.0
689070,0.0
689071,0.0
689072,0.0
689073,0.0
689074,0.0
689075,0.0
689076,0.0
689077,0.0
689078,0.0
689079,0.0
689080,0.0
689081,0.0
689082,0.0
689083,0.0
689084,0.0
689085,0.0
689086,0.0
689087,0.0
689088,0.0
689089,0.0
689090,0.0
689091,0.0
689092,0.0
689093,0.0
689094,0.0
689095,0.0
689096,0.0
689097,0.0
689098,0.0
689099,0.0
689100,0.0
689101,0.0
689102,0.0
689103,0.0
689104,0.0
689105,0.0
689106,0.0
689107,0.0
689108,0.0
689109,0.0
689110,0.0
689111,0.0
689112,0.0
689113,0.0
689114,0.0
689115,0.0
689116,0.0
689117,0.0
689118,0.0
689119,0.0
689120,0.0
689121,0.0
689122,0.0
689123,0.0
689124,0.0
689125,0.0
689126,0.0
689127,0.0
689128,0.0
689129,0.0
689130,0.0
689131,0.0
689132,0.0
689133,0.0
689134,0.0
689135,0.0
689136,0.0
689137,0.0
689138,0.0
689139,0.0
689140,0.0
689141,0.0
689142,0.0
689143,0.0
689144,0.0
689145,0.0
689146,0.0
689147,0.0
689148,0.0
689149,0.0
689150,0.0
689151,0.0
689152,0.0
689153,0.0
689154,0.0
689155,0.0
689156,0.0
689157,0.0
689158,0.0
689159,0.0
689160,0.0
689161,0.0
689162,0.0
689163,0.0
689164,0.0
689165,0.0
689166,0.0
689167,0.0
689168,0.0
689169,0.0
689170,0.0
689171,0.0
689172,0.0
689173,0.0
689174,0.0
689175,0.0
689176,0.0
689177,0.0
689178,0.0
689179,0.0
689180,0.0
689181,0.0
689182,0.0
689183,0.0
689184,0.0
689185,0.0
689186,0.0
689187,0.0
689188,0.0
689189,0.0
689190,0.0
689191,0.0
689192,0.0
689193,0.0
689194,0.0
689195,0.0
689196,0.0
689197,0.0
689198,0.0
689199,0.0
689200,0.0
689201,0.0
689202,0.0
689203,0.0
689204,0.0
689205,0.0
689206,0.0
689207,0.0
689208,0.0
689209,0.0
689210,0.0
689211,0.0
689212,0.0
689213,0.0
689214,0.0
689215,0.0
689216,0.0
689217,0.0
689218,0.0
689219,0.0
689220,0.0
689221,0.0
689222,0.0
689223,0.0
689224,0.0
689225,0.0
689226,0.0
689227,0.0
689228,0.0
689229,0.0
689230,0.0
689231,4.3637e-37
689232,0.0
689233,0.0
689234,0.0
689235,0.0
689236,0.0
689237,0.0
689238,0.0
689239,0.0
689240,0.0
689241,0.0
689242,0.0
689243,0.0
689244,1.5320313e-36
689245,0.0
689246,0.0
689247,0.0
689248,0.0
689249,0.0
689250,0.0
689251,0.0
689252,0.0
689253,0.0
689254,0.0
689255,0.0
689256,0.0
689257,0.0
689258,0.0
689259,0.0
689260,0.0
689261,0.0
689262,0.0
689263,0.0
689264,0.0
689265,0.0
689266,0.0
689267,0.0
689268,0.0
689269,0.0
689270,0.0
689271,0.0
689272,0.0
689273,0.0
689274,0.0
689275,0.0
689276,0.0
689277,0.0
689278,0.0
689279,0.0
689280,0.0
689281,0.0
689282,0.0
689283,0.0
689284,0.0
689285,0.0
689286,0.0
689287,0.0
689288,0.0
689289,0.0
689290,0.0
689291,0.0
689292,0.0
689293,0.0
689294,0.0
689295,0.0
689296,0.0
689297,0.0
689298,0.0
689299,0.0
689300,0.0
689301,0.0
689302,0.0
689303,0.0
689304,0.0
689305,0.0
689306,0.0
689307,0.0
689308,0.0
689309,0.0
689310,0.0
689311,0.0
689312,0.0
689313,0.0
689314,0.0
689315,0.0
689316,0.0
689317,0.0
689318,0.0
689319,0.0
689320,0.0
689321,0.0
689322,0.0
689323,0.0
689324,0.0
689325,0.0
689326,0.0
689327,0.0
689328,0.0
689329,0.0
689330,0.0
689331,0.0
689332,0.0
689333,0.0
689334,0.0
689335,0.0
689336,0.0
689337,0.0
689338,0.0
689339,0.0
689340,0.0
689341,0.0
689342,0.0
689343,0.0
689344,0.0
689345,0.0
689346,0.0
689347,0.0
689348,0.0
689349,0.0
689350,0.0
689351,0.0
689352,0.0
689353,0.0
689354,0.0
689355,0.0
689356,0.0
689357,0.0
689358,0.0
689359,0.0
689360,0.0
689361,0.0
689362,0.0
689363,0.0
689364,0.0
689365,0.0
689366,0.0
689367,0.0
689368,0.0
689369,0.0
689370,0.0
689371,0.0
689372,0.0
689373,0.0
689374,0.0
689375,0.0
689376,0.0
689377,0.0
689378,0.0
689379,0.0
689380,0.0
689381,0.0
689382,0.0
689383,0.0
689384,0.0
689385,0.0
689386,0.0
689387,0.0
689388,0.0
689389,0.0
689390,0.0
689391,0.0
689392,0.0
689393,0.0
689394,0.0
689395,0.0
689396,0.0
689397,0.0
689398,0.0
689399,0.0
689400,0.0
689401,0.0
689402,0.0
689403,0.0
689404,0.0
689405,0.0
689406,0.0
689407,0.0
689408,0.0
689409,0.0
689410,0.0
689411,0.0
689412,0.0
689413,0.0
689414,0.0
689415,0.0
689416,0.0
689417,0.0
689418,0.0
689419,0.0
689420,0.0
689421,0.0
689422,0.0
689423,0.0
689424,0.0
689425,0.0
689426,0.0
689427,0.0
689428,0.0
689429,0.0
689430,0.0
689431,0.0
689432,0.0
689433,0.0
689434,0.0
689435,0.0
689436,0.0
689437,0.0
689438,0.0
689439,0.0
689440,0.0
689441,0.0
689442,0.0
689443,0.0
689444,0.0
689445,0.0
689446,0.0
689447,0.0
689448,0.0
689449,0.0
689450,0.0
689451,0.0
689452,0.0
689453,0.0
689454,0.0
689455,0.0
689456,0.0
689457,0.0
689458,0.0
689459,0.0
689460,0.0
689461,0.0
689462,0.0
689463,0.0
689464,0.0
689465,0.0
689466,0.0
689467,0.0
689468,0.0
689469,0.0
689470,0.0
689471,0.0
689472,0.0
689473,0.0
689474,0.0
689475,0.0
689476,0.0
689477,0.0
689478,0.0
689479,0.0
689480,0.0
689481,0.0
689482,0.0
689483,0.0
689484,0.0
689485,0.0
689486,0.0
689487,0.0
689488,0.0
689489,0.0
689490,0.0
689491,0.0
689492,0.0
689493,0.0
689494,0.0
689495,0.0
689496,0.0
689497,0.0
689498,0.0
689499,0.0
689500,0.0
689501,0.0
689502,0.0
689503,0.0
689504,0.0
689505,0.0
689506,0.0
689507,0.0
689508,0.0
689509,0.0
689510,0.0
689511,0.0
689512,0.0
689513,0.0
689514,0.0
689515,0.0
689516,0.0
689517,0.0
689518,0.0
689519,0.0
689520,0.0
689521,0.0
689522,0.0
689523,0.0
689524,0.0
689525,0.0
689526,0.0
689527,0.0
689528,0.0
689529,0.0
689530,0.0
689531,0.0
689532,0.0
689533,0.0
689534,0.0
689535,0.0
689536,0.0
689537,0.0
689538,0.0
689539,0.0
689540,0.0
689541,0.0
689542,0.0
689543,0.0
689544,0.0
689545,0.0
689546,0.0
689547,0.0
689548,0.0
689549,0.0
689550,0.0
689551,0.0
689552,0.0
689553,0.0
689554,0.0
689555,0.0
689556,0.0
689557,0.0
689558,0.0
689559,0.0
689560,0.0
689561,7.284157e-39
689562,0.0
689563,0.0
689564,0.0
689565,0.0
689566,0.0
689567,0.0
689568,0.0
689569,0.0
689570,0.0
689571,0.0
689572,0.0
689573,0.0
689574,0.0
689575,0.0
689576,0.0
689577,0.0
689578,0.0
689579,0.0
689580,0.0
689581,0.0
689582,0.0
689583,0.0
689584,0.0
689585,0.0
689586,0.0
689587,0.0
689588,0.0
689589,0.0
689590,0.0
689591,0.0
689592,0.0
689593,0.0
689594,0.0
689595,0.0
689596,0.0
689597,0.0
689598,0.0
689599,0.0
689600,0.0
689601,0.0
689602,0.0
689603,0.0
689604,0.0
689605,0.0
689606,0.0
689607,0.0
689608,0.0
689609,0.0
689610,0.0
689611,0.0
689612,0.0
689613,0.0
689614,0.0
689615,0.0
689616,0.0
689617,0.0
689618,0.0
689619,0.0
689620,0.0
689621,0.0
689622,0.0
689623,0.0
689624,0.0
689625,2.372985e-27
689626,0.0
689627,0.0
689628,0.0
689629,0.0
689630,0.0
689631,0.0
689632,0.0
689633,0.0005002515
689634,0.0
689635,0.0
689636,0.0
689637,0.0
689638,0.0
689639,0.0
689640,0.0
689641,0.0
689642,0.0
689643,0.0
689644,0.0
689645,0.0
689646,0.0
689647,0.0
689648,0.0
689649,0.0
689650,0.0
689651,0.0
689652,0.0
689653,0.0
689654,0.0
689655,0.0
689656,0.0
689657,0.0
689658,0.0
689659,0.0
689660,0.0
689661,0.0
689662,0.0
689663,0.0
689664,0.0
689665,0.0
689666,0.0
689667,0.0
689668,0.0
689669,0.0
689670,0.0
689671,0.0
689672,0.0
689673,0.0
689674,0.0
689675,0.0
689676,4.755923e-38
689677,0.0
689678,7.4443e-33
689679,0.0
689680,0.0
689681,0.0
689682,0.0
689683,0.0
689684,0.0
689685,0.0
689686,0.0
689687,0.0
689688,0.0
689689,0.0
689690,6.936544e-34
689691,0.0
689692,0.0
689693,0.0
689694,0.0
689695,0.0
689696,0.0
689697,0.0
689698,0.0
689699,0.0
689700,0.0
689701,0.0
689702,0.0
689703,0.0
689704,0.0
689705,0.0
689706,0.0
689707,0.0
689708,0.0
689709,0.0
689710,0.0
689711,0.0
689712,0.0
689713,0.0
689714,0.0
689715,0.0
689716,0.0
689717,0.0
689718,0.0
689719,0.0
689720,0.0
689721,0.0
689722,0.0
689723,0.0
689724,0.0
689725,0.0
689726,0.0
689727,0.0
689728,0.0
689729,0.0
689730,0.0
689731,0.0
689732,0.0
689733,0.0
689734,0.0
689735,0.0
689736,0.0
689737,0.0
689738,0.0
689739,0.0
689740,0.0
689741,0.0
689742,0.0
689743,0.0
689744,0.0
689745,0.0
689746,0.0
689747,0.0
689748,0.0
689749,0.0
689750,0.0
689751,0.0
689752,0.0
689753,0.0
689754,0.0
689755,0.0
689756,0.0
689757,0.0
689758,0.0
689759,0.0
689760,0.0
689761,0.0
689762,0.0
689763,0.0
689764,0.0
689765,0.0
689766,0.0
689767,0.0
689768,0.0
689769,0.0
689770,0.0
689771,0.0
689772,0.0
689773,0.0
689774,0.0
689775,0.0
689776,0.0
689777,0.0
689778,0.0
689779,1.1490189e-11
689780,0.0
689781,0.0
689782,0.0
689783,0.0
689784,0.0
689785,0.0
689786,0.0
689787,0.0
689788,0.0
689789,0.0
689790,0.0
689791,0.0
689792,0.0
689793,0.0
689794,0.0
689795,0.0
689796,0.0
689797,0.0
689798,0.0
689799,0.0
689800,0.0
689801,0.0
689802,0.0
689803,0.0
689804,0.0
689805,0.0
689806,0.0
689807,0.0
689808,0.0
689809,0.0
689810,0.0
689811,0.0
689812,0.0
689813,0.0
689814,0.0
689815,0.0
689816,0.0
689817,0.0
689818,0.0
689819,0.0
689820,0.0
689821,0.0
689822,0.0
689823,0.0
689824,0.0
689825,0.0
689826,0.0
689827,0.0
689828,0.0
689829,0.0
689830,0.0
689831,0.0
689832,0.0
689833,0.0
689834,0.0
689835,0.0
689836,0.0
689837,0.0
689838,0.0
689839,0.0
689840,0.0
689841,0.0
689842,0.0
689843,0.0
689844,0.0
689845,0.0
689846,0.0
689847,0.0
689848,0.0
689849,0.0
689850,0.0
689851,0.0
689852,0.0
689853,0.0
689854,0.0
689855,0.0
689856,0.0
689857,0.0
689858,0.0
689859,0.0
689860,0.0
689861,0.0
689862,0.0
689863,0.0
689864,0.0
689865,0.0
689866,0.0
689867,0.0
689868,0.0
689869,0.0
689870,0.0
689871,0.0
689872,0.0
689873,0.0
689874,0.0
689875,0.0
689876,0.0
689877,0.0
689878,0.0
689879,0.0
689880,0.0
689881,0.0
689882,0.0
689883,0.0
689884,0.0
689885,0.0
689886,0.0
689887,0.0
689888,0.0
689889,0.0
689890,0.0
689891,0.0
689892,0.0
689893,0.0
689894,0.0
689895,0.0
689896,0.0
689897,0.0
689898,0.0
689899,0.0
689900,0.0
689901,0.0
689902,0.0
689903,0.0
689904,0.0
689905,0.0
689906,0.0
689907,0.0
689908,0.0
689909,0.0
689910,0.0
689911,0.0
689912,0.0
689913,0.0
689914,0.0
689915,0.0
689916,0.0
689917,0.0
689918,0.0
689919,0.0
689920,0.0
689921,0.0
689922,0.0
689923,0.0
689924,0.0
689925,0.02641604
689926,8.18232e-35
689927,0.0
689928,0.0
689929,0.0
689930,0.0
689931,0.0
689932,0.0
689933,0.0
689934,0.0
689935,0.0
689936,0.0
689937,0.0
689938,0.0
689939,0.0
689940,0.0
689941,0.0
689942,0.0
689943,0.0
689944,0.0
689945,0.0
689946,0.0
689947,0.0
689948,0.0
689949,0.0
689950,0.0
689951,0.0
689952,0.0
689953,0.0
689954,0.0
689955,0.0
689956,0.0
689957,0.0
689958,0.0
689959,0.0
689960,0.0
689961,0.0
689962,0.0
689963,0.0
689964,0.0
689965,0.0
689966,0.0
689967,0.0
689968,0.0
689969,0.0
689970,0.0
689971,0.0
689972,0.0
689973,0.0
689974,0.0
689975,0.0
689976,0.0
689977,0.0
689978,0.0
689979,0.0
689980,0.0
689981,0.0
689982,0.0
689983,0.0
689984,0.0
689985,0.0
689986,0.0
689987,0.0
689988,0.0
689989,0.0
689990,0.0
689991,0.0
689992,0.0
689993,0.0
689994,0.0
689995,0.0
689996,0.0
689997,0.0
689998,0.0
689999,0.0
690000,0.0
690001,0.0
690002,0.0
690003,0.0
690004,0.0
690005,0.0
690006,0.0
690007,0.0
690008,0.0
690009,0.0
690010,0.0
690011,0.0
690012,4.667286e-36
690013,0.0
690014,0.0
690015,0.0
690016,0.0
690017,0.0
690018,0.0
690019,0.0
690020,0.0
690021,0.0
690022,0.0
690023,0.0
690024,0.0
690025,0.0
690026,0.0
690027,0.0
690028,0.0
690029,0.0
690030,0.0
690031,0.0
690032,0.0
690033,0.0
690034,0.0
690035,0.0
690036,0.0
690037,0.0
690038,0.0
690039,0.0
690040,0.0
690041,0.0
690042,0.0
690043,0.0
690044,0.0
690045,0.0
690046,0.0
690047,0.0
690048,0.0
690049,0.0
690050,0.0
690051,0.0
690052,0.0
690053,0.0
690054,0.0
690055,0.0
690056,0.0
690057,0.0
690058,2.3377846e-25
690059,0.0
690060,0.0
690061,0.0
690062,0.0
690063,0.0
690064,0.0
690065,0.0
690066,0.0
690067,0.0
690068,0.0
690069,0.0
690070,0.0
690071,0.0
690072,0.0
690073,0.0
690074,0.0
690075,0.0
690076,0.0
690077,0.0
690078,0.0
690079,0.0
690080,0.0
690081,0.0
690082,0.0
690083,0.0
690084,0.0
690085,0.0
690086,0.0
690087,0.0
690088,0.0
690089,0.0
690090,0.0
690091,0.0
690092,0.0
690093,0.0
690094,0.0
690095,0.0
690096,0.0
690097,0.0
690098,0.0
690099,0.0
690100,0.0
690101,0.0
690102,0.0
690103,0.0
690104,0.0
690105,0.0
690106,0.0
690107,0.0
690108,0.0
690109,0.0
690110,0.0
690111,0.0
690112,0.0
690113,0.0
690114,0.0
690115,0.0
690116,0.0
690117,0.0
690118,0.0
690119,0.0
690120,0.0
690121,0.0
690122,0.0
690123,0.0
690124,0.0
690125,0.0
690126,0.0
690127,0.0
690128,0.0
690129,0.0
690130,0.0
690131,0.0
690132,0.0
690133,0.0
690134,0.0
690135,0.0
690136,0.0
690137,0.0
690138,0.0
690139,0.0
690140,0.0
690141,0.0
690142,0.0
690143,0.0
690144,0.0
690145,0.0
690146,0.0
690147,0.0
690148,0.0
690149,0.0
690150,0.0
690151,0.0
690152,0.0
690153,0.0
690154,0.0
690155,0.0
690156,0.0
690157,0.0
690158,0.0
690159,0.0
690160,0.0
690161,0.0
690162,0.0
690163,0.0
690164,0.0
690165,0.0
690166,0.0
690167,0.0
690168,0.0
690169,0.0
690170,0.0
690171,0.0
690172,0.0
690173,0.0
690174,0.0
690175,0.0
690176,2.917025e-30
690177,0.0
690178,0.0
690179,0.0
690180,0.0
690181,0.0
690182,0.0
690183,0.0
690184,0.0
690185,0.0
690186,0.0
690187,0.0
690188,0.0
690189,0.0
690190,0.0
690191,0.0
690192,0.0
690193,0.0
690194,0.0
690195,0.0
690196,0.0
690197,0.0
690198,0.0
690199,0.0
690200,0.0
690201,0.0
690202,0.0
690203,0.0
690204,0.0
690205,0.0
690206,0.0
690207,0.0
690208,0.0
690209,0.0
690210,0.0
690211,0.0
690212,0.0
690213,0.0
690214,0.0
690215,0.0
690216,0.0
690217,0.0
690218,0.0
690219,0.0
690220,0.0
690221,0.0
690222,0.0
690223,0.0
690224,0.0
690225,0.0
690226,0.0
690227,0.0
690228,0.0
690229,0.0
690230,0.0
690231,0.0
690232,0.0
690233,0.07724524
690234,0.0
690235,0.0
690236,0.0
690237,0.0
690238,0.0
690239,0.0
690240,0.0
690241,0.0
690242,0.0
690243,0.0
690244,0.0
690245,0.0
690246,0.0
690247,0.0
690248,0.0
690249,0.0
690250,0.0
690251,0.0
690252,0.0
690253,0.0
690254,0.0
690255,0.0
690256,0.0
690257,0.0
690258,0.0
690259,0.0
690260,0.0
690261,0.0
690262,9.696221e-15
690263,0.0
690264,0.0
690265,0.0
690266,0.0
690267,0.0
690268,0.0
690269,0.0
690270,0.0
690271,0.0
690272,0.0
690273,0.0
690274,0.0
690275,0.0
690276,0.0
690277,0.0
690278,0.0
690279,0.0
690280,0.0
690281,0.0
690282,0.0
690283,0.0
690284,0.0
690285,0.0
690286,0.0
690287,0.0
690288,0.0
690289,0.0
690290,0.0
690291,0.0
690292,0.0
690293,0.0
690294,0.0
690295,0.0
690296,0.0
690297,0.0
690298,0.0
690299,0.0
690300,0.0
690301,0.0
690302,0.0
690303,0.0
690304,0.0
690305,0.0
690306,0.0
690307,0.0
690308,0.0
690309,0.0
690310,0.0
690311,0.0
690312,0.0
690313,0.0
690314,0.0
690315,0.0
690316,0.0
690317,0.0
690318,0.0
690319,0.0
690320,0.0
690321,0.0
690322,0.0
690323,0.0
690324,0.0
690325,0.0
690326,0.0
690327,0.0
690328,0.0
690329,0.0
690330,0.0
690331,0.0
690332,0.0
690333,0.0
690334,0.0
690335,0.0
690336,0.0
690337,0.0
690338,0.0
690339,0.0
690340,0.0
690341,0.0
690342,0.0
690343,0.0
690344,0.0
690345,0.0
690346,0.0
690347,0.0
690348,0.0
690349,0.0
690350,0.0
690351,0.0
690352,0.0
690353,0.0
690354,0.0
690355,0.0
690356,0.0
690357,0.0
690358,2.319708e-24
690359,0.0
690360,0.0
690361,0.0
690362,0.0
690363,0.0
690364,0.0
690365,0.0
690366,0.0
690367,0.0
690368,0.0
690369,0.0
690370,0.0
690371,0.0
690372,0.0
690373,0.0
690374,0.0
690375,0.0
690376,0.0
690377,0.0
690378,0.0
690379,0.0
690380,0.0
690381,0.0
690382,0.0
690383,0.0
690384,0.0
690385,0.0
690386,0.0
690387,0.0
690388,0.0
690389,0.0
690390,0.0
690391,0.0
690392,0.0
690393,0.06705645
690394,0.0
690395,0.0
690396,0.0
690397,0.0
690398,0.0
690399,0.0
690400,0.0
690401,0.0
690402,0.0
690403,0.0
690404,0.0
690405,0.0
690406,0.0
690407,0.0
690408,2.4318517e-22
690409,0.0
690410,0.0
690411,4.4463906e-29
690412,0.0
690413,0.0
690414,0.0
690415,0.0
690416,0.0
690417,0.0
690418,0.0
690419,0.0
690420,0.0
690421,0.0
690422,0.0
690423,0.0
690424,0.0
690425,0.0
690426,0.0
690427,0.0
690428,0.0
690429,0.0
690430,0.0
690431,0.0
690432,0.0
690433,0.0
690434,0.0
690435,0.0
690436,0.0
690437,0.0
690438,0.0
690439,0.0
690440,0.0
690441,0.0
690442,0.0
690443,0.0
690444,0.0
690445,0.0
690446,0.0
690447,0.0
690448,0.0
690449,0.0
690450,2.2549932e-18
690451,0.0
690452,0.0
690453,0.0
690454,0.0
690455,0.0
690456,0.0
690457,0.0
690458,0.0
690459,0.0
690460,0.0
690461,0.0
690462,0.0
690463,0.0
690464,0.0
690465,0.0
690466,0.0
690467,0.0
690468,0.0
690469,0.0
690470,0.0
690471,0.0
690472,0.0
690473,0.0
690474,0.0
690475,0.0
690476,0.0
690477,0.0
690478,0.0
690479,0.0
690480,0.0
690481,0.0
690482,0.0
690483,0.0
690484,0.0
690485,0.0
690486,0.0
690487,0.0
690488,0.0
690489,0.0
690490,0.0
690491,0.0
690492,0.0
690493,0.0
690494,0.0
690495,0.0
690496,0.0
690497,0.0
690498,0.0
690499,0.0
690500,0.0
690501,0.0
690502,0.0
690503,0.0
690504,0.0
690505,0.0
690506,0.0
690507,0.0
690508,0.0
690509,0.0
690510,0.0
690511,0.0
690512,0.0
690513,0.0
690514,0.0
690515,0.0
690516,0.0
690517,0.0
690518,0.0
690519,0.0
690520,0.0
690521,0.0
690522,0.0
690523,0.0
690524,0.0
690525,0.0
690526,0.0
690527,0.0
690528,0.0
690529,0.0
690530,0.0
690531,0.0
690532,0.0
690533,0.0
690534,0.0
690535,0.0
690536,0.0
690537,0.0
690538,0.0
690539,0.0
690540,0.0
690541,0.0
690542,0.0
690543,0.0
690544,0.0
690545,0.0
690546,0.0
690547,0.0
690548,0.0
690549,0.0
690550,0.0
690551,0.0
690552,0.0
690553,0.0
690554,0.0
690555,0.0
690556,0.0
690557,0.0
690558,0.0
690559,0.0
690560,0.0
690561,0.0
690562,0.0
690563,0.0
690564,0.0
690565,0.0
690566,0.0
690567,0.0
690568,0.0
690569,0.0
690570,0.0
690571,0.0
690572,0.0
690573,0.0
690574,0.0
690575,0.0
690576,0.0
690577,0.0
690578,0.0
690579,0.0
690580,0.0
690581,0.0
690582,0.0
690583,0.0
690584,0.0
690585,0.0
690586,0.0
690587,0.0
690588,0.0
690589,0.0
690590,0.0
690591,0.0
690592,0.0
690593,0.0
690594,0.0
690595,0.0
690596,0.0
690597,0.0
690598,0.0
690599,0.0
690600,0.0
690601,0.0
690602,0.0
690603,0.0
690604,0.0
690605,0.0
690606,0.0
690607,0.0
690608,8.907789e-26
690609,0.0
690610,0.0
690611,0.0
690612,0.0
690613,0.0
690614,0.0
690615,0.0
690616,0.0
690617,0.0
690618,0.0
690619,0.0
690620,0.0
690621,0.0
690622,0.0
690623,0.0
690624,0.0
690625,0.0
690626,0.0
690627,0.0
690628,0.0
690629,0.0
690630,0.0
690631,0.0
690632,0.0
690633,0.0
690634,0.0
690635,0.0
690636,0.0
690637,0.0
690638,0.0
690639,0.0
690640,0.0
690641,0.0
690642,0.0
690643,0.0
690644,0.0
690645,0.0
690646,0.0
690647,0.0
690648,0.0
690649,0.0
690650,0.0
690651,0.0
690652,0.0
690653,0.0
690654,0.0
690655,0.0
690656,0.0
690657,0.0
690658,0.0
690659,0.0
690660,0.0
690661,0.0
690662,0.0
690663,0.0
690664,0.0
690665,0.0
690666,0.0
690667,0.0
690668,0.0
690669,0.0
690670,0.0
690671,0.0
690672,0.0
690673,0.0
690674,0.0
690675,0.0
690676,0.0
690677,0.0
690678,0.0
690679,0.0
690680,0.0
690681,0.0
690682,0.0
690683,0.0
690684,0.0
690685,0.0
690686,0.0
690687,0.0
690688,0.0
690689,0.0
690690,0.0
690691,0.0
690692,0.0
690693,0.0
690694,0.0
690695,0.0
690696,0.0
690697,0.0
690698,0.0
690699,0.0
690700,0.0
690701,0.0
690702,0.0
690703,0.0
690704,0.0
690705,0.0
690706,0.0
690707,0.0
690708,0.0
690709,0.0
690710,0.0
690711,0.0
690712,0.0
690713,0.0
690714,0.0
690715,0.0
690716,0.0
690717,0.0
690718,0.0
690719,0.0
690720,0.0
690721,0.0
690722,0.0
690723,0.0
690724,0.0
690725,0.0
690726,0.0
690727,0.0
690728,0.0
690729,0.0
690730,0.0
690731,0.0
690732,0.0
690733,0.0
690734,0.0
690735,0.0
690736,0.0
690737,0.0
690738,0.0
690739,0.0
690740,0.0
690741,0.0
690742,0.0
690743,0.0
690744,0.0
690745,0.0
690746,0.0
690747,0.0
690748,0.0
690749,0.0
690750,0.0
690751,0.0
690752,0.0
690753,0.0
690754,0.0
690755,0.0
690756,0.0
690757,0.0
690758,0.0
690759,0.0
690760,0.0
690761,0.0
690762,0.0
690763,0.0
690764,0.0
690765,0.0
690766,0.0
690767,0.0
690768,0.0
690769,0.0
690770,0.0
690771,0.0
690772,0.0
690773,0.0
690774,0.0
690775,0.0
690776,0.0
690777,0.0
690778,0.0
690779,0.0
690780,0.0
690781,0.0
690782,0.0
690783,0.0
690784,0.0
690785,0.0
690786,0.0
690787,0.0
690788,0.0
690789,0.0
690790,0.0
690791,0.0
690792,0.0
690793,0.0
690794,0.0
690795,0.0
690796,0.0
690797,0.0
690798,0.0
690799,0.0
690800,0.0
690801,0.0
690802,0.0
690803,0.0
690804,0.0
690805,0.0
690806,0.0
690807,0.0
690808,0.0
690809,0.0
690810,0.0
690811,0.0
690812,0.0
690813,0.0
690814,0.0
690815,0.0
690816,0.0
690817,0.0
690818,0.0
690819,0.0
690820,0.0
690821,0.0
690822,0.0
690823,0.0
690824,0.0
690825,0.0
690826,0.0
690827,0.0
690828,0.0
690829,0.0
690830,0.0
690831,0.0
690832,0.0
690833,0.0
690834,0.0
690835,0.0
690836,0.0
690837,0.0
690838,0.0
690839,0.0
690840,0.0
690841,0.0
690842,0.0
690843,0.0
690844,0.0
690845,0.0
690846,0.0
690847,0.0
690848,0.0
690849,0.0
690850,0.0
690851,0.0
690852,0.0
690853,0.0
690854,0.0
690855,0.0
690856,0.0
690857,0.0
690858,0.0
690859,0.0
690860,0.0
690861,0.0
690862,0.0
690863,0.0
690864,0.0
690865,0.0
690866,0.0
690867,0.0
690868,0.0
690869,0.0
690870,0.0
690871,0.0
690872,0.0
690873,0.0
690874,0.0
690875,0.0
690876,0.0
690877,0.0
690878,0.0
690879,0.0
690880,0.0
690881,0.0
690882,0.0
690883,0.0
690884,0.0
690885,0.0
690886,0.0
690887,0.0
690888,0.0
690889,0.0
690890,0.0
690891,0.0
690892,0.0
690893,0.0
690894,0.0
690895,0.0
690896,0.0
690897,0.0
690898,0.0
690899,0.0
690900,0.0
690901,0.0
690902,0.0
690903,0.0
690904,0.0
690905,0.0
690906,0.0
690907,0.0
690908,0.0
690909,0.0
690910,0.0
690911,0.0
690912,0.0
690913,0.0
690914,0.0
690915,0.0
690916,0.0
690917,0.0
690918,0.0
690919,0.0
690920,0.0
690921,0.0
690922,0.0
690923,0.0
690924,0.0
690925,0.0
690926,0.0
690927,0.0
690928,0.0
690929,0.0
690930,0.0
690931,0.0
690932,0.0
690933,0.0
690934,0.0
690935,0.0
690936,0.0
690937,0.0
690938,0.0
690939,0.0
690940,0.0
690941,0.0
690942,0.0
690943,0.0
690944,0.0
690945,0.0
690946,0.0
690947,0.0
690948,0.0
690949,0.0
690950,0.0
690951,0.0
690952,0.0
690953,0.0
690954,0.0
690955,0.0
690956,0.0
690957,0.0
690958,0.0
690959,0.0
690960,0.0
690961,0.0
690962,0.0
690963,0.0
690964,0.0
690965,0.0
690966,0.0
690967,0.0
690968,0.057122868
690969,0.0
690970,0.0
690971,0.0
690972,0.0
690973,0.0
690974,0.0
690975,0.0
690976,0.0
690977,0.0
690978,0.0
690979,0.0
690980,0.0
690981,0.0
690982,0.0
690983,0.0
690984,0.0
690985,0.0
690986,0.0
690987,0.0
690988,0.0
690989,0.0
690990,0.0
690991,0.0
690992,0.0
690993,0.0
690994,0.0
690995,0.0
690996,0.0
690997,0.0
690998,0.0
690999,0.0
691000,0.0
691001,0.0
691002,0.0
691003,0.0
691004,0.0
691005,0.0
691006,0.0
691007,0.0
691008,0.0
691009,0.0
691010,0.0
691011,0.0
691012,0.0
691013,0.0
691014,0.0
691015,0.0
691016,0.0
691017,0.0
691018,0.0
691019,0.0
691020,0.0
691021,0.0
691022,0.0
691023,0.0
691024,0.0
691025,0.0
691026,0.0
691027,0.0
691028,0.0
691029,0.0
691030,0.0
691031,0.0
691032,0.0
691033,0.0
691034,0.0
691035,0.0
691036,0.0
691037,0.0
691038,0.0
691039,0.0
691040,0.0
691041,0.0
691042,0.0
691043,0.0
691044,0.0
691045,0.0
691046,0.0
691047,0.0
691048,0.0
691049,0.0
691050,0.0
691051,0.0
691052,0.0
691053,0.0
691054,0.0
691055,0.0
691056,0.0
691057,0.0
691058,0.0
691059,0.0
691060,0.0
691061,0.0
691062,0.0
691063,0.0
691064,0.0
691065,0.0
691066,0.0
691067,0.0
691068,0.0
691069,0.0
691070,0.0
691071,0.0
691072,1.8623765e-29
691073,0.0
691074,0.0
691075,0.0
691076,0.0
691077,0.0
691078,0.0
691079,0.0
691080,0.0
691081,0.0
691082,0.0
691083,0.0
691084,0.0
691085,0.0
691086,0.0
691087,0.0
691088,0.0
691089,0.0
691090,0.0
691091,0.0
691092,0.0
691093,0.0
691094,0.0
691095,0.0
691096,0.0
691097,0.0
691098,1.012619e-09
691099,0.0
691100,0.0
691101,0.0
691102,0.0
691103,0.0
691104,0.0
691105,0.0
691106,0.0
691107,0.0
691108,0.0
691109,0.0
691110,0.0
691111,0.0
691112,0.0
691113,0.0
691114,0.0
691115,0.0
691116,0.0
691117,0.0
691118,0.0
691119,0.0
691120,0.0
691121,0.0
691122,0.0
691123,0.0
691124,0.0
691125,0.0
691126,0.0
691127,0.0
691128,0.0
691129,0.0
691130,0.0
691131,0.0
691132,0.0
691133,0.0
691134,0.0
691135,0.0
691136,0.0
691137,0.0
691138,0.0
691139,0.0
691140,0.0
691141,0.0
691142,0.0
691143,0.0
691144,1.435879e-17
691145,0.0
691146,0.0
691147,0.0
691148,0.0
691149,0.0
691150,0.0
691151,0.0
691152,0.0
691153,0.0
691154,0.0
691155,0.0
691156,0.0
691157,0.0
691158,0.0
691159,0.0
691160,0.0
691161,0.0
691162,0.0
691163,0.0
691164,0.0
691165,0.0
691166,0.0
691167,0.0
691168,0.0
691169,0.0
691170,0.0
691171,0.0
691172,0.0
691173,0.0
691174,0.0
691175,0.0
691176,0.0
691177,0.0
691178,0.0
691179,0.0
691180,0.0
691181,0.0
691182,0.0
691183,0.0
691184,0.0
691185,0.0
691186,0.0
691187,0.0
691188,0.0
691189,0.0
691190,0.0
691191,0.0
691192,0.0
691193,0.0
691194,0.0
691195,0.0
691196,0.0
691197,0.0
691198,0.0
691199,0.0
691200,0.0
691201,0.0
691202,0.0
691203,2.2681029e-36
691204,0.0
691205,0.0
691206,0.0
691207,0.0
691208,0.0
691209,0.0
691210,0.0
691211,0.0
691212,0.0
691213,0.0
691214,0.0
691215,0.0
691216,0.0
691217,0.0
691218,0.0
691219,0.0
691220,0.009526894
691221,0.0
691222,0.0
691223,0.0
691224,0.0
691225,0.0
691226,0.0
691227,0.0
691228,0.0
691229,7.269776e-32
691230,0.0
691231,0.0
691232,0.0
691233,0.0
691234,0.0
691235,0.0
691236,0.0
691237,0.0
691238,0.0
691239,0.0
691240,0.0
691241,0.0
691242,0.0
691243,0.0
691244,0.0
691245,0.0
691246,0.0
691247,0.0
691248,0.0
691249,0.0
691250,0.0
691251,0.0
691252,0.0
691253,0.0
691254,0.0
691255,0.0
691256,0.0
691257,0.0
691258,0.0
691259,0.0
691260,0.0
691261,0.0
691262,0.0
691263,0.0
691264,0.0
691265,0.0
691266,0.0
691267,0.0
691268,0.0
691269,0.0
691270,0.0
691271,0.0
691272,0.0
691273,0.0
691274,0.0
691275,0.0
691276,0.0
691277,0.0
691278,0.0
691279,0.0
691280,0.0
691281,0.0
691282,0.0
691283,0.0
691284,0.0
691285,0.0
691286,0.0
691287,0.0
691288,0.0
691289,0.0
691290,0.0
691291,0.0
691292,0.0
691293,0.0
691294,0.0
691295,0.0
691296,0.0
691297,0.0
691298,0.0
691299,0.0
691300,0.0
691301,0.0
691302,0.0
691303,0.0
691304,0.0
691305,0.0
691306,6.14545e-30
691307,0.0
691308,0.0
691309,0.0
691310,0.0
691311,0.0
691312,0.0
691313,0.0
691314,0.0
691315,0.0
691316,0.0
691317,0.0
691318,0.0
691319,0.0
691320,0.0
691321,0.0
691322,0.0
691323,0.0
691324,0.0
691325,0.0
691326,0.0
691327,0.0
691328,0.0
691329,0.0
691330,0.0
691331,0.0
691332,0.0
691333,0.0
691334,0.0
691335,0.0
691336,0.0
691337,0.0
691338,0.0
691339,0.0
691340,0.0
691341,0.0
691342,0.0
691343,0.0
691344,0.0
691345,4.821752e-26
691346,0.0
691347,0.0
691348,0.0
691349,0.0
691350,0.0
691351,0.0
691352,0.0
691353,0.0
691354,0.0
691355,0.0
691356,1.3678373e-18
691357,0.0
691358,0.0
691359,0.0
691360,0.0
691361,0.0
691362,0.0
691363,0.0
691364,0.0
691365,0.0
691366,0.0
691367,0.0
691368,0.0
691369,0.0
691370,0.0
691371,0.0
691372,0.0
691373,0.0
691374,0.0
691375,0.0
691376,0.0
691377,0.0
691378,0.0
691379,0.0
691380,0.0
691381,0.0
691382,0.0
691383,0.0
691384,0.0
691385,0.0
691386,0.0
691387,0.0
691388,0.0
691389,0.0
691390,0.0
691391,0.0
691392,0.0
691393,0.0
691394,0.0
691395,0.0
691396,0.0
691397,0.0
691398,0.0
691399,0.0
691400,0.0
691401,0.0
691402,0.0
691403,0.0
691404,0.0
691405,0.0
691406,0.0
691407,0.0
691408,0.0
691409,0.0
691410,0.0
691411,0.0
691412,0.0
691413,0.0
691414,0.0
691415,0.0
691416,0.0
691417,0.0
691418,0.0
691419,0.0
691420,0.0
691421,0.0
691422,0.0
691423,0.0
691424,0.0
691425,0.0
691426,0.0
691427,0.0
691428,0.0
691429,0.0
691430,0.0
691431,0.0
691432,0.0
691433,0.0
691434,0.0
691435,0.0
691436,0.0
691437,0.0
691438,0.0
691439,0.0
691440,0.0
691441,0.0
691442,0.0
691443,0.0
691444,0.0
691445,0.0
691446,0.0
691447,0.0
691448,0.0
691449,0.0
691450,0.0
691451,0.0
691452,0.0
691453,0.0
691454,0.0
691455,0.0
691456,0.0
691457,0.0
691458,0.0
691459,0.0
691460,0.0
691461,0.0
691462,0.0
691463,0.0
691464,0.0
691465,0.0
691466,0.0
691467,0.0009691557
691468,0.0
691469,0.0
691470,0.0
691471,0.0
691472,0.0
691473,0.0
691474,0.0
691475,0.0
691476,0.0
691477,0.0
691478,0.0
691479,0.0
691480,0.0
691481,0.0
691482,0.0
691483,2.724634e-16
691484,0.0
691485,0.0
691486,0.0
691487,0.0
691488,0.0
691489,0.0
691490,0.0
691491,0.0
691492,0.0
691493,0.0
691494,0.0
691495,0.0
691496,0.0
691497,0.0
691498,0.0
691499,0.0
691500,0.0
691501,0.0
691502,0.0
691503,0.0
691504,0.0
691505,0.0
691506,0.0
691507,0.0
691508,0.0
691509,0.0
691510,0.0
691511,0.0
691512,0.0
691513,0.0
691514,0.0
691515,0.0
691516,0.0
691517,0.0
691518,0.0
691519,0.0
691520,0.0
691521,0.0
691522,0.0
691523,0.0
691524,0.0
691525,0.0
691526,0.0
691527,4.1413583e-31
691528,0.0
691529,0.0
691530,0.0
691531,0.0
691532,0.0
691533,0.0
691534,0.0
691535,0.0
691536,0.0
691537,0.0
691538,0.0
691539,0.0
691540,0.0
691541,0.0
691542,0.0
691543,0.0
691544,0.0
691545,0.0
691546,0.0
691547,0.0
691548,0.0
691549,0.0
691550,0.0
691551,0.0
691552,0.0
691553,0.0
691554,0.0
691555,0.0
691556,0.0
691557,0.0
691558,0.0
691559,0.0
691560,0.0
691561,0.0
691562,0.0
691563,0.0
691564,0.0
691565,0.0
691566,0.0
691567,0.0
691568,0.0
691569,0.0
691570,0.0
691571,0.0
691572,0.0
691573,0.0
691574,0.0
691575,0.0
691576,0.0
691577,0.0
691578,0.0
691579,0.0
691580,0.0
691581,0.0
691582,0.0
691583,0.0
691584,0.0
691585,0.0
691586,0.0
691587,0.0
691588,0.0
691589,0.0
691590,0.0
691591,0.0
691592,0.0
691593,0.0
691594,0.0
691595,0.0
691596,0.0
691597,0.0
691598,0.0
691599,0.0
691600,0.0
691601,0.0
691602,0.0
691603,0.0
691604,0.0
691605,0.0
691606,0.0
691607,0.0
691608,0.0
691609,0.0
691610,0.0
691611,0.0
691612,0.0
691613,0.0
691614,0.0
691615,0.0
691616,0.0
691617,0.0
691618,0.0
691619,0.0
691620,0.0
691621,0.0
691622,0.0
691623,0.0
691624,0.0
691625,0.0
691626,0.0
691627,0.0
691628,0.0
691629,0.0
691630,0.0
691631,0.0
691632,0.0
691633,0.0
691634,0.0
691635,0.0
691636,0.0
691637,0.0
691638,0.0
691639,0.0
691640,0.0
691641,0.0
691642,0.0
691643,0.0
691644,0.0
691645,0.0
691646,0.0
691647,0.0
691648,0.0
691649,0.0
691650,0.0
691651,0.0
691652,0.0
691653,0.0
691654,0.0
691655,0.0
691656,0.0
691657,0.0
691658,0.0
691659,0.0
691660,0.0
691661,0.0
691662,0.0
691663,0.0
691664,0.0
691665,0.0
691666,0.0
691667,0.0
691668,0.0
691669,0.0
691670,0.0
691671,0.0
691672,0.0
691673,0.0
691674,0.0
691675,0.0
691676,0.0
691677,0.0
691678,0.0
691679,0.0
691680,0.0
691681,0.0
691682,0.0
691683,0.0
691684,0.0
691685,0.0
691686,0.0
691687,0.0
691688,0.0
691689,0.0
691690,0.0
691691,0.0
691692,0.0
691693,0.0
691694,0.0
691695,0.0
691696,0.0
691697,0.0
691698,0.0
691699,0.0
691700,0.0
691701,0.0
691702,0.0
691703,0.0
691704,0.0
691705,0.0
691706,0.0
691707,0.0
691708,0.0
691709,0.0
691710,0.0
691711,0.0
691712,0.0
691713,0.0
691714,0.0
691715,0.0
691716,0.0
691717,0.0
691718,0.0
691719,0.0
691720,0.0
691721,0.0
691722,0.0
691723,0.0
691724,0.0
691725,0.0
691726,0.0
691727,0.0
691728,0.0
691729,0.0
691730,0.0
691731,0.0
691732,0.0
691733,0.0
691734,0.0
691735,0.0
691736,0.0
691737,0.0
691738,0.0
691739,0.0
691740,0.0
691741,0.0
691742,0.0
691743,0.0
691744,0.0
691745,0.0
691746,0.0
691747,0.0
691748,0.0
691749,0.0
691750,0.0
691751,0.0
691752,0.0
691753,0.0
691754,0.0
691755,0.0
691756,0.0
691757,0.0
691758,0.0
691759,0.0
691760,0.0
691761,0.0
691762,0.0
691763,0.0
691764,0.0
691765,0.0
691766,0.0
691767,0.0
691768,0.0
691769,0.0
691770,0.0
691771,0.0
691772,0.0
691773,0.0
691774,0.0
691775,0.0
691776,0.0
691777,0.0
691778,0.0
691779,0.0
691780,0.0
691781,0.0
691782,0.0
691783,0.0
691784,0.0034456828
691785,0.0
691786,0.0
691787,0.0
691788,0.0
691789,0.0
691790,0.0
691791,0.0
691792,0.0
691793,0.0
691794,0.0
691795,0.0
691796,0.0
691797,0.0
691798,0.0
691799,0.0
691800,0.0
691801,0.0
691802,0.0
691803,0.0
691804,0.0
691805,0.0
691806,0.0
691807,0.0
691808,0.0
691809,0.0
691810,0.0
691811,0.0
691812,0.0
691813,0.0
691814,0.0
691815,0.0
691816,0.0
691817,0.0
691818,0.0
691819,0.0
691820,0.0
691821,0.0
691822,0.97689897
691823,0.0
691824,0.0
691825,0.0
691826,0.0
691827,0.0
691828,0.0
691829,0.0
691830,0.0
691831,0.0
691832,0.0
691833,0.0
691834,0.0
691835,0.0
691836,0.0
691837,0.0
691838,0.0
691839,0.0
691840,0.0
691841,0.0
691842,0.0
691843,0.0
691844,0.0
691845,0.0
691846,0.0
691847,0.0
691848,0.0
691849,3.4664474e-14
691850,0.0
691851,0.0
691852,0.0
691853,0.0
691854,0.0
691855,0.0
691856,0.0
691857,0.0
691858,0.0
691859,0.0
691860,0.0
691861,0.0
691862,0.0
691863,0.0
691864,0.0
691865,0.0
691866,0.0
691867,0.0
691868,0.0
691869,0.0
691870,0.0
691871,0.0
691872,0.0
691873,0.0
691874,0.0
691875,0.0
691876,0.0
691877,0.0
691878,0.0
691879,0.0
691880,0.0
691881,0.0
691882,0.0
691883,0.0
691884,0.0
691885,0.0
691886,0.0
691887,0.0
691888,0.0
691889,0.0
691890,0.0
691891,0.0
691892,0.0
691893,0.0
691894,0.0
691895,0.0
691896,0.0
691897,0.0
691898,0.0
691899,0.0
691900,4.9892865e-21
691901,0.0
691902,0.0
691903,0.0
691904,0.0
691905,0.0
691906,0.0
691907,0.0
691908,0.0
691909,0.0
691910,0.0
691911,0.0
691912,0.0
691913,0.0
691914,0.0
691915,0.0
691916,0.0
691917,0.0
691918,0.0
691919,0.0
691920,0.0
691921,0.0
691922,0.0
691923,0.0
691924,3.322329e-27
691925,0.0
691926,0.0
691927,0.0
691928,0.0
691929,0.0
691930,0.0
691931,0.0
691932,0.0
691933,0.0
691934,0.0
691935,0.0
691936,0.0
691937,0.0
691938,0.0
691939,0.0
691940,0.0
691941,0.0
691942,0.0
691943,0.0
691944,0.0
691945,0.0
691946,0.0
691947,0.0
691948,0.0
691949,0.0
691950,0.0
691951,0.0
691952,0.0
691953,0.0
691954,0.0
691955,0.0
691956,0.0
691957,0.0
691958,0.0
691959,0.0
691960,0.0
691961,0.0
691962,0.0
691963,0.0
691964,0.0
691965,0.0
691966,0.0
691967,0.0
691968,0.0
691969,0.0
691970,0.0
691971,0.0
691972,0.0
691973,0.0
691974,0.0
691975,0.0
691976,0.0
691977,0.0
691978,0.0
691979,0.0
691980,0.0
691981,0.0
691982,0.0
691983,0.0
691984,0.0
691985,0.0
691986,0.0
691987,0.0
691988,0.0
691989,0.0
691990,0.0
691991,0.0
691992,0.0
691993,0.0
691994,0.0
691995,0.0
691996,0.0
691997,0.0
691998,0.0
691999,0.0
692000,0.0
692001,0.0
692002,0.0
692003,0.0
692004,0.0
692005,0.0
692006,0.0
692007,0.0
692008,0.0
692009,0.0
692010,0.0
692011,0.0
692012,0.0
692013,0.0
692014,0.0
692015,0.0
692016,0.0
692017,0.0
692018,0.0
692019,0.0
692020,0.0
692021,0.0
692022,0.0
692023,0.0
692024,0.0
692025,0.0
692026,0.0
692027,0.0
692028,0.0
692029,0.0
692030,0.0
692031,0.0
692032,0.0
692033,0.0
692034,0.0
692035,0.0
692036,0.0
692037,0.0
692038,0.0
692039,0.0
692040,0.0
692041,0.0
692042,0.0
692043,0.0
692044,0.0
692045,0.0
692046,0.0
692047,0.0
692048,0.0
692049,0.0
692050,0.0
692051,0.0
692052,0.0
692053,0.0
692054,0.0
692055,0.0
692056,0.0
692057,0.0
692058,0.0
692059,0.0
692060,0.0
692061,0.0
692062,0.0
692063,0.0
692064,0.0
692065,0.0
692066,0.0
692067,0.0
692068,0.0
692069,4.357976e-30
692070,0.0
692071,0.0
692072,0.0
692073,0.0
692074,0.0
692075,0.0
692076,0.0
692077,0.0
692078,0.0
692079,0.0
692080,0.0
692081,0.0
692082,0.0
692083,0.0
692084,0.0
692085,0.0
692086,0.0
692087,0.0
692088,8.114709e-36
692089,0.0
692090,0.0
692091,0.0
692092,0.0
692093,0.0
692094,0.0
692095,0.0
692096,0.0
692097,0.0
692098,0.0
692099,0.0
692100,0.0
692101,0.0
692102,0.0
692103,0.0
692104,0.0
692105,0.0
692106,0.0
692107,0.0
692108,0.0
692109,0.0
692110,0.0
692111,0.0
692112,0.0
692113,0.0
692114,0.0
692115,0.0
692116,0.0
692117,0.0
692118,0.0
692119,0.0
692120,0.0
692121,0.0
692122,0.0
692123,0.0
692124,0.0
692125,0.0
692126,0.0
692127,0.0
692128,0.0
692129,0.0
692130,0.0
692131,0.0
692132,0.0
692133,0.5499145
692134,0.0
692135,0.0
692136,0.0
692137,0.0
692138,0.0
692139,0.0
692140,0.0
692141,0.0
692142,0.0
692143,0.0
692144,0.0
692145,0.0
692146,0.0
692147,0.0
692148,0.0
692149,0.0
692150,0.0
692151,0.0
692152,0.0
692153,0.0
692154,0.0
692155,0.0
692156,0.0
692157,0.0
692158,0.0
692159,0.0
692160,0.0
692161,0.0
692162,0.0
692163,0.0
692164,0.0
692165,0.0
692166,0.0
692167,0.0
692168,0.0
692169,0.0
692170,0.0
692171,0.0
692172,0.0
692173,0.0
692174,0.0
692175,0.0
692176,0.0
692177,0.0
692178,0.0
692179,0.0
692180,0.0
692181,0.0
692182,0.0
692183,0.0
692184,0.0
692185,0.0
692186,0.0
692187,0.0
692188,0.0
692189,0.0
692190,0.0
692191,0.0
692192,0.0
692193,0.0
692194,0.0
692195,0.0
692196,0.0
692197,0.0
692198,0.0
692199,0.0
692200,0.0
692201,0.0
692202,0.0
692203,0.0
692204,0.0
692205,0.0
692206,0.0
692207,0.0
692208,0.0
692209,0.0
692210,0.0
692211,0.0
692212,0.0
692213,0.0
692214,0.0
692215,0.0
692216,0.0
692217,0.0
692218,0.0
692219,0.0
692220,0.0
692221,0.0
692222,0.0
692223,0.0
692224,0.0
692225,0.0
692226,0.0
692227,0.0
692228,0.0
692229,0.0
692230,0.0
692231,0.0
692232,0.0
692233,0.0
692234,0.0
692235,0.0
692236,0.0
692237,0.0
692238,0.0
692239,0.0
692240,0.0
692241,0.0
692242,0.0
692243,0.0
692244,0.0
692245,0.0
692246,0.0
692247,0.0
692248,0.0
692249,0.0
692250,0.0
692251,0.0
692252,0.0
692253,0.0
692254,0.0
692255,0.0
692256,0.0
692257,0.0
692258,0.0
692259,0.0
692260,0.0
692261,0.0
692262,0.0
692263,0.0
692264,0.0
692265,0.0
692266,0.0
692267,0.0
692268,0.0
692269,0.0
692270,0.0
692271,0.0
692272,0.0
692273,0.0
692274,0.0
692275,0.0
692276,0.0
692277,0.0
692278,0.0
692279,0.0
692280,0.0
692281,0.0
692282,0.0
692283,0.0
692284,0.0
692285,0.0
692286,0.0
692287,0.0
692288,0.0
692289,0.0
692290,0.0
692291,0.0
692292,0.0
692293,0.0
692294,0.0
692295,0.0
692296,0.0
692297,0.0
692298,0.0
692299,0.0
692300,0.0
692301,0.0
692302,0.0
692303,0.0
692304,0.0
692305,0.0
692306,0.0
692307,0.0
692308,0.0
692309,0.0
692310,0.0
692311,0.0
692312,0.0
692313,0.0
692314,0.0
692315,0.0
692316,0.0
692317,0.0
692318,0.0
692319,0.0
692320,0.0
692321,0.0
692322,0.0
692323,0.0
692324,0.0
692325,0.0
692326,0.0
692327,0.0
692328,0.0
692329,0.0
692330,0.0
692331,0.0
692332,0.0
692333,0.0
692334,0.0
692335,0.0
692336,0.0
692337,0.0
692338,0.0
692339,0.0
692340,0.0
692341,0.0
692342,0.0
692343,0.0
692344,2.889263e-10
692345,0.0
692346,0.0
692347,0.0
692348,0.0
692349,0.0
692350,0.0
692351,0.0
692352,0.0
692353,0.0
692354,0.0
692355,0.0
692356,0.0
692357,0.0
692358,0.0
692359,0.0
692360,0.0
692361,0.0
692362,0.0
692363,0.0
692364,0.0
692365,0.0
692366,0.0
692367,0.0
692368,0.0
692369,0.0
692370,0.0
692371,0.0
692372,0.0
692373,0.0
692374,0.0
692375,0.0
692376,0.0
692377,0.0
692378,0.0
692379,0.0
692380,0.0
692381,0.0
692382,0.0
692383,0.0
692384,0.0
692385,0.0
692386,0.0
692387,0.0
692388,0.0
692389,0.0
692390,0.0
692391,0.0
692392,0.0
692393,0.0
692394,0.0
692395,0.0
692396,0.0
692397,0.0
692398,0.0
692399,0.0
692400,0.0
692401,0.0
692402,0.0
692403,0.0
692404,0.0
692405,0.0
692406,0.0
692407,0.0
692408,0.0
692409,0.0
692410,0.0
692411,0.0
692412,0.0
692413,0.0
692414,0.0
692415,0.0
692416,0.0
692417,0.0
692418,0.0
692419,0.0
692420,3.7524064e-11
692421,0.0
692422,0.0
692423,0.0
692424,0.0
692425,0.0
692426,0.0
692427,0.0
692428,0.0
692429,0.0
692430,0.0
692431,0.0
692432,0.0
692433,0.0
692434,0.0
692435,0.0
692436,0.0
692437,0.0
692438,0.0
692439,0.0
692440,0.0
692441,0.0
692442,0.0
692443,0.0
692444,0.0
692445,0.0
692446,0.0
692447,0.0
692448,0.0
692449,0.0
692450,0.0
692451,0.0
692452,0.0
692453,0.0
692454,0.0
692455,0.0
692456,0.0
692457,0.0
692458,0.0
692459,0.0
692460,0.0
692461,0.0
692462,0.0
692463,0.0
692464,0.0
692465,0.0
692466,0.0
692467,0.0
692468,0.0
692469,0.0
692470,6.203547e-05
692471,0.0
692472,0.0
692473,0.0
692474,0.0
692475,0.0
692476,0.0
692477,0.0
692478,0.0
692479,0.0
692480,0.0
692481,0.0
692482,0.0
692483,0.0
692484,0.0
692485,0.0
692486,0.0
692487,0.0
692488,0.0
692489,0.0
692490,0.0
692491,0.0
692492,0.0
692493,0.0
692494,0.0
692495,0.0
692496,0.0
692497,0.0
692498,0.0
692499,0.0
692500,0.0
692501,0.0
692502,0.0
692503,0.0
692504,0.0
692505,0.0
692506,0.0
692507,0.0
692508,0.0
692509,0.0
692510,0.0
692511,0.0
692512,0.0
692513,0.0
692514,0.0
692515,0.0
692516,0.0
692517,0.0
692518,0.0
692519,0.0
692520,0.0
692521,0.0
692522,0.0
692523,0.0
692524,5.440207e-30
692525,0.0
692526,0.0
692527,0.0
692528,0.0
692529,0.0
692530,0.0
692531,0.0
692532,0.0
692533,0.0
692534,0.0
692535,0.0
692536,0.0
692537,0.0
692538,0.0
692539,0.0
692540,0.0
692541,0.0
692542,0.0
692543,0.0
692544,0.0
692545,0.0
692546,0.0
692547,0.0
692548,0.0
692549,0.0
692550,0.0
692551,0.0
692552,0.0
692553,0.0
692554,0.0
692555,0.0
692556,0.0
692557,0.0
692558,0.0
692559,0.0
692560,0.0
692561,0.0
692562,0.0
692563,0.0
692564,0.0
692565,0.0
692566,0.0
692567,0.0
692568,0.0
692569,0.0
692570,0.0
692571,0.0
692572,0.0
692573,0.0
692574,0.0
692575,0.0
692576,0.0
692577,0.0
692578,0.0
692579,0.0
692580,0.0
692581,0.0
692582,0.0
692583,0.0
692584,0.0
692585,0.0
692586,0.0
692587,0.0
692588,0.0
692589,0.0
692590,0.0
692591,0.0
692592,0.0
692593,0.0
692594,0.0
692595,0.0
692596,1.2517015e-20
692597,0.0
692598,0.0
692599,0.0
692600,0.0
692601,0.0
692602,0.0
692603,0.0
692604,2.5726053e-16
692605,0.0
692606,0.0
692607,0.0
692608,0.0
692609,0.0
692610,0.0
692611,0.0
692612,0.0
692613,0.0
692614,0.0
692615,0.0
692616,0.0
692617,0.0
692618,0.0
692619,0.0
692620,0.0
692621,0.0
692622,0.0
692623,0.0
692624,0.0
692625,0.0
692626,0.0
692627,0.0
692628,0.0
692629,0.0
692630,0.0
692631,0.0
692632,0.0
692633,0.0
692634,0.0
692635,0.0
692636,0.0
692637,0.0
692638,0.0
692639,0.0
692640,0.0
692641,0.0
692642,0.0
692643,0.0
692644,0.0
692645,0.0
692646,0.0
692647,0.0
692648,0.0
692649,0.0
692650,0.0
692651,0.0
692652,0.0
692653,0.0
692654,0.0
692655,0.0
692656,0.0
692657,0.0
692658,0.0
692659,0.0
692660,0.011876019
692661,0.0
692662,0.0
692663,0.0
692664,0.0
692665,0.0
692666,0.0
692667,0.0
692668,0.0
692669,0.0
692670,0.0
692671,0.0
692672,0.0
692673,0.0
692674,0.0
692675,0.0
692676,0.0
692677,0.0
692678,0.0
692679,7.428752e-26
692680,0.0
692681,0.0
692682,0.0
692683,0.0
692684,0.0
692685,0.0
692686,0.0
692687,0.0
692688,0.0
692689,0.0
692690,0.0
692691,0.0
692692,0.0
692693,0.0
692694,0.0
692695,0.0
692696,0.0
692697,0.0
692698,0.0
692699,0.0
692700,0.0
692701,0.0
692702,0.0
692703,0.0
692704,0.0
692705,0.0
692706,0.0
692707,0.0
692708,0.0
692709,0.0
692710,0.0
692711,0.0
692712,0.0
692713,0.0
692714,0.0
692715,0.0
692716,0.0
692717,0.0
692718,0.0
692719,0.0
692720,0.0
692721,0.0
692722,0.0
692723,0.0
692724,0.0
692725,0.0
692726,0.0
692727,0.0
692728,0.0
692729,0.0
692730,0.0
692731,0.0
692732,0.0
692733,0.0
692734,0.0
692735,0.0
692736,0.0
692737,0.0
692738,0.0
692739,0.0
692740,0.0
692741,0.0
692742,0.0
692743,0.0
692744,0.0
692745,0.0
692746,0.0
692747,0.0
692748,0.0
692749,0.0
692750,0.0
692751,0.0
692752,0.0
692753,0.0
692754,0.0
692755,0.0
692756,0.0
692757,0.0
692758,0.0
692759,6.263285e-31
692760,0.0
692761,0.0
692762,0.0
692763,0.0
692764,0.0
692765,0.0
692766,0.0
692767,0.0
692768,0.0
692769,0.0
692770,0.0
692771,0.0
692772,0.0
692773,0.0
692774,0.0
692775,0.0
692776,0.0
692777,0.0
692778,0.0
692779,0.0
692780,0.0
692781,0.0
692782,0.0
692783,0.0
692784,0.0
692785,0.0
692786,0.0
692787,0.0
692788,0.0
692789,0.0
692790,0.0
692791,0.0
692792,0.0
692793,0.0
692794,0.0
692795,0.0
692796,0.0
692797,0.0
692798,0.0
692799,0.0
692800,0.0
692801,0.0
692802,0.0
692803,0.0
692804,0.0
692805,0.0
692806,0.0
692807,8.764502e-11
692808,0.0
692809,0.0
692810,0.0
692811,0.0
692812,0.0
692813,0.0
692814,0.0
692815,0.0
692816,0.0
692817,0.0
692818,0.0
692819,0.0
692820,0.0
692821,0.0
692822,0.0
692823,0.0
692824,0.0
692825,0.0
692826,0.0
692827,0.0
692828,0.0
692829,0.0
692830,0.0
692831,0.0
692832,0.0
692833,0.0
692834,0.0
692835,0.0
692836,0.0
692837,0.0
692838,0.0
692839,0.0
692840,0.0
692841,0.0
692842,0.0
692843,0.0
692844,0.0
692845,0.0
692846,0.0
692847,0.0
692848,0.0
692849,0.0
692850,0.0
692851,0.0
692852,0.0
692853,0.0
692854,0.0
692855,0.0
692856,0.0
692857,0.0
692858,0.0
692859,0.0
692860,0.0
692861,3.6263085e-16
692862,0.0
692863,0.0
692864,0.0
692865,0.0
692866,0.0
692867,0.0
692868,0.0
692869,0.0
692870,0.0
692871,0.0
692872,0.0
692873,0.0
692874,0.0
692875,0.0
692876,0.0
692877,0.0
692878,0.0
692879,0.0
692880,0.0
692881,0.0
692882,0.0
692883,0.0
692884,0.0
692885,0.0
692886,0.0
692887,0.0
692888,0.0
692889,0.0
692890,0.0
692891,0.0
692892,0.0
692893,0.0
692894,0.0
692895,0.0
692896,0.0
692897,0.0
692898,0.0
692899,0.0
692900,0.0
692901,0.0
692902,0.0
692903,0.0
692904,0.0
692905,0.0
692906,0.0
692907,0.0
692908,0.0
692909,0.0
692910,0.0
692911,0.0
692912,0.0
692913,0.0
692914,0.0
692915,0.0
692916,0.0
692917,0.0
692918,0.0
692919,0.0
692920,0.0
692921,0.0
692922,0.0
692923,0.0
692924,0.0
692925,0.0
692926,0.0
692927,0.0
692928,0.0
692929,0.0
692930,0.0
692931,0.0
692932,0.0
692933,0.0
692934,0.0
692935,0.0
692936,0.0
692937,0.0
692938,0.0
692939,0.0
692940,0.0
692941,0.0
692942,0.0
692943,0.0
692944,0.0
692945,0.0
692946,0.0
692947,0.0
692948,0.0
692949,0.0
692950,0.0
692951,0.0
692952,0.0
692953,0.0
692954,0.0
692955,0.0
692956,0.0
692957,0.0
692958,0.0
692959,0.0
692960,0.0
692961,0.0
692962,0.0
692963,0.0
692964,0.0
692965,0.0
692966,0.0
692967,0.0
692968,0.0
692969,0.0
692970,0.0
692971,0.0
692972,0.0
692973,0.0
692974,0.0
692975,0.0
692976,0.0
692977,0.0
692978,0.0
692979,0.0
692980,0.0
692981,0.0
692982,0.0
692983,0.0
692984,0.0
692985,0.0
692986,0.0
692987,0.0
692988,0.0
692989,0.0
692990,0.0
692991,0.0
692992,0.0
692993,0.0
692994,0.0
692995,0.0
692996,0.0
692997,0.0
692998,0.0
692999,0.0
693000,0.0
693001,0.0
693002,0.0
693003,0.0
693004,0.0
693005,0.0
693006,0.0
693007,0.0
693008,0.0
693009,0.0
693010,0.0
693011,0.0
693012,0.0
693013,0.0
693014,0.0
693015,0.0
693016,0.0
693017,0.0
693018,0.0
693019,0.0
693020,0.0
693021,0.0
693022,0.0
693023,0.0
693024,0.0
693025,0.0
693026,0.0
693027,0.0
693028,0.0
693029,0.0
693030,0.0
693031,0.0
693032,0.0
693033,0.0
693034,0.0
693035,0.0
693036,0.0
693037,0.0
693038,0.0
693039,0.0
693040,0.0
693041,0.0
693042,0.0
693043,0.0
693044,0.0
693045,0.0
693046,0.0
693047,0.0
693048,0.0
693049,0.0
693050,0.0
693051,0.0
693052,0.0
693053,0.0
693054,0.0
693055,0.0
693056,0.0
693057,0.0
693058,0.0
693059,0.0
693060,0.0
693061,0.0
693062,0.0
693063,0.0
693064,0.0
693065,0.0
693066,0.0
693067,0.0
693068,0.0
693069,0.0
693070,0.0
693071,0.0
693072,0.0
693073,0.0
693074,0.0
693075,0.0
693076,0.0
693077,0.0
693078,0.0
693079,0.0
693080,0.0
693081,0.0
693082,0.0
693083,0.0
693084,0.0
693085,0.0
693086,0.0
693087,0.0
693088,0.0
693089,0.0
693090,0.0
693091,0.0
693092,0.0
693093,0.0
693094,0.0
693095,0.0
693096,0.0
693097,0.0
693098,0.0
693099,0.0
693100,0.0
693101,0.0
693102,0.0
693103,0.0
693104,0.0
693105,0.0
693106,0.0
693107,0.0
693108,0.0
693109,0.0
693110,0.0
693111,0.0
693112,0.0
693113,0.0
693114,0.0
693115,0.0
693116,0.0
693117,0.0
693118,0.0
693119,0.0
693120,0.0
693121,0.0
693122,0.0
693123,0.0
693124,0.0
693125,0.0
693126,0.0
693127,0.0
693128,0.0
693129,0.0
693130,0.0
693131,0.0
693132,0.0
693133,0.0
693134,0.0
693135,0.0
693136,0.0
693137,0.0
693138,0.0
693139,0.0
693140,0.0
693141,0.0
693142,0.0
693143,0.0
693144,0.0
693145,0.0
693146,0.0
693147,0.0
693148,0.0
693149,0.0
693150,0.0
693151,4.600492e-26
693152,0.0
693153,0.0
693154,0.0
693155,0.0
693156,0.0
693157,0.0
693158,0.0
693159,0.0
693160,0.0
693161,0.0
693162,0.0
693163,0.0
693164,0.0
693165,0.0
693166,0.0
693167,0.0
693168,0.0
693169,0.0
693170,0.0
693171,0.0
693172,0.0
693173,0.0
693174,0.0
693175,0.0
693176,0.0
693177,0.0
693178,0.0
693179,0.0
693180,0.0
693181,0.0
693182,0.0
693183,0.0
693184,0.0
693185,0.0
693186,0.0
693187,0.0
693188,0.0
693189,0.0
693190,0.0
693191,0.0
693192,0.0
693193,0.0
693194,0.0
693195,0.0
693196,0.0
693197,0.0
693198,0.0
693199,0.0
693200,0.0
693201,0.0
693202,0.0
693203,0.0
693204,0.0
693205,0.0
693206,0.0
693207,0.0
693208,0.0
693209,0.0
693210,0.0
693211,0.0
693212,0.0
693213,0.0
693214,0.0
693215,0.0
693216,0.0
693217,0.0
693218,0.0
693219,0.0
693220,0.0
693221,0.0
693222,0.0
693223,0.0
693224,0.0
693225,0.0
693226,0.0
693227,0.0
693228,0.0
693229,0.0
693230,0.0
693231,0.16407365
693232,0.0
693233,0.0
693234,0.0
693235,0.0
693236,0.0
693237,0.0
693238,2.6885684e-07
693239,0.0
693240,0.0
693241,0.0
693242,0.0
693243,0.0
693244,0.0
693245,0.0
693246,0.0
693247,0.0
693248,0.0
693249,0.0
693250,0.34715217
693251,0.0
693252,0.0
693253,0.0
693254,0.0
693255,0.0
693256,0.0
693257,0.0
693258,4.6909792e-33
693259,0.0
693260,0.0
693261,1.4935157e-33
693262,0.0
693263,0.0
693264,0.0
693265,0.0
693266,0.0
693267,0.0
693268,0.0
693269,0.0
693270,0.0
693271,0.0
693272,0.0
693273,0.0
693274,0.0
693275,0.0
693276,0.0
693277,0.0
693278,0.0
693279,0.0
693280,0.0
693281,0.0
693282,0.0
693283,0.0
693284,0.0
693285,0.0
693286,0.0
693287,0.0
693288,0.0
693289,0.0
693290,0.0
693291,0.0
693292,0.0
693293,0.0
693294,0.0
693295,0.0
693296,0.0
693297,0.0
693298,0.0
693299,0.0
693300,0.0
693301,0.0
693302,0.0
693303,0.0
693304,0.0
693305,0.0
693306,0.0
693307,0.0
693308,0.0
693309,0.0
693310,0.0
693311,8.865094e-37
693312,0.0
693313,0.0
693314,0.0
693315,0.0
693316,0.0
693317,0.0
693318,0.0
693319,0.0
693320,0.0
693321,0.0
693322,0.0
693323,0.0
693324,0.0
693325,0.0
693326,0.0
693327,0.0
693328,0.0
693329,0.0
693330,0.0
693331,0.0
693332,0.0
693333,0.0
693334,0.0
693335,0.0
693336,0.0
693337,0.0
693338,0.0
693339,0.0
693340,0.0
693341,0.0
693342,0.0
693343,0.0
693344,0.0
693345,0.0
693346,0.0
693347,0.0
693348,0.0
693349,0.0
693350,0.0
693351,0.0
693352,0.0
693353,0.0
693354,0.0
693355,0.0
693356,0.0
693357,0.0
693358,0.0
693359,0.0
693360,0.0
693361,0.0
693362,0.0
693363,0.0
693364,0.0
693365,0.0
693366,0.0
693367,0.0
693368,0.0
693369,0.0
693370,0.0
693371,0.0
693372,0.0
693373,0.0
693374,0.0
693375,0.0
693376,0.0
693377,0.0
693378,0.0
693379,0.0
693380,0.0
693381,0.0
693382,0.0
693383,0.0
693384,0.0
693385,0.0
693386,0.0
693387,0.0
693388,0.0
693389,0.0
693390,0.0
693391,0.0
693392,0.0
693393,0.0
693394,0.0
693395,0.0
693396,0.0
693397,0.0
693398,0.0
693399,0.0
693400,0.0
693401,1.4089696e-35
693402,0.0
693403,0.0
693404,0.0
693405,0.0
693406,0.0
693407,0.0
693408,1.7309303e-25
693409,0.0
693410,0.0
693411,0.0
693412,0.0
693413,0.0
693414,0.0
693415,0.0
693416,0.0
693417,0.0
693418,0.0
693419,0.0
693420,0.0
693421,0.0
693422,0.0
693423,0.0
693424,0.0
693425,0.0
693426,0.0
693427,0.0
693428,0.0
693429,0.0
693430,0.0
693431,0.0
693432,0.0
693433,0.0
693434,0.0
693435,0.0
693436,0.0
693437,0.0
693438,0.0
693439,0.0
693440,0.0
693441,0.0
693442,0.0
693443,0.0
693444,0.0
693445,0.0
693446,0.0
693447,0.0
693448,0.0
693449,0.0
693450,0.0
693451,0.0
693452,0.0
693453,0.0
693454,0.0
693455,0.0
693456,0.0
693457,0.0
693458,0.0
693459,0.0
693460,0.0
693461,0.0
693462,0.0
693463,0.0
693464,0.0
693465,0.0
693466,0.0
693467,0.0
693468,0.0
693469,0.0
693470,0.0
693471,0.0
693472,0.0
693473,0.0
693474,0.0
693475,0.0
693476,0.0
693477,0.0
693478,0.0
693479,0.0
693480,0.0
693481,0.0
693482,0.0
693483,0.0
693484,0.0
693485,0.0
693486,0.0
693487,0.0
693488,0.0
693489,0.0
693490,0.0
693491,0.0
693492,0.0
693493,0.0
693494,0.0
693495,0.0
693496,0.0
693497,0.0
693498,0.0
693499,0.0
693500,0.0
693501,0.0
693502,0.0
693503,0.0
693504,0.0
693505,0.0
693506,0.0
693507,0.0
693508,0.0
693509,0.0
693510,0.0
693511,0.0
693512,0.0
693513,0.0
693514,0.0
693515,0.0
693516,0.0
693517,0.0
693518,0.0
693519,0.0
693520,0.0
693521,0.0
693522,0.0
693523,0.0
693524,0.0
693525,0.0
693526,0.0
693527,0.0
693528,0.0
693529,0.0
693530,0.0
693531,0.0
693532,0.0
693533,0.0
693534,0.0
693535,0.0
693536,0.0
693537,0.0
693538,0.0
693539,0.0
693540,0.0
693541,0.0
693542,0.0
693543,0.0
693544,0.0
693545,0.0
693546,0.0
693547,0.0
693548,0.0
693549,0.0
693550,0.0
693551,0.0
693552,0.0
693553,0.0
693554,0.0
693555,0.0
693556,0.0
693557,0.0
693558,0.0
693559,0.0
693560,0.0
693561,0.0
693562,0.0
693563,0.0
693564,0.0
693565,0.0
693566,0.0
693567,0.0
693568,0.0
693569,0.0
693570,0.0
693571,0.0
693572,0.0
693573,0.0
693574,0.0
693575,0.0
693576,0.0
693577,0.0
693578,0.0
693579,0.0
693580,0.0
693581,0.0
693582,0.0
693583,0.0
693584,0.0
693585,0.0
693586,0.0
693587,0.0
693588,0.0
693589,0.0
693590,0.0
693591,0.0
693592,0.0
693593,0.0
693594,0.0
693595,0.0
693596,0.0
693597,0.0
693598,0.0
693599,0.0
693600,0.0
693601,0.0
693602,0.0
693603,0.0
693604,0.0
693605,6.864737e-14
693606,0.0
693607,0.0
693608,0.0
693609,0.0
693610,0.0
693611,0.0
693612,0.0
693613,0.0
693614,0.0
693615,0.0
693616,0.0
693617,0.0
693618,0.0
693619,0.0
693620,0.0
693621,0.0
693622,0.0
693623,0.0
693624,8.206098e-11
693625,0.0
693626,0.0
693627,0.0
693628,0.0
693629,0.0
693630,0.0
693631,0.0
693632,0.0
693633,0.015436323
693634,0.0
693635,0.0
693636,0.0
693637,0.0
693638,0.0
693639,0.0
693640,0.0
693641,0.0
693642,0.0
693643,0.0
693644,0.0
693645,0.0
693646,0.0
693647,0.0
693648,0.0
693649,0.0
693650,0.0
693651,0.0
693652,0.0
693653,0.0
693654,0.0
693655,0.0
693656,0.0
693657,0.0
693658,0.0
693659,0.0
693660,0.0
693661,0.0
693662,0.0
693663,0.0
693664,0.0
693665,0.0
693666,0.0
693667,0.0
693668,0.0
693669,0.0
693670,0.0
693671,0.0
693672,0.0
693673,0.0
693674,0.0
693675,0.0
693676,0.0
693677,0.0
693678,0.0
693679,0.0
693680,0.0
693681,0.0
693682,0.0
693683,0.0
693684,0.0
693685,0.0
693686,0.0
693687,0.0
693688,0.0
693689,0.0
693690,0.0
693691,0.0
693692,0.0
693693,0.0
693694,0.0
693695,0.0
693696,0.0
693697,0.0
693698,0.0
693699,0.0
693700,0.0
693701,0.0
693702,0.0
693703,0.0
693704,0.0
693705,0.0
693706,0.0
693707,0.0
693708,0.0
693709,0.0
693710,0.0
693711,0.0
693712,0.0
693713,0.0
693714,0.0
693715,0.0
693716,0.0
693717,0.0
693718,0.0
693719,0.0
693720,0.0
693721,0.0
693722,0.0
693723,0.0
693724,0.0
693725,0.0
693726,0.0
693727,0.0
693728,0.0
693729,0.0
693730,0.0
693731,0.0
693732,0.0
693733,0.0
693734,0.0
693735,0.0
693736,0.0
693737,0.0
693738,0.0
693739,0.0
693740,0.0
693741,0.0
693742,0.0
693743,0.0
693744,0.0
693745,0.0
693746,0.0
693747,0.0
693748,0.0
693749,0.0
693750,0.0
693751,0.0
693752,0.0
693753,6.161145e-25
693754,0.0
693755,0.0
693756,0.0
693757,0.0
693758,0.0
693759,0.0
693760,0.0
693761,0.0
693762,0.0
693763,0.0
693764,0.0
693765,0.0
693766,2.249454e-16
693767,0.0
693768,0.0
693769,0.0
693770,0.0
693771,0.0
693772,0.0
693773,0.0
693774,0.0
693775,0.0
693776,0.0
693777,0.0
693778,0.0
693779,0.0
693780,0.0
693781,0.0
693782,0.0
693783,0.0
693784,0.0
693785,0.0
693786,0.0
693787,0.0
693788,0.0
693789,0.0
693790,0.0
693791,0.0
693792,0.0
693793,0.0
693794,0.0
693795,0.0
693796,0.0
693797,0.0
693798,0.0
693799,0.0
693800,0.0
693801,0.0
693802,0.0
693803,0.0
693804,0.0
693805,0.0
693806,0.0
693807,0.0
693808,0.0
693809,0.0
693810,0.0
693811,0.0
693812,0.0
693813,0.0
693814,0.0
693815,0.0
693816,0.0
693817,0.0
693818,0.0
693819,0.0
693820,0.0
693821,0.0
693822,0.0
693823,0.0
693824,0.0
693825,0.0
693826,0.0
693827,0.0
693828,0.0
693829,0.0
693830,0.0
693831,0.0
693832,0.0
693833,0.0
693834,0.0
693835,0.0
693836,0.0
693837,0.0
693838,0.0
693839,0.0
693840,0.0
693841,0.0
693842,0.0
693843,0.0
693844,0.0
693845,0.0
693846,0.0
693847,0.0
693848,0.0
693849,0.0
693850,0.0
693851,0.0
693852,0.0
693853,0.0
693854,0.0
693855,0.0
693856,0.0
693857,0.0
693858,0.0
693859,0.0
693860,0.0
693861,0.0
693862,0.0
693863,0.0
693864,0.0
693865,0.0
693866,0.0
693867,0.0
693868,0.0
693869,0.0
693870,0.0
693871,0.0
693872,0.0
693873,0.0
693874,0.0
693875,0.0
693876,0.0
693877,0.0
693878,0.0
693879,0.0
693880,0.0
693881,0.0
693882,0.0
693883,0.0
693884,0.0
693885,0.0
693886,0.0
693887,0.0
693888,0.0
693889,0.0
693890,0.0
693891,0.0
693892,0.0
693893,0.0
693894,0.0
693895,0.0
693896,0.0
693897,0.0
693898,0.0
693899,0.0
693900,0.0
693901,0.0
693902,0.0
693903,0.0
693904,0.0
693905,0.0
693906,0.0
693907,0.0
693908,0.0
693909,0.0
693910,0.0
693911,0.0
693912,0.0
693913,0.0
693914,0.0
693915,0.0
693916,0.0
693917,0.0
693918,0.0
693919,0.0
693920,0.0
693921,0.0
693922,0.0
693923,0.0
693924,0.0
693925,0.0
693926,0.0
693927,0.0
693928,0.0
693929,0.0
693930,0.0
693931,0.0
693932,0.0
693933,0.0
693934,0.0
693935,0.0
693936,0.0
693937,0.0
693938,0.0
693939,1.4338367e-33
693940,0.0
693941,0.0
693942,0.0
693943,0.0
693944,0.0
693945,0.0
693946,0.0
693947,0.0
693948,0.0
693949,0.0
693950,0.0
693951,0.0
693952,0.0
693953,0.0
693954,0.0
693955,0.0
693956,0.0
693957,0.0
693958,0.0
693959,0.0
693960,0.0
693961,0.0
693962,0.0
693963,0.0
693964,0.0
693965,0.0
693966,0.0
693967,0.0
693968,0.0
693969,0.0
693970,0.0
693971,0.0
693972,0.0
693973,0.0003932448
693974,0.0
693975,0.0
693976,0.0
693977,0.0
693978,0.0
693979,0.06901913
693980,0.0
693981,0.0
693982,0.0
693983,0.0
693984,0.0
693985,0.0
693986,0.0
693987,0.0
693988,0.0
693989,0.0
693990,0.0
693991,0.0
693992,0.0
693993,0.0
693994,0.0
693995,0.0
693996,0.0
693997,0.0
693998,0.0
693999,0.0
694000,0.0
694001,0.0
694002,0.0
694003,0.0
694004,0.0
694005,0.0
694006,0.0
694007,0.0
694008,0.0
694009,0.0
694010,0.0
694011,0.0
694012,0.0
694013,0.0
694014,0.0
694015,0.0
694016,0.0
694017,0.0
694018,0.0
694019,0.0
694020,0.0
694021,0.0
694022,0.0
694023,0.0
694024,0.0
694025,0.0
694026,0.0
694027,0.0
694028,0.0
694029,0.0
694030,0.0
694031,0.0
694032,0.0
694033,0.0
694034,0.0
694035,0.0
694036,0.0
694037,0.0
694038,0.99988854
694039,0.0
694040,0.0
694041,0.0
694042,0.0
694043,0.0
694044,0.0
694045,2.0484017e-38
694046,0.0
694047,0.0
694048,0.36242384
694049,0.0
694050,0.0
694051,0.0
694052,0.0
694053,0.0
694054,0.0
694055,0.0
694056,0.0
694057,0.0
694058,0.0
694059,0.0
694060,0.0
694061,0.0
694062,0.0
694063,0.0
694064,0.0
694065,0.0
694066,0.0
694067,0.0
694068,0.0
694069,0.0
694070,0.0
694071,0.0
694072,0.0
694073,0.0
694074,0.0
694075,0.0
694076,0.0
694077,0.0
694078,0.0
694079,0.0
694080,0.0
694081,0.0
694082,0.0
694083,8.4424356e-10
694084,0.0
694085,0.0
694086,0.0
694087,0.0
694088,0.0
694089,0.0
694090,0.0
694091,0.0
694092,0.0
694093,0.0
694094,0.0
694095,0.0
694096,0.0
694097,0.0
694098,0.0
694099,0.0
694100,0.0
694101,0.0
694102,0.0
694103,0.0
694104,0.0
694105,0.0
694106,6.8858804e-05
694107,0.0
694108,0.0
694109,0.0
694110,0.0
694111,0.0
694112,0.0
694113,0.0
694114,0.0
694115,0.0
694116,0.0
694117,0.0
694118,0.0
694119,0.0
694120,0.0
694121,0.0
694122,0.0
694123,0.0
694124,0.0
694125,0.0
694126,0.0
694127,0.0
694128,0.0
694129,0.0
694130,0.0
694131,0.0
694132,0.0
694133,0.0
694134,0.0
694135,0.0
694136,0.0
694137,0.0
694138,0.0
694139,0.0
694140,0.0
694141,0.0
694142,0.0
694143,0.0
694144,0.0
694145,0.0
694146,5.914725e-26
694147,0.0
694148,0.0
694149,0.0
694150,0.0
694151,0.0
694152,0.0
694153,0.0
694154,0.0
694155,0.0
694156,0.0
694157,0.0
694158,0.0
694159,0.0
694160,0.0
694161,0.0
694162,0.0
694163,0.0
694164,0.0
694165,0.0
694166,0.0
694167,0.0
694168,0.0
694169,0.0
694170,0.0
694171,0.0
694172,0.0
694173,0.0
694174,0.0
694175,0.0
694176,0.0
694177,0.0
694178,0.0
694179,0.0
694180,0.0
694181,0.0
694182,0.0
694183,0.0
694184,0.0
694185,0.0
694186,0.0
694187,0.0
694188,0.0
694189,0.0
694190,0.0
694191,0.0
694192,0.0
694193,0.0
694194,0.0
694195,0.0
694196,0.0
694197,0.0
694198,0.0
694199,0.0
694200,0.0
694201,0.0
694202,0.0
694203,0.0
694204,0.0
694205,0.0
694206,0.0
694207,0.0
694208,0.0
694209,0.0
694210,0.0
694211,0.0
694212,0.0
694213,0.0
694214,0.0
694215,0.0
694216,0.0
694217,0.0
694218,0.0
694219,0.0
694220,0.0
694221,0.0
694222,0.0
694223,0.0
694224,0.0
694225,0.0
694226,0.0
694227,0.0
694228,0.0
694229,0.0
694230,0.0
694231,0.0
694232,0.0
694233,0.0
694234,0.0
694235,0.0
694236,0.0
694237,0.13755625
694238,0.0
694239,0.0
694240,0.0
694241,0.0
694242,0.0
694243,0.0
694244,0.0
694245,0.0
694246,0.0
694247,0.0
694248,0.0
694249,0.0
694250,0.0
694251,0.0
694252,0.0
694253,0.0
694254,0.0
694255,0.0
694256,0.0
694257,0.0
694258,0.0
694259,0.0
694260,0.0
694261,0.0
694262,0.0
694263,0.0
694264,0.0
694265,0.0
694266,0.0
694267,0.0
694268,0.0
694269,0.0
694270,0.0
694271,0.0
694272,0.0
694273,0.0
694274,0.0
694275,0.0
694276,0.0
694277,0.0
694278,0.0
694279,0.0
694280,0.0
694281,0.0
694282,0.0
694283,0.0
694284,0.0
694285,0.0
694286,0.0
694287,0.0
694288,0.0
694289,0.0
694290,0.0
694291,0.0
694292,0.0
694293,0.0
694294,0.0
694295,0.0
694296,0.0
694297,0.0
694298,0.0
694299,0.0
694300,0.0
694301,0.0
694302,0.0
694303,0.0
694304,0.0
694305,0.0
694306,0.0
694307,0.0
694308,0.0
694309,0.0
694310,0.0
694311,0.0
694312,0.0
694313,0.0
694314,0.0
694315,0.0
694316,0.0
694317,0.0
694318,0.0
694319,0.0
694320,0.0
694321,0.0
694322,0.0
694323,0.0
694324,0.0
694325,0.0
694326,0.0
694327,0.0
694328,0.0
694329,0.0
694330,0.0
694331,0.0
694332,0.0
694333,0.0
694334,0.0
694335,0.0
694336,0.0
694337,0.0
694338,0.0
694339,0.0
694340,0.0
694341,0.0
694342,0.0
694343,0.0
694344,0.0
694345,0.0
694346,0.0
694347,0.0
694348,0.0
694349,0.0
694350,2.28576e-22
694351,0.0
694352,0.0
694353,0.0
694354,0.0
694355,0.0
694356,0.0
694357,0.0
694358,0.0
694359,0.0
694360,0.0
694361,0.0
694362,0.0
694363,0.0
694364,0.0
694365,0.0
694366,0.0
694367,0.0
694368,0.0
694369,0.0
694370,0.0
694371,0.0
694372,0.0
694373,0.0
694374,0.0
694375,0.0
694376,0.0
694377,0.0
694378,0.0
694379,0.0
694380,0.0
694381,0.0
694382,0.0
694383,0.0
694384,0.0
694385,0.0
694386,0.0
694387,0.0
694388,0.0
694389,0.0
694390,0.0
694391,0.0
694392,0.0
694393,0.0
694394,0.0
694395,0.0
694396,0.0
694397,0.0
694398,0.0
694399,0.0
694400,0.0
694401,0.0
694402,0.0
694403,0.0
694404,0.0
694405,0.0
694406,0.0
694407,0.0
694408,0.0
694409,0.0
694410,0.0
694411,0.0
694412,0.0
694413,0.0
694414,0.0
694415,0.0
694416,0.0
694417,0.0
694418,0.0
694419,0.0
694420,0.0
694421,0.0
694422,0.0
694423,0.0
694424,0.0
694425,0.0
694426,0.0
694427,0.0
694428,0.0
694429,0.0
694430,0.0
694431,0.0
694432,0.0
694433,0.0
694434,0.0
694435,0.0
694436,0.0
694437,0.0
694438,0.0
694439,0.0
694440,0.0
694441,0.0
694442,0.0
694443,2.2451116e-35
694444,0.0
694445,0.0
694446,0.0
694447,0.0
694448,0.0
694449,0.0
694450,0.0
694451,0.0
694452,0.0
694453,0.0
694454,0.0
694455,0.0
694456,0.0
694457,0.0
694458,0.0
694459,0.0
694460,0.0
694461,0.0
694462,0.0
694463,0.0
694464,0.0
694465,0.0
694466,0.0
694467,0.0
694468,0.0
694469,0.0
694470,0.0
694471,0.0
694472,0.0
694473,0.0
694474,0.0
694475,0.0
694476,0.0
694477,0.0
694478,0.0
694479,0.0
694480,0.0
694481,0.0
694482,1.0116166e-10
694483,0.0
694484,0.0
694485,0.0
694486,0.0
694487,0.0
694488,0.0
694489,0.0
694490,0.0
694491,0.0
694492,0.0
694493,0.0
694494,0.0
694495,0.0
694496,0.0
694497,0.0
694498,7.985568e-39
694499,0.0
694500,0.0
694501,0.0
694502,0.0
694503,0.0
694504,0.0
694505,0.0
694506,0.0
694507,0.0
694508,0.0
694509,0.0
694510,0.0
694511,0.0
694512,0.03228527
694513,0.0
694514,0.0
694515,0.0
694516,0.0
694517,0.0
694518,0.0
694519,0.0
694520,0.0
694521,0.0
694522,0.0
694523,0.0
694524,0.0
694525,0.0
694526,0.0
694527,0.0
694528,0.0
694529,0.0
694530,0.0
694531,0.0
694532,0.0
694533,0.0
694534,0.0
694535,0.0
694536,0.0
694537,0.0
694538,0.0
694539,0.0
694540,0.0
694541,9.571606e-29
694542,0.0
694543,0.0
694544,0.0
694545,0.0
694546,0.0
694547,0.0
694548,0.0
694549,0.0
694550,1.5626134e-26
694551,0.0
694552,0.0
694553,0.0
694554,0.0
694555,0.0
694556,0.0
694557,0.0
694558,0.0
694559,0.0
694560,0.0
694561,0.0
694562,0.0
694563,0.0
694564,0.0
694565,0.0
694566,0.0
694567,0.0
694568,0.0
694569,0.0
694570,0.0
694571,0.0
694572,0.0
694573,0.0
694574,0.0
694575,0.0
694576,0.0
694577,0.0
694578,0.0
694579,0.0
694580,0.0
694581,0.0
694582,0.0
694583,0.0
694584,0.0
694585,0.0
694586,0.0
694587,0.0
694588,0.0
694589,0.0
694590,0.0
694591,0.0
694592,0.0
694593,0.0
694594,0.0
694595,0.0
694596,0.0
694597,0.0
694598,0.0
694599,0.0
694600,0.0
694601,0.0
694602,0.0
694603,0.0
694604,0.0
694605,0.0
694606,0.0
694607,0.0
694608,0.0
694609,0.0
694610,0.0
694611,0.0
694612,0.0
694613,0.0
694614,0.0
694615,0.0
694616,0.0
694617,0.0
694618,0.0
694619,0.0
694620,0.0
694621,0.0
694622,0.0
694623,0.0
694624,0.0
694625,0.0
694626,0.0
694627,0.0
694628,0.0
694629,0.0
694630,0.0
694631,0.0
694632,0.0
694633,0.0
694634,0.0
694635,0.0
694636,0.0
694637,0.0
694638,0.0
694639,0.0
694640,0.0
694641,0.0
694642,0.0
694643,0.0
694644,0.0
694645,0.0
694646,0.0
694647,0.0
694648,0.0
694649,0.0
694650,0.0
694651,0.0
694652,0.0
694653,0.0
694654,0.0
694655,0.0
694656,0.0
694657,0.0
694658,0.0
694659,0.0
694660,0.0
694661,0.0
694662,0.0
694663,0.0
694664,0.0
694665,0.0
694666,0.0
694667,0.0
694668,0.0
694669,0.0
694670,0.0
694671,0.0
694672,0.0
694673,0.0
694674,0.0
694675,0.0
694676,0.0
694677,0.0
694678,0.0
694679,0.0
694680,0.0
694681,0.0
694682,0.0
694683,0.0
694684,0.0
694685,0.0
694686,0.0
694687,0.0
694688,0.0
694689,0.6526109
694690,0.0
694691,0.0
694692,0.0
694693,0.0
694694,0.0
694695,0.0
694696,0.0
694697,0.0
694698,0.0
694699,0.0
694700,0.0
694701,0.0
694702,0.0
694703,0.0
694704,0.0
694705,0.0
694706,0.0
694707,0.0
694708,0.0
694709,0.0
694710,0.0
694711,0.0
694712,0.0
694713,0.0
694714,0.0
694715,0.0
694716,0.0
694717,0.0
694718,0.0
694719,0.0
694720,0.0
694721,0.0
694722,0.0
694723,0.0
694724,0.0
694725,0.0
694726,0.0
694727,0.0
694728,0.0
694729,0.0
694730,0.0
694731,0.0
694732,0.0
694733,0.0
694734,0.0
694735,0.0
694736,0.0
694737,0.0
694738,0.0
694739,0.0
694740,0.0
694741,0.0
694742,0.0
694743,0.0
694744,0.0
694745,0.0
694746,0.0
694747,0.0
694748,0.0
694749,0.0
694750,0.0
694751,0.0
694752,0.0
694753,0.0
694754,0.0
694755,0.0
694756,0.0
694757,0.0
694758,0.0
694759,0.0
694760,0.0
694761,0.0
694762,0.0
694763,0.0
694764,0.0
694765,0.0
694766,0.0
694767,0.0
694768,0.0
694769,0.0
694770,0.0
694771,0.0
694772,0.0
694773,0.0
694774,0.0
694775,0.0
694776,0.0
694777,0.0
694778,0.0
694779,0.0
694780,0.0
694781,0.0
694782,0.0
694783,0.0
694784,0.0
694785,0.0
694786,0.0
694787,0.0
694788,0.0
694789,0.0
694790,0.0
694791,0.0
694792,0.0
694793,0.0
694794,0.0
694795,0.0
694796,0.0
694797,0.0
694798,0.0
694799,0.0
694800,0.0
694801,0.0
694802,0.0
694803,0.0
694804,0.0
694805,0.0
694806,0.0
694807,0.0
694808,0.0
694809,0.0
694810,0.0
694811,0.0
694812,0.0
694813,0.0
694814,0.0
694815,0.0
694816,0.0
694817,0.0
694818,0.0
694819,0.0
694820,0.0
694821,0.0
694822,0.0
694823,0.0
694824,0.0
694825,0.0
694826,0.0
694827,0.0
694828,0.0
694829,0.0
694830,0.0
694831,0.0
694832,0.0
694833,0.0
694834,0.0
694835,0.0
694836,0.0
694837,0.0
694838,0.0
694839,0.0
694840,0.0
694841,0.0
694842,0.0
694843,0.0
694844,0.0
694845,0.0
694846,0.0
694847,0.0
694848,0.0
694849,0.0
694850,0.0
694851,0.0
694852,0.0
694853,0.0
694854,0.0
694855,0.0
694856,0.0
694857,0.0
694858,0.0
694859,0.0
694860,0.0
694861,0.0
694862,0.0
694863,0.0
694864,0.0
694865,0.0
694866,0.0
694867,0.0
694868,0.0
694869,0.0
694870,0.0
694871,0.0
694872,0.0
694873,0.0
694874,0.0
694875,0.0
694876,0.0
694877,0.0
694878,0.0
694879,0.0
694880,0.0
694881,0.0
694882,0.0
694883,0.0
694884,0.0
694885,0.0
694886,0.0
694887,0.0
694888,0.0
694889,0.0
694890,0.0
694891,0.0
694892,0.0
694893,0.0
694894,0.0
694895,0.0
694896,0.0
694897,0.0
694898,0.0
694899,0.0
694900,0.0
694901,0.0
694902,0.0
694903,0.0
694904,0.0
694905,0.0
694906,0.0
694907,0.0
694908,0.0
694909,0.0
694910,0.0
694911,0.0
694912,0.0
694913,0.0
694914,0.0
694915,0.0
694916,0.0
694917,0.0
694918,0.0
694919,0.0
694920,0.0
694921,0.0
694922,0.0
694923,0.0
694924,0.0
694925,0.0
694926,0.0
694927,0.0
694928,0.0
694929,0.0
694930,0.0
694931,0.0
694932,0.0
694933,0.0
694934,0.0
694935,0.0
694936,0.0
694937,0.0
694938,0.0
694939,0.0
694940,0.0
694941,0.0
694942,0.0
694943,0.0
694944,0.36242384
694945,0.0
694946,0.0
694947,0.0
694948,0.0
694949,0.0
694950,0.0
694951,0.0
694952,0.0
694953,0.0
694954,0.0
694955,0.0
694956,0.0
694957,5.067484e-07
694958,0.0
694959,0.0
694960,0.0
694961,0.0
694962,0.0
694963,0.0
694964,0.0
694965,0.0
694966,0.0
694967,0.0
694968,0.0
694969,0.0
694970,0.0
694971,1.4150115e-06
694972,0.0
694973,0.0
694974,0.0
694975,0.0
694976,0.0
694977,0.0
694978,0.0
694979,0.0
694980,0.0
694981,0.0
694982,0.0
694983,0.0
694984,0.0
694985,0.0
694986,0.0
694987,0.0
694988,0.0
694989,0.0
694990,0.0
694991,0.0
694992,0.0
694993,0.0
694994,0.0
694995,0.0
694996,0.0
694997,0.0
694998,0.0
694999,0.0
695000,0.0
695001,0.0
695002,0.0
695003,0.0
695004,0.0
695005,0.0
695006,0.0
695007,0.0
695008,0.0
695009,0.0
695010,0.0
695011,0.0
695012,0.0
695013,0.0
695014,0.0
695015,0.0
695016,0.0
695017,0.0
695018,0.0
695019,0.0
695020,0.0
695021,0.0
695022,0.0
695023,0.0
695024,0.0
695025,0.0
695026,0.0
695027,0.0
695028,0.0
695029,0.0
695030,0.0
695031,0.0
695032,0.0
695033,0.0
695034,0.0
695035,0.0
695036,0.0
695037,0.0
695038,2.1362682e-06
695039,0.0
695040,0.0
695041,0.0
695042,0.0
695043,0.0
695044,0.0
695045,0.0
695046,0.0
695047,0.0
695048,0.0
695049,0.0
695050,0.0
695051,0.0
695052,0.0
695053,0.0
695054,0.0
695055,0.0
695056,0.0
695057,0.0
695058,0.0
695059,0.0
695060,0.0
695061,5.59878e-39
695062,0.0
695063,0.0
695064,6.018992e-19
695065,0.0
695066,0.0
695067,0.0
695068,0.0
695069,0.0
695070,0.0
695071,0.0
695072,0.0
695073,0.0
695074,0.0
695075,0.0
695076,0.0
695077,0.0
695078,0.0
695079,0.0
695080,0.0
695081,0.0
695082,0.0
695083,0.0
695084,0.0
695085,0.0
695086,0.0
695087,0.0
695088,0.0
695089,0.0
695090,0.0
695091,0.0
695092,0.0
695093,0.0
695094,0.0
695095,0.0
695096,0.0
695097,0.0
695098,0.0
695099,0.0
695100,0.0
695101,0.0
695102,0.0
695103,0.0
695104,0.0
695105,0.0
695106,0.0
695107,0.0
695108,5.313028e-38
695109,0.0
695110,0.0
695111,0.0
695112,0.0
695113,0.0
695114,0.0
695115,0.0
695116,0.0
695117,0.0
695118,0.0
695119,0.0
695120,0.0
695121,0.0
695122,0.0
695123,0.0
695124,0.0
695125,0.0
695126,0.0
695127,0.0
695128,0.0
695129,0.0
695130,0.0
695131,0.0
695132,0.0
695133,0.0
695134,0.0
695135,0.0
695136,0.0
695137,0.0
695138,0.0
695139,0.0
695140,0.0
695141,0.0
695142,0.0
695143,0.0
695144,0.0
695145,0.0
695146,0.0
695147,0.0
695148,0.0
695149,0.0
695150,0.0
695151,0.0
695152,0.0
695153,0.0
695154,0.0
695155,0.0
695156,0.0
695157,4.6333462e-30
695158,0.0
695159,0.0
695160,0.0
695161,0.0
695162,0.0
695163,0.0
695164,0.0
695165,0.0
695166,0.0
695167,0.0
695168,0.0
695169,0.0
695170,0.0
695171,0.0
695172,0.0
695173,0.0
695174,0.0
695175,0.0
695176,0.0
695177,0.0
695178,0.0
695179,0.0
695180,0.0
695181,0.0
695182,0.0
695183,0.0
695184,0.0
695185,0.0
695186,0.0
695187,0.0
695188,0.0
695189,0.0
695190,0.0
695191,0.0
695192,0.0
695193,0.0
695194,0.0
695195,0.0
695196,0.0
695197,0.0
695198,0.0
695199,0.0
695200,0.0
695201,0.0
695202,0.0
695203,0.0
695204,0.0
695205,0.0
695206,0.0
695207,0.0
695208,0.0
695209,0.0
695210,0.0
695211,0.0
695212,0.0
695213,0.0
695214,0.0
695215,0.0
695216,0.0
695217,0.0
695218,0.0
695219,0.0
695220,0.0
695221,0.0
695222,0.0
695223,0.0
695224,0.0
695225,0.0
695226,0.0
695227,0.0
695228,0.0
695229,0.0
695230,0.0
695231,0.0
695232,0.0
695233,0.0
695234,0.0
695235,0.0
695236,0.0
695237,0.0
695238,0.0
695239,0.0
695240,0.0
695241,0.0
695242,0.0
695243,0.0
695244,0.0
695245,0.0
695246,0.0
695247,0.0
695248,0.0
695249,0.0
695250,0.0
695251,0.0
695252,0.0
695253,0.0
695254,0.0
695255,0.0
695256,0.0
695257,0.0
695258,0.0
695259,0.0
695260,0.0
695261,0.0
695262,0.0
695263,0.0
695264,0.0
695265,0.0
695266,0.0
695267,0.0
695268,0.0
695269,0.0
695270,0.0
695271,0.0
695272,0.0
695273,0.0
695274,0.0
695275,0.0
695276,0.0
695277,0.0
695278,0.0
695279,0.0
695280,0.0
695281,0.0
695282,0.0
695283,0.0
695284,0.0
695285,0.0
695286,0.0
695287,0.0
695288,0.0
695289,3.3307782e-07
695290,0.0
695291,0.0
695292,0.0
695293,0.0
695294,0.0
695295,0.0
695296,0.0
695297,0.0
695298,0.0
695299,0.0
695300,0.0
695301,0.0
695302,0.0
695303,0.0
695304,0.0
695305,0.0
695306,0.0
695307,0.0
695308,1.9548227e-15
695309,0.0
695310,0.0
695311,0.0
695312,0.0
695313,0.0
695314,0.0
695315,0.0
695316,0.0
695317,0.0
695318,0.0
695319,3.2957377e-09
695320,0.0
695321,0.0
695322,0.0
695323,0.0
695324,0.0
695325,0.0
695326,0.0
695327,0.0
695328,0.0
695329,0.0
695330,0.0
695331,0.0
695332,0.0
695333,0.0
695334,0.0
695335,0.0
695336,0.0
695337,0.0
695338,0.0
695339,0.0
695340,0.0
695341,0.0
695342,0.0
695343,0.0
695344,0.0
695345,0.0
695346,0.0
695347,0.0
695348,2.1185283e-36
695349,0.0
695350,0.0
695351,0.0
695352,0.0
695353,0.0
695354,0.0
695355,0.0
695356,0.0
695357,0.0
695358,2.4296575e-27
695359,0.0
695360,0.0
695361,0.0
695362,0.0
695363,0.0
695364,0.0
695365,0.0
695366,0.0
695367,0.0
695368,0.0
695369,0.0
695370,0.0
695371,0.0
695372,0.0
695373,0.0
695374,0.0
695375,0.0
695376,0.0
695377,0.0
695378,0.0
695379,0.0
695380,0.0
695381,0.0
695382,0.0
695383,0.0
695384,0.0
695385,0.0
695386,0.0
695387,0.0
695388,0.0
695389,0.0
695390,0.0
695391,0.0
695392,0.0
695393,0.0
695394,0.0
695395,0.0
695396,0.0
695397,0.0
695398,0.0
695399,0.0
695400,0.0
695401,0.0
695402,0.0
695403,0.0
695404,0.0
695405,0.0
695406,0.0
695407,0.0
695408,0.0
695409,0.0
695410,0.0
695411,0.0
695412,0.0
695413,0.0
695414,0.0
695415,0.0
695416,0.0
695417,0.0
695418,0.0
695419,0.0
695420,0.0
695421,0.0
695422,0.0
695423,0.0
695424,0.0
695425,0.0
695426,0.0
695427,0.0
695428,0.0
695429,0.0
695430,0.0
695431,0.0
695432,0.0
695433,0.0
695434,0.0
695435,0.0
695436,0.0
695437,0.0
695438,0.0
695439,0.0
695440,0.0
695441,0.0
695442,0.0
695443,3.0512565e-25
695444,0.0
695445,0.0
695446,0.0
695447,0.0
695448,0.0
695449,0.0
695450,0.0
695451,0.0
695452,0.0
695453,0.0
695454,0.0
695455,0.0
695456,0.0
695457,0.0
695458,0.0
695459,0.0
695460,0.0
695461,0.0
695462,0.0
695463,0.0
695464,0.0
695465,0.0
695466,0.0
695467,0.0
695468,0.0
695469,0.0
695470,0.0
695471,0.0
695472,0.0
695473,0.0
695474,0.0
695475,0.0
695476,0.0
695477,0.0
695478,1.0316212e-38
695479,0.0
695480,0.0
695481,0.0
695482,0.0
695483,0.0
695484,0.0
695485,0.0
695486,0.0
695487,0.0
695488,0.0
695489,0.0
695490,0.0
695491,0.0
695492,0.0
695493,0.0
695494,0.0
695495,0.0
695496,0.0
695497,0.0
695498,0.0
695499,0.0
695500,5.793476e-31
695501,0.0
695502,0.0
695503,0.0
695504,0.0
695505,0.0
695506,0.0
695507,0.0
695508,0.0
695509,0.0
695510,0.0
695511,0.0
695512,8.48626e-27
695513,0.0
695514,0.0
695515,0.0
695516,0.0
695517,0.0
695518,0.0
695519,0.0
695520,0.0
695521,0.0
695522,0.0
695523,0.0
695524,0.0
695525,0.0
695526,0.0
695527,0.0
695528,0.0
695529,0.0
695530,0.0
695531,0.0
695532,0.0
695533,0.0
695534,0.0
695535,0.0
695536,0.0
695537,0.0
695538,0.0
695539,0.0
695540,0.0
695541,0.0
695542,0.0
695543,0.0
695544,0.0
695545,0.0
695546,0.0
695547,0.0
695548,0.0
695549,0.0
695550,0.0
695551,0.0
695552,0.0
695553,0.0
695554,0.0
695555,0.0
695556,0.0
695557,0.0
695558,0.0
695559,0.0
695560,0.0
695561,0.0
695562,0.0
695563,0.0
695564,0.0
695565,0.0
695566,0.0
695567,0.0
695568,0.0
695569,0.0
695570,0.0
695571,0.0
695572,0.0
695573,0.0
695574,0.0
695575,0.0
695576,0.0
695577,0.0
695578,0.0
695579,0.0
695580,0.0
695581,0.0
695582,0.0
695583,0.0
695584,0.0
695585,0.0
695586,0.0
695587,0.0
695588,0.0
695589,0.0
695590,0.0
695591,0.0
695592,0.0
695593,0.0
695594,0.0
695595,0.0
695596,0.0
695597,0.0
695598,0.0
695599,0.0
695600,0.0
695601,0.0
695602,0.0
695603,0.0
695604,0.0
695605,0.0
695606,0.0
695607,0.0
695608,0.0
695609,0.0
695610,0.0
695611,0.0
695612,0.0
695613,0.0
695614,0.0
695615,0.0
695616,0.0
695617,0.0
695618,0.0
695619,0.0
695620,0.0
695621,5.0459894e-14
695622,0.0
695623,0.0
695624,0.0
695625,0.0
695626,0.0
695627,0.0
695628,0.0
695629,0.0
695630,0.0
695631,6.1782244e-35
695632,0.0
695633,0.0
695634,0.0
695635,0.0
695636,0.0
695637,0.0
695638,0.0
695639,2.0776748e-05
695640,0.0
695641,0.0
695642,0.0
695643,0.0
695644,0.0
695645,0.0
695646,0.0
695647,0.0
695648,0.0
695649,0.0
695650,0.0
695651,0.0
695652,0.0
695653,0.0
695654,0.0
695655,0.0
695656,0.0
695657,0.0
695658,0.0
695659,0.0
695660,0.0
695661,0.0
695662,0.0
695663,0.0
695664,0.0
695665,0.0
695666,0.0
695667,0.0
695668,0.0
695669,0.0
695670,0.0
695671,0.0
695672,0.0
695673,0.0
695674,0.0
695675,0.0
695676,0.0
695677,0.0
695678,0.0
695679,0.0
695680,0.0
695681,0.0
695682,0.0
695683,0.0
695684,0.0
695685,0.0
695686,0.0
695687,0.0
695688,0.0
695689,3.864103e-24
695690,0.0
695691,0.0
695692,0.0
695693,0.0
695694,0.0
695695,0.0
695696,0.0
695697,0.0
695698,0.0
695699,0.0
695700,0.0
695701,0.0
695702,0.0
695703,0.0
695704,0.0
695705,0.0
695706,0.0
695707,0.0
695708,0.0
695709,0.0
695710,0.0
695711,0.0
695712,0.0
695713,0.0
695714,0.0
695715,0.0
695716,0.0
695717,0.0
695718,0.0
695719,0.0
695720,0.0
695721,0.0
695722,0.0
695723,0.0
695724,0.0
695725,0.0
695726,0.0
695727,0.0
695728,0.0
695729,0.0
695730,0.0
695731,0.0
695732,0.0
695733,0.0
695734,0.0
695735,0.0
695736,0.0
695737,0.0
695738,0.0
695739,0.0
695740,0.0
695741,0.0
695742,0.0
695743,0.0
695744,0.0
695745,0.0
695746,0.0
695747,0.0
695748,0.0
695749,0.0
695750,0.0
695751,0.0
695752,0.0
695753,0.0
695754,0.0
695755,0.0
695756,0.0
695757,0.0
695758,0.0
695759,0.0
695760,0.0
695761,0.0
695762,0.0
695763,0.0
695764,0.0
695765,0.0
695766,0.0
695767,0.0
695768,0.0
695769,0.0
695770,0.0
695771,0.0
695772,0.0
695773,0.0
695774,0.0
695775,0.0
695776,0.0
695777,0.0
695778,0.0
695779,0.0
695780,0.0
695781,0.0
695782,0.0
695783,0.0
695784,0.0
695785,0.0
695786,0.0
695787,0.0
695788,0.0
695789,0.0
695790,0.0
695791,0.0
695792,0.0
695793,0.0
695794,0.0
695795,0.0
695796,0.0
695797,0.0
695798,0.0
695799,0.0
695800,0.0
695801,0.0
695802,0.0
695803,0.0
695804,0.0
695805,0.0
695806,0.0
695807,0.0
695808,0.0
695809,0.0
695810,0.0
695811,0.0
695812,0.0
695813,0.0
695814,0.0
695815,0.0
695816,0.0
695817,0.0
695818,0.0
695819,0.0
695820,0.0
695821,0.0
695822,0.0
695823,0.0
695824,0.0
695825,0.0
695826,0.0
695827,0.0
695828,0.0
695829,0.0
695830,0.0
695831,0.0
695832,0.0
695833,0.0
695834,0.0
695835,0.0
695836,0.0
695837,0.0
695838,0.0
695839,0.0
695840,0.0
695841,0.0
695842,0.0
695843,0.0
695844,0.0
695845,0.0
695846,0.0
695847,0.0
695848,0.0
695849,0.0
695850,0.0
695851,0.0
695852,0.0
695853,0.0
695854,0.0
695855,0.0
695856,0.0
695857,0.0
695858,0.0
695859,0.0
695860,0.0
695861,0.0
695862,0.0
695863,0.0
695864,0.0
695865,0.0
695866,0.0
695867,0.0
695868,0.0
695869,0.000258439
695870,0.0
695871,0.0
695872,0.0
695873,0.0
695874,0.0
695875,0.0
695876,0.0
695877,0.0
695878,0.0
695879,0.0
695880,0.0
695881,0.0
695882,0.0
695883,0.0
695884,0.0
695885,0.0
695886,0.0
695887,0.0
695888,0.016563023
695889,0.0
695890,0.0
695891,0.0
695892,0.0
695893,0.0
695894,0.0
695895,0.0
695896,0.0
695897,0.0
695898,0.0
695899,0.0
695900,0.0
695901,0.0
695902,0.0
695903,0.0
695904,0.0
695905,0.0
695906,0.0
695907,0.0
695908,0.0
695909,0.0
695910,0.0
695911,0.0
695912,0.0
695913,0.0
695914,0.0
695915,0.0
695916,0.0
695917,0.0
695918,0.0
695919,0.0
695920,0.0
695921,0.0
695922,0.0
695923,0.0
695924,0.0
695925,0.0
695926,0.0
695927,0.0
695928,0.0
695929,0.0
695930,0.0
695931,0.0
695932,0.0
695933,0.0
695934,0.0
695935,0.0
695936,0.0
695937,0.0
695938,0.0
695939,0.0
695940,0.0
695941,0.0
695942,0.0
695943,0.0
695944,0.0
695945,0.0
695946,0.0
695947,0.0
695948,0.0
695949,0.0
695950,0.0
695951,0.0
695952,0.0
695953,0.0
695954,0.0
695955,0.0
695956,0.0
695957,0.0
695958,0.0
695959,0.0
695960,0.0
695961,0.0
695962,0.0
695963,0.0
695964,0.0
695965,0.0
695966,0.0
695967,0.0
695968,0.0
695969,0.0
695970,0.0
695971,0.0
695972,0.0
695973,0.0
695974,0.0
695975,0.0
695976,0.0
695977,0.0
695978,0.0
695979,0.0
695980,0.0
695981,0.0
695982,0.0
695983,0.0
695984,0.0
695985,0.0
695986,0.0
695987,0.0
695988,0.0
695989,0.0
695990,0.0
695991,0.0
695992,0.0
695993,0.0
695994,0.0
695995,0.0
695996,0.0
695997,0.0
695998,0.0
695999,0.0
696000,0.0
696001,0.0
696002,0.0
696003,0.0
696004,0.0
696005,0.0
696006,0.0
696007,0.0
696008,0.0
696009,0.0
696010,0.0
696011,0.0
696012,0.0
696013,0.0
696014,0.0
696015,0.0
696016,0.0
696017,0.0
696018,0.0
696019,0.0
696020,0.0
696021,0.0
696022,0.0
696023,0.0
696024,0.0
696025,0.0
696026,0.0
696027,0.0
696028,0.0
696029,0.0
696030,0.0
696031,0.0
696032,0.0
696033,0.0
696034,0.0
696035,0.0
696036,0.0
696037,0.0
696038,0.0
696039,0.0
696040,0.0
696041,0.0
696042,0.0
696043,0.0
696044,0.0
696045,0.0
696046,0.0
696047,0.0
696048,0.0
696049,0.0
696050,0.0
696051,0.0
696052,0.0
696053,0.0
696054,0.0
696055,0.0
696056,0.0
696057,0.0
696058,0.0
696059,0.0
696060,0.0
696061,0.0
696062,0.0
696063,0.0
696064,0.0
696065,0.0
696066,0.0
696067,0.0
696068,0.0
696069,0.0
696070,0.0
696071,0.0
696072,0.0
696073,0.0
696074,0.0
696075,0.0
696076,0.0
696077,0.0
696078,0.0
696079,0.0
696080,0.0
696081,0.0
696082,0.0
696083,0.0
696084,0.0
696085,0.0
696086,0.0
696087,0.0
696088,0.0
696089,0.0
696090,0.0
696091,0.0
696092,0.0
696093,0.0
696094,0.0
696095,0.0
696096,0.0
696097,0.0
696098,0.0
696099,0.0
696100,0.0
696101,0.0
696102,0.0
696103,0.0
696104,0.0
696105,0.0
696106,0.0
696107,0.0
696108,0.0
696109,0.0
696110,1.1468669e-33
696111,0.0
696112,0.0
696113,0.0
696114,0.0
696115,0.0
696116,0.0
696117,0.0
696118,0.0
696119,0.0
696120,0.0
696121,0.0
696122,0.0
696123,0.0
696124,0.0
696125,0.0
696126,0.0
696127,0.0
696128,0.0
696129,0.0
696130,0.0
696131,0.0
696132,0.0
696133,0.0
696134,0.0
696135,0.0
696136,0.0
696137,0.0
696138,0.0
696139,0.0
696140,0.0
696141,0.0
696142,0.0
696143,0.0
696144,0.0
696145,0.0
696146,0.0
696147,0.0
696148,0.0
696149,0.0
696150,0.0
696151,0.0
696152,0.0
696153,0.0
696154,0.0
696155,0.0
696156,0.0
696157,0.0
696158,0.0
696159,0.0
696160,0.0
696161,0.0
696162,0.0
696163,0.0
696164,0.0
696165,0.0
696166,0.0
696167,0.0
696168,0.0
696169,0.0
696170,0.0
696171,0.0
696172,0.0
696173,0.0
696174,0.0
696175,0.0
696176,0.0
696177,0.0
696178,0.0
696179,0.0
696180,0.0
696181,0.0
696182,0.0
696183,0.0
696184,0.0
696185,0.0
696186,0.0
696187,0.0
696188,0.0
696189,0.0
696190,0.0
696191,0.0
696192,0.0
696193,0.0
696194,0.0
696195,0.0
696196,0.0
696197,0.0
696198,0.0
696199,0.0
696200,0.0
696201,0.0
696202,0.0
696203,0.0
696204,0.0
696205,0.0
696206,0.0
696207,2.2331325e-16
696208,0.0
696209,0.0
696210,0.0
696211,0.0
696212,0.0
696213,0.0
696214,0.0
696215,0.0
696216,0.0
696217,0.0
696218,0.0
696219,0.0
696220,0.0
696221,0.0
696222,0.0
696223,0.0
696224,0.0
696225,0.0
696226,0.0
696227,0.0
696228,0.0
696229,0.0
696230,0.0
696231,0.0
696232,0.0
696233,0.0
696234,0.0
696235,0.0
696236,0.0
696237,0.0
696238,0.0
696239,0.0
696240,0.0
696241,0.0
696242,0.0
696243,0.0
696244,0.0
696245,0.0
696246,0.0
696247,0.0
696248,0.0
696249,0.0
696250,0.0
696251,0.0
696252,0.0
696253,0.0
696254,0.0
696255,0.0
696256,0.0
696257,0.0
696258,0.0
696259,0.0
696260,0.0
696261,0.0
696262,0.0
696263,0.0
696264,0.0
696265,0.0
696266,0.0
696267,0.0
696268,0.0
696269,0.0
696270,0.0
696271,0.0
696272,0.0
696273,0.0
696274,0.0
696275,0.0
696276,0.0
696277,0.0
696278,0.0
696279,0.0
696280,0.0
696281,0.0
696282,0.0
696283,0.0
696284,0.0
696285,0.0
696286,0.0
696287,0.0
696288,0.0
696289,0.0
696290,0.0
696291,0.0
696292,0.0
696293,0.0
696294,0.0
696295,0.0
696296,0.0
696297,0.0
696298,0.0
696299,0.0
696300,0.0
696301,0.0
696302,0.0
696303,0.0
696304,0.0
696305,0.0
696306,0.0
696307,0.0
696308,0.0
696309,0.0
696310,0.0
696311,0.0
696312,0.0
696313,0.0
696314,0.0
696315,0.0
696316,0.0
696317,0.0
696318,0.0
696319,0.0
696320,0.0
696321,0.0
696322,0.0
696323,0.0
696324,0.0
696325,0.0
696326,0.0
696327,0.0
696328,0.0
696329,0.0
696330,0.0
696331,0.0
696332,0.0
696333,0.0
696334,0.0
696335,0.0
696336,0.0
696337,0.0
696338,0.0
696339,0.0
696340,0.0
696341,0.0
696342,0.0
696343,0.0
696344,0.0
696345,0.0
696346,0.0
696347,0.0
696348,0.0
696349,0.0
696350,0.0
696351,0.0
696352,0.0
696353,0.0
696354,0.0
696355,0.0
696356,0.0
696357,0.0
696358,0.0
696359,0.0
696360,0.0
696361,0.0
696362,0.0
696363,0.0
696364,0.0
696365,0.0
696366,0.0
696367,0.0
696368,0.0
696369,0.0
696370,0.0
696371,0.0
696372,0.0
696373,0.0
696374,0.0
696375,0.0
696376,0.0
696377,0.0
696378,0.0
696379,0.0
696380,0.0
696381,0.0
696382,0.0
696383,0.0
696384,0.0
696385,0.0
696386,0.0
696387,0.0
696388,0.0
696389,0.0
696390,0.0
696391,0.0
696392,0.0
696393,0.0
696394,0.0
696395,0.0
696396,0.0
696397,0.0
696398,0.0
696399,0.0
696400,0.0
696401,0.0
696402,0.0
696403,0.0
696404,0.0
696405,0.0
696406,0.0
696407,0.0
696408,0.0
696409,0.0
696410,0.0
696411,0.0
696412,0.0
696413,0.0
696414,0.0
696415,0.0
696416,0.0
696417,0.0
696418,0.0
696419,0.0
696420,0.0
696421,0.0
696422,0.0
696423,0.0
696424,0.0
696425,0.0
696426,0.0
696427,0.0
696428,0.0
696429,0.0
696430,0.0
696431,0.0
696432,0.0
696433,0.0
696434,0.0
696435,0.0
696436,0.0
696437,0.0
696438,0.0
696439,0.0
696440,0.0
696441,0.0
696442,0.0
696443,0.0
696444,0.0
696445,0.0
696446,0.0
696447,0.0
696448,0.0
696449,0.0
696450,0.0
696451,0.0
696452,0.0
696453,0.0
696454,0.0
696455,0.0
696456,0.0
696457,0.0
696458,0.0
696459,0.0
696460,0.0
696461,0.0
696462,0.0
696463,0.0
696464,0.0
696465,0.0
696466,0.0
696467,0.0
696468,0.0
696469,0.0
696470,0.0
696471,0.0
696472,0.0
696473,0.0
696474,0.0
696475,0.0
696476,0.0
696477,0.0
696478,0.0
696479,0.0
696480,0.0
696481,0.0
696482,0.0
696483,0.0
696484,0.0
696485,0.0
696486,0.0
696487,0.0
696488,0.0
696489,0.0
696490,0.0
696491,0.0
696492,0.0
696493,0.0
696494,0.0
696495,0.0
696496,0.0
696497,0.0
696498,0.0
696499,0.0
696500,0.0
696501,0.0
696502,0.0
696503,0.0
696504,0.0
696505,0.0
696506,0.0
696507,0.0
696508,0.0
696509,0.0
696510,0.0
696511,0.0
696512,0.0
696513,0.0
696514,0.0
696515,0.0
696516,0.0
696517,0.0
696518,0.0
696519,0.0
696520,0.0
696521,0.0
696522,0.0
696523,0.0
696524,0.0
696525,0.0
696526,0.0
696527,0.0
696528,0.0
696529,0.0
696530,0.0
696531,0.0
696532,0.0
696533,0.0
696534,0.0
696535,0.0
696536,0.0
696537,0.0
696538,0.0
696539,0.0
696540,0.0
696541,0.0
696542,0.0
696543,0.0
696544,0.0
696545,0.0
696546,0.0
696547,0.0
696548,0.0
696549,0.0
696550,0.0
696551,0.0
696552,0.0
696553,0.0
696554,0.0
696555,0.0
696556,0.0
696557,0.0
696558,0.0
696559,0.0
696560,0.0
696561,0.0
696562,0.0
696563,0.0
696564,0.0
696565,0.0
696566,0.0
696567,0.0
696568,0.0
696569,0.0
696570,0.0
696571,0.0
696572,0.0
696573,0.0
696574,0.0
696575,0.0
696576,0.0
696577,0.0
696578,0.0
696579,0.0
696580,0.0
696581,0.0
696582,0.0
696583,0.0
696584,0.0
696585,0.0
696586,0.0
696587,0.0
696588,0.0
696589,0.0
696590,0.0
696591,0.0
696592,0.0
696593,0.0
696594,0.0
696595,0.0
696596,0.038634278
696597,0.0
696598,0.0
696599,0.0
696600,0.0
696601,0.0
696602,0.0
696603,0.0
696604,0.0
696605,0.0
696606,0.0
696607,0.0
696608,0.0
696609,0.0
696610,0.0
696611,0.0
696612,0.0
696613,0.0
696614,0.0
696615,0.0
696616,0.0
696617,0.0
696618,0.0
696619,0.0
696620,0.0
696621,0.0
696622,0.0
696623,0.0
696624,0.0
696625,0.0
696626,0.0
696627,0.0
696628,0.0
696629,0.0
696630,0.0
696631,0.0
696632,0.0
696633,0.0
696634,0.0
696635,0.0
696636,0.0
696637,0.0
696638,0.0
696639,0.0
696640,0.0
696641,0.0
696642,0.0
696643,0.0
696644,0.0
696645,0.0
696646,0.0
696647,0.0
696648,0.0
696649,0.0
696650,0.0
696651,0.0
696652,0.0
696653,0.0
696654,0.0
696655,0.0
696656,0.0
696657,0.0
696658,0.0
696659,0.07717112
696660,0.0
696661,0.0
696662,0.0
696663,0.0
696664,0.0
696665,0.0
696666,0.0
696667,0.0
696668,0.0
696669,0.0
696670,0.0
696671,0.0
696672,0.0
696673,0.0
696674,0.0
696675,0.0
696676,0.0
696677,0.0
696678,0.0
696679,0.0
696680,0.0
696681,0.0
696682,0.0
696683,0.0
696684,3.0314553e-38
696685,0.0
696686,0.0
696687,0.0
696688,0.0
696689,0.0
696690,0.0
696691,0.0
696692,0.0
696693,0.0
696694,0.0
696695,0.0
696696,0.0
696697,0.0
696698,0.0
696699,0.0
696700,0.0
696701,0.0
696702,0.0
696703,0.0
696704,0.0
696705,0.0
696706,0.0
696707,0.0
696708,0.0
696709,0.0
696710,0.0
696711,0.0
696712,0.0
696713,0.0
696714,0.0
696715,0.0
696716,5.1648316e-05
696717,0.0
696718,0.0
696719,0.0
696720,1.1733781e-27
696721,0.0
696722,0.0
696723,0.0
696724,0.0
696725,0.0
696726,0.0
696727,0.0
696728,0.0
696729,0.0
696730,0.0
696731,0.0
696732,0.0
696733,0.0
696734,0.0
696735,0.0
696736,0.0
696737,0.0
696738,0.0
696739,0.0
696740,0.0
696741,0.0
696742,0.0
696743,0.0
696744,0.0
696745,0.0
696746,0.0
696747,0.0
696748,0.0
696749,0.0
696750,0.0
696751,0.0
696752,0.0
696753,0.0
696754,0.0
696755,0.0
696756,0.0
696757,0.0
696758,0.0
696759,0.0
696760,0.0
696761,0.0
696762,0.0
696763,0.36242384
696764,0.0
696765,0.0
696766,0.0
696767,0.0
696768,0.0
696769,0.0
696770,0.0
696771,0.0
696772,0.0
696773,0.0
696774,0.0
696775,0.0
696776,0.0
696777,0.0
696778,0.0
696779,0.0
696780,0.0
696781,0.0
696782,0.0
696783,0.0
696784,0.0
696785,0.0
696786,0.0
696787,0.0
696788,0.0
696789,0.0
696790,0.0
696791,0.0
696792,0.0
696793,0.0
696794,0.0
696795,0.0
696796,0.0
696797,0.0
696798,0.0
696799,0.0
696800,0.0
696801,0.0
696802,0.0
696803,0.0
696804,0.0
696805,0.0
696806,0.0
696807,0.0
696808,0.0
696809,0.0
696810,0.0
696811,0.0
696812,0.0
696813,0.0
696814,0.0
696815,0.0
696816,0.31291458
696817,0.0
696818,0.0
696819,0.0
696820,0.0
696821,0.0
696822,0.0
696823,0.0
696824,0.0
696825,0.0
696826,0.0
696827,0.0
696828,0.0
696829,0.0
696830,0.0
696831,0.0
696832,0.0
696833,0.0
696834,0.0
696835,0.0
696836,0.0
696837,0.0
696838,0.0
696839,0.0
696840,0.0
696841,0.0
696842,0.0
696843,0.0
696844,0.0
696845,0.0
696846,0.0
696847,0.0
696848,0.0
696849,0.0
696850,0.0
696851,0.0
696852,0.0
696853,0.0
696854,0.0
696855,0.0
696856,0.0
696857,0.0
696858,0.0
696859,0.0
696860,0.0
696861,0.0
696862,0.0
696863,0.0
696864,0.0
696865,0.0
696866,0.0
696867,0.0
696868,0.0
696869,0.0
696870,0.0
696871,0.0
696872,0.0
696873,0.0
696874,0.0
696875,0.0
696876,0.0
696877,0.0
696878,0.0
696879,0.0
696880,0.0
696881,0.0
696882,0.0
696883,0.0
696884,0.0
696885,0.0
696886,0.0
696887,0.0
696888,0.0
696889,0.0
696890,0.0
696891,0.0
696892,0.0
696893,0.0
696894,0.0
696895,0.0
696896,0.0
696897,0.0
696898,0.0
696899,0.0
696900,0.0
696901,0.0
696902,0.0
696903,0.0
696904,0.0
696905,0.0
696906,0.0
696907,0.0
696908,0.0
696909,0.0
696910,0.0
696911,0.0
696912,0.0
696913,0.0
696914,0.0
696915,0.0
696916,0.0
696917,0.0
696918,0.0
696919,0.0
696920,3.0184376e-24
696921,0.0
696922,0.0
696923,0.0
696924,0.0
696925,0.0
696926,0.0
696927,0.0
696928,0.0
696929,0.0
696930,0.0
696931,0.0
696932,0.0
696933,0.0
696934,0.5999781
696935,0.0
696936,0.0
696937,0.0
696938,0.0
696939,0.0
696940,0.0
696941,0.0
696942,0.0
696943,0.0
696944,0.0
696945,0.0
696946,0.0
696947,0.0
696948,0.0
696949,0.0
696950,0.0
696951,0.0
696952,0.0
696953,0.0
696954,0.0
696955,0.0
696956,0.0
696957,0.0
696958,0.0
696959,0.0
696960,0.0
696961,0.0
696962,0.0
696963,0.0
696964,0.0
696965,0.0
696966,0.0
696967,0.0
696968,0.0
696969,0.0
696970,0.0
696971,0.0
696972,0.0
696973,0.0
696974,0.0
696975,0.0
696976,0.0
696977,0.0
696978,0.0
696979,0.0
696980,0.0
696981,0.0
696982,0.0
696983,0.0
696984,0.0
696985,0.0
696986,0.0
696987,0.0
696988,0.0
696989,0.0
696990,0.0
696991,0.0
696992,0.0
696993,0.0
696994,0.0
696995,0.0
696996,0.0
696997,0.0
696998,0.0
696999,0.0
697000,0.0
697001,0.0
697002,0.0
697003,0.0
697004,0.0
697005,0.0
697006,0.0
697007,0.0
697008,2.2402012e-06
697009,0.0
697010,0.0
697011,0.0
697012,0.0
697013,0.0
697014,0.0
697015,0.0
697016,0.0
697017,0.0
697018,0.0
697019,0.0
697020,0.0
697021,0.0
697022,0.0
697023,0.0
697024,0.0
697025,0.0
697026,0.0
697027,0.0
697028,0.0
697029,0.0
697030,0.0
697031,0.0
697032,0.0
697033,0.0
697034,0.0
697035,0.0
697036,0.0
697037,0.0
697038,0.0
697039,0.0
697040,0.0
697041,0.0
697042,0.0
697043,0.0
697044,0.0
697045,0.0
697046,0.0
697047,0.0
697048,0.0
697049,0.0
697050,0.0
697051,0.0
697052,0.0
697053,0.0
697054,0.0
697055,0.0
697056,0.0
697057,0.0
697058,0.0
697059,0.0
697060,0.0
697061,0.0
697062,0.0
697063,0.0
697064,0.0
697065,0.0
697066,0.0
697067,0.0
697068,0.0
697069,0.0
697070,0.0
697071,0.0
697072,0.0
697073,0.0
697074,0.0
697075,0.0
697076,0.0
697077,0.0
697078,0.0
697079,0.0
697080,0.0
697081,0.0
697082,0.0
697083,0.0
697084,0.0
697085,0.0
697086,0.0
697087,0.0
697088,0.0
697089,0.0
697090,0.0
697091,0.0
697092,0.0
697093,0.0
697094,0.0
697095,0.0
697096,0.0
697097,0.0
697098,0.0
697099,0.0
697100,0.0
697101,0.0
697102,0.0
697103,0.0
697104,0.0
697105,0.0
697106,0.0
697107,0.0
697108,0.0
697109,0.0
697110,0.0
697111,0.0
697112,0.0
697113,0.0
697114,0.0
697115,0.0
697116,0.0
697117,0.0
697118,0.0
697119,0.0
697120,0.0
697121,0.0
697122,0.0
697123,0.0
697124,0.0
697125,0.0
697126,0.0
697127,0.0
697128,0.0
697129,0.0
697130,0.0
697131,0.0
697132,0.0
697133,0.0
697134,0.0
697135,0.0
697136,0.0
697137,0.0
697138,0.0
697139,0.0
697140,0.0
697141,0.0
697142,0.0
697143,0.0
697144,0.0
697145,0.0
697146,0.0
697147,0.0
697148,0.0
697149,0.0
697150,0.0
697151,0.0
697152,0.0
697153,0.0
697154,0.0
697155,0.0
697156,0.0
697157,0.0
697158,0.0
697159,0.0
697160,0.0
697161,0.0
697162,0.0
697163,0.0
697164,0.0
697165,0.0
697166,0.0
697167,0.0
697168,0.0
697169,0.0
697170,0.0
697171,0.0
697172,0.0
697173,0.0
697174,0.0
697175,0.0
697176,0.0
697177,0.0
697178,0.0
697179,0.0
697180,0.0
697181,0.0
697182,0.0
697183,0.0
697184,0.0
697185,0.0
697186,0.0
697187,0.0
697188,0.0
697189,0.0
697190,0.0
697191,0.0
697192,0.0
697193,0.0
697194,0.0
697195,0.0
697196,0.0
697197,0.0
697198,0.0
697199,0.0
697200,0.0
697201,0.0
697202,0.0
697203,0.0
697204,0.0
697205,0.0
697206,0.0
697207,0.0
697208,0.0
697209,0.0
697210,0.0
697211,0.0
697212,0.0
697213,0.0
697214,0.0
697215,0.0
697216,0.0
697217,0.0
697218,0.0
697219,0.0
697220,4.2733137e-36
697221,0.0
697222,0.0
697223,0.0
697224,0.0
697225,0.0
697226,0.0
697227,0.0
697228,0.0
697229,0.0
697230,0.0
697231,0.0
697232,0.0
697233,0.0
697234,0.0
697235,0.0
697236,0.0
697237,0.0
697238,0.0
697239,0.0
697240,0.0
697241,0.0
697242,0.0
697243,0.0
697244,0.0
697245,0.0
697246,0.0
697247,0.0
697248,0.0
697249,0.0
697250,0.0
697251,0.0
697252,0.0
697253,0.0
697254,0.0
697255,0.0
697256,0.0
697257,0.0
697258,0.0
697259,0.0
697260,0.0
697261,0.0
697262,0.0
697263,0.0
697264,0.0
697265,0.0
697266,0.0
697267,0.0
697268,0.0
697269,0.0
697270,0.0
697271,0.0
697272,0.0
697273,0.0
697274,1.2379751e-17
697275,0.0
697276,0.0
697277,0.0
697278,0.0
697279,0.0
697280,0.0
697281,0.0
697282,0.0
697283,0.0
697284,0.0
697285,0.0
697286,0.0
697287,0.0
697288,0.0
697289,0.0
697290,0.0
697291,0.0
697292,0.0
697293,0.0
697294,0.0
697295,0.0
697296,0.0
697297,0.0
697298,0.0
697299,0.0
697300,0.0
697301,0.0
697302,0.0
697303,0.0
697304,0.0
697305,0.0
697306,0.0
697307,0.0
697308,0.0
697309,0.0
697310,0.0
697311,0.0
697312,0.0
697313,0.0
697314,4.9536295e-30
697315,0.0
697316,0.0
697317,0.0
697318,0.0
697319,0.0
697320,0.0
697321,0.0
697322,0.0
697323,0.0
697324,0.0
697325,0.0
697326,0.0
697327,0.0
697328,0.0
697329,0.0
697330,0.0
697331,0.0
697332,0.0
697333,0.0
697334,0.0
697335,0.0
697336,0.0
697337,0.0
697338,0.0
697339,0.0
697340,0.0
697341,0.0
697342,0.0
697343,0.0
697344,0.0
697345,0.0
697346,0.0
697347,0.0
697348,0.0
697349,0.0
697350,0.0
697351,0.0
697352,0.0
697353,0.0
697354,0.0
697355,0.0
697356,0.0
697357,0.0
697358,0.0
697359,0.0
697360,0.0
697361,0.0
697362,0.0
697363,0.0
697364,0.09542032
697365,0.0
697366,0.0
697367,0.0
697368,0.0
697369,0.0
697370,0.0
697371,0.0
697372,0.0
697373,0.0
697374,0.0
697375,0.0
697376,0.0
697377,0.0
697378,0.0
697379,0.0
697380,0.0
697381,0.0
697382,0.0
697383,0.0
697384,0.0
697385,0.0
697386,0.39966986
697387,0.0
697388,0.0
697389,0.0
697390,0.0
697391,0.0
697392,0.0
697393,0.0
697394,0.0
697395,0.0
697396,0.0
697397,0.0
697398,0.0
697399,0.0
697400,0.0
697401,0.0
697402,0.0
697403,0.0
697404,0.0
697405,0.0
697406,0.0
697407,0.0
697408,0.0
697409,0.0
697410,0.0
697411,0.0
697412,0.0
697413,0.0
697414,0.0
697415,0.0
697416,0.0
697417,0.0
697418,0.0
697419,0.0
697420,0.0
697421,0.0
697422,0.0
697423,0.0
697424,0.0
697425,0.0
697426,0.0
697427,0.0
697428,0.0
697429,0.0
697430,0.0
697431,0.0
697432,0.0
697433,0.0
697434,0.0
697435,0.0
697436,0.0
697437,0.0
697438,0.0
697439,0.0
697440,0.0
697441,0.0
697442,0.0
697443,0.0
697444,0.0
697445,0.0
697446,0.0
697447,0.0
697448,0.0
697449,0.0
697450,0.0
697451,0.0
697452,0.0
697453,0.0
697454,0.0
697455,0.0
697456,0.0
697457,0.0
697458,0.0
697459,0.0
697460,0.0
697461,0.0
697462,0.0
697463,0.0
697464,0.0
697465,0.0
697466,0.0
697467,0.0
697468,0.0
697469,0.0
697470,0.0
697471,0.0
697472,0.0
697473,0.0
697474,0.0
697475,0.0
697476,0.0
697477,0.0
697478,0.0
697479,0.0
697480,0.0
697481,0.0
697482,0.0
697483,0.0
697484,0.0
697485,0.0
697486,0.0
697487,0.0
697488,0.0
697489,0.0
697490,0.0
697491,0.0
697492,0.0
697493,0.0
697494,0.0
697495,0.0
697496,0.0
697497,0.0
697498,0.0
697499,0.0
697500,0.0
697501,0.0
697502,0.0
697503,0.0
697504,0.0
697505,0.0
697506,0.0
697507,0.0
697508,0.0
697509,0.0
697510,0.0
697511,0.0
697512,0.0
697513,0.0
697514,0.0
697515,0.0
697516,0.0
697517,0.0
697518,0.0
697519,0.0
697520,0.0
697521,0.0
697522,0.0
697523,0.0
697524,0.0
697525,0.0
697526,0.0
697527,0.0
697528,0.0
697529,0.0
697530,0.0
697531,0.0
697532,0.0
697533,0.0
697534,0.0
697535,0.0
697536,0.0
697537,0.0
697538,0.0
697539,0.0
697540,0.0
697541,0.0
697542,0.0
697543,0.0
697544,0.0
697545,0.0
697546,0.0
697547,0.0
697548,0.0
697549,0.0
697550,0.0
697551,0.0
697552,0.0
697553,0.0
697554,0.0
697555,0.0
697556,0.0
697557,0.0
697558,0.0
697559,0.0
697560,0.0
697561,0.0
697562,0.0
697563,0.0
697564,0.0
697565,0.0
697566,0.0
697567,0.0
697568,0.0
697569,0.0
697570,0.0
697571,0.0
697572,0.0
697573,0.0
697574,0.0
697575,0.0
697576,0.0
697577,0.0
697578,0.0
697579,0.0
697580,0.0
697581,0.0
697582,0.0
697583,0.0
697584,0.0
697585,0.0
697586,0.0
697587,0.0
697588,0.0
697589,0.0
697590,0.0
697591,0.0
697592,0.0
697593,0.0
697594,0.0
697595,0.0
697596,0.0
697597,0.0
697598,0.0
697599,0.0
697600,0.0
697601,0.0
697602,0.0
697603,0.0
697604,0.0
697605,0.0
697606,0.0
697607,0.0
697608,0.0
697609,0.0
697610,0.0
697611,0.0
697612,0.0
697613,0.0
697614,0.0
697615,0.0
697616,0.0
697617,0.0
697618,0.0
697619,0.0
697620,4.827326e-27
697621,0.0
697622,0.0
697623,0.0
697624,0.0
697625,0.0
697626,0.0
697627,1.0649878e-34
697628,0.0
697629,0.0
697630,0.0
697631,0.0
697632,0.0
697633,0.0
697634,0.0
697635,0.0
697636,0.0
697637,0.0
697638,0.0
697639,0.0
697640,0.0
697641,0.0
697642,0.0
697643,0.0
697644,0.0
697645,7.0209163e-09
697646,0.0
697647,0.0
697648,0.0
697649,0.0
697650,0.0
697651,0.0
697652,0.0
697653,0.0
697654,0.0
697655,0.0
697656,0.0
697657,0.0
697658,0.0
697659,0.0
697660,4.5809808e-27
697661,0.0
697662,0.0
697663,0.0
697664,0.0
697665,0.0
697666,0.0
697667,0.0
697668,0.0
697669,0.0
697670,0.0
697671,0.0
697672,0.0
697673,0.0
697674,0.0
697675,0.0
697676,0.0
697677,0.0
697678,0.0
697679,0.0
697680,0.0
697681,0.0
697682,0.0
697683,0.0
697684,0.0
697685,0.0
697686,0.0
697687,0.0
697688,0.0
697689,0.0
697690,0.0
697691,0.0
697692,0.0
697693,0.0
697694,0.0
697695,0.0
697696,0.0
697697,0.0
697698,0.0
697699,0.0
697700,0.0
697701,0.0
697702,0.0
697703,0.0
697704,0.0
697705,0.0
697706,0.0
697707,0.0
697708,0.0
697709,0.0
697710,0.0
697711,0.0
697712,0.0
697713,0.0
697714,0.0
697715,0.0
697716,0.0
697717,0.0
697718,0.0
697719,0.0
697720,0.0
697721,0.0
697722,0.0
697723,0.0
697724,0.0
697725,0.0
697726,0.0
697727,0.0
697728,0.0
697729,0.0
697730,0.0
697731,0.0
697732,0.0
697733,0.0
697734,0.0
697735,0.0
697736,0.0
697737,0.0
697738,0.0
697739,0.0
697740,0.0
697741,0.0
697742,0.0
697743,0.0
697744,0.0
697745,0.0
697746,0.0
697747,0.0
697748,0.0
697749,0.0
697750,0.0
697751,0.0
697752,0.0
697753,0.0
697754,0.0
697755,0.0
697756,0.0
697757,0.0
697758,0.0
697759,0.0
697760,0.0
697761,0.0
697762,0.0
697763,0.0
697764,0.0
697765,0.0
697766,0.0
697767,0.0
697768,0.0
697769,0.0
697770,0.0
697771,0.0
697772,0.0
697773,0.0
697774,0.0
697775,0.0
697776,0.0
697777,0.0
697778,0.0
697779,0.0
697780,0.0
697781,0.0
697782,0.0
697783,0.0
697784,0.0
697785,0.0
697786,0.0
697787,0.0
697788,0.0
697789,0.0
697790,0.0
697791,0.0
697792,0.0
697793,0.0
697794,0.0
697795,0.0
697796,0.0
697797,0.0
697798,0.0
697799,0.0
697800,0.0
697801,0.0
697802,0.0
697803,0.0
697804,0.0
697805,0.0
697806,0.0
697807,0.0
697808,0.0
697809,0.0
697810,0.0
697811,0.0
697812,0.0
697813,0.0
697814,0.0
697815,0.0
697816,0.0
697817,0.0
697818,0.0
697819,0.0
697820,0.0
697821,0.0
697822,0.0
697823,0.0
697824,3.494102e-10
697825,0.0
697826,0.0
697827,0.0
697828,0.0
697829,0.0
697830,0.0
697831,0.0
697832,0.0
697833,0.0
697834,0.0
697835,0.0
697836,0.0
697837,0.0
697838,0.0
697839,0.0
697840,0.0
697841,0.0
697842,0.0
697843,0.0
697844,0.0
697845,0.0
697846,0.0
697847,0.0
697848,0.0
697849,0.0
697850,0.0
697851,0.0
697852,0.0
697853,0.0
697854,0.0
697855,0.0
697856,0.0
697857,0.0
697858,0.0
697859,0.0
697860,0.0
697861,0.0
697862,0.0
697863,0.0
697864,0.0
697865,0.0
697866,0.0
697867,0.11767697
697868,0.0
697869,0.0
697870,0.0
697871,0.0
697872,0.0
697873,0.0
697874,0.0
697875,0.0
697876,0.0
697877,0.0
697878,0.0
697879,0.0
697880,0.0
697881,0.0
697882,0.0
697883,0.0
697884,0.0
697885,0.0
697886,0.0
697887,0.0
697888,0.0
697889,0.0
697890,0.0
697891,0.0
697892,0.0
697893,0.0
697894,0.0
697895,0.0
697896,0.0
697897,0.0
697898,0.0
697899,0.0
697900,0.0
697901,0.0
697902,0.0
697903,0.0
697904,0.0
697905,0.0
697906,0.0
697907,0.0
697908,0.0
697909,0.0
697910,0.0
697911,0.0
697912,0.0
697913,0.0
697914,0.0
697915,0.0
697916,0.0
697917,0.0
697918,0.0
697919,0.0
697920,0.0
697921,0.0
697922,0.0
697923,0.0
697924,0.0
697925,0.0
697926,2.7318167e-11
697927,0.0
697928,0.0
697929,0.0
697930,0.0
697931,0.0
697932,0.0
697933,0.0
697934,0.0
697935,0.0
697936,0.0
697937,0.0
697938,0.0
697939,0.0
697940,0.0
697941,0.0
697942,0.0
697943,0.0
697944,0.0
697945,0.0
697946,0.0
697947,0.0
697948,0.0
697949,0.0
697950,0.0
697951,0.0
697952,0.0
697953,0.0
697954,0.0
697955,0.0
697956,0.0
697957,0.0
697958,0.0
697959,0.0
697960,0.0
697961,0.0
697962,0.0
697963,0.0
697964,0.0
697965,0.0
697966,0.0
697967,0.0
697968,0.0
697969,0.0
697970,0.0
697971,0.0
697972,9.721898e-07
697973,0.0
697974,0.0
697975,0.0
697976,0.0
697977,0.0
697978,0.0
697979,0.0
697980,0.0
697981,0.0
697982,0.0
697983,0.0
697984,0.0
697985,0.0
697986,0.0
697987,0.0
697988,0.0
697989,0.0
697990,0.0
697991,0.0
697992,0.0
697993,0.0
697994,0.0
697995,0.0
697996,0.0
697997,0.0
697998,0.0
697999,0.0
698000,0.0
698001,0.0
698002,0.0
698003,0.0
698004,0.0
698005,0.0
698006,0.0
698007,0.0
698008,0.0
698009,0.0
698010,0.0
698011,0.0
698012,0.0
698013,0.0
698014,0.0
698015,0.0
698016,0.0
698017,0.0
698018,0.0
698019,0.0
698020,0.0
698021,0.0
698022,0.0
698023,0.0
698024,0.0
698025,0.0
698026,0.0
698027,0.0
698028,0.0
698029,0.0
698030,0.0
698031,0.0
698032,0.0
698033,0.0
698034,0.0
698035,0.0
698036,0.0
698037,0.0
698038,0.0
698039,0.0
698040,0.0
698041,0.0
698042,0.0
698043,0.0
698044,0.0
698045,0.0
698046,0.0
698047,0.0
698048,0.0
698049,0.0
698050,0.0
698051,6.434922e-08
698052,0.0
698053,0.0
698054,0.0
698055,0.0
698056,0.0
698057,0.0
698058,0.0
698059,0.0
698060,0.0
698061,0.0
698062,0.0
698063,0.0
698064,0.0
698065,0.0
698066,0.0
698067,0.0
698068,0.0
698069,0.0
698070,0.0
698071,0.0
698072,0.0
698073,0.0
698074,0.0
698075,0.0
698076,0.0
698077,0.0
698078,0.0
698079,0.0
698080,0.0
698081,0.0
698082,0.0
698083,0.0
698084,0.0
698085,0.0
698086,0.0
698087,0.0
698088,0.0
698089,0.0
698090,0.0
698091,0.0
698092,0.0
698093,0.0
698094,0.0
698095,4.5044983e-24
698096,0.0
698097,0.0
698098,0.0
698099,0.0
698100,0.0
698101,0.0
698102,0.0
698103,0.0
698104,0.0
698105,0.0
698106,0.0
698107,0.0
698108,0.0
698109,0.0
698110,0.0
698111,0.0
698112,0.0
698113,0.0
698114,0.0
698115,0.0
698116,0.0
698117,0.0
698118,0.0
698119,0.0
698120,0.0
698121,0.0
698122,0.0
698123,0.0
698124,0.0
698125,0.0
698126,0.0
698127,0.0
698128,0.0
698129,0.0
698130,0.0
698131,0.0
698132,0.0
698133,0.0
698134,0.0
698135,0.0
698136,0.0
698137,0.0
698138,0.0
698139,0.0
698140,0.0
698141,0.0
698142,0.0
698143,0.0
698144,0.0
698145,0.0
698146,0.0
698147,0.0
698148,0.0
698149,0.0
698150,0.0
698151,0.0
698152,0.0
698153,0.0
698154,0.0
698155,0.0
698156,0.0
698157,0.0
698158,0.0
698159,0.0
698160,0.0
698161,1.9673924e-36
698162,0.0
698163,0.0
698164,0.0
698165,0.0
698166,0.0
698167,0.0
698168,0.0
698169,0.0
698170,0.0
698171,0.0
698172,0.0
698173,0.0
698174,0.0
698175,0.0
698176,0.0
698177,0.0
698178,0.0
698179,0.0
698180,0.0
698181,0.0
698182,0.0
698183,0.0
698184,0.0
698185,0.0
698186,0.0
698187,0.0
698188,0.0
698189,0.0
698190,0.0
698191,0.0
698192,0.0
698193,0.0
698194,0.0
698195,0.0
698196,0.0
698197,0.0
698198,0.0
698199,0.0
698200,0.0
698201,0.0
698202,0.0
698203,0.0
698204,0.0
698205,0.0
698206,0.0
698207,0.0
698208,0.0
698209,0.0
698210,0.0
698211,2.8346539e-11
698212,0.0
698213,0.0
698214,0.00025987878
698215,0.0
698216,0.0
698217,0.0
698218,0.0
698219,0.0
698220,0.0
698221,0.0
698222,0.0
698223,0.0
698224,0.0
698225,0.0
698226,0.0
698227,0.0
698228,0.0
698229,2.2842612e-14
698230,0.0
698231,0.0
698232,0.0
698233,0.0
698234,0.0
698235,0.0
698236,0.0
698237,0.0
698238,0.0
698239,0.0
698240,0.0
698241,0.0
698242,0.0
698243,0.0
698244,0.0
698245,0.0
698246,0.0
698247,0.0
698248,0.0
698249,0.0
698250,0.0
698251,0.0
698252,0.0
698253,0.0
698254,0.0
698255,0.0
698256,0.0
698257,0.0
698258,0.0
698259,0.0
698260,0.0
698261,0.0
698262,0.0
698263,0.0
698264,0.0
698265,0.0
698266,0.0
698267,0.0
698268,0.0
698269,0.0
698270,0.0
698271,0.0
698272,0.0
698273,0.0
698274,0.0
698275,0.0
698276,0.0
698277,0.0
698278,0.0
698279,0.0
698280,0.0
698281,0.0
698282,0.0
698283,0.0
698284,0.0
698285,0.0
698286,0.0
698287,0.0015736665
698288,0.0
698289,0.0
698290,0.0
698291,0.0
698292,0.0
698293,0.0
698294,0.0
698295,0.0
698296,0.0
698297,0.0
698298,0.0
698299,0.0
698300,0.0
698301,0.0
698302,0.0
698303,0.0
698304,0.0
698305,0.0
698306,0.0
698307,0.0
698308,0.0
698309,0.0
698310,0.0
698311,0.0
698312,0.0
698313,0.0
698314,0.0
698315,0.0
698316,0.0
698317,0.0
698318,0.0
698319,0.0
698320,0.0
698321,0.0
698322,0.0
698323,0.0
698324,0.0
698325,0.0
698326,0.0
698327,0.0
698328,0.0
698329,0.0
698330,0.0
698331,0.0
698332,0.0
698333,0.0
698334,0.0
698335,0.0
698336,0.0
698337,0.0
698338,0.0
698339,0.0
698340,0.0
698341,0.0
698342,0.0
698343,0.0
698344,0.0
698345,0.0
698346,0.00013292464
698347,0.0
698348,0.0
698349,0.0
698350,0.0
698351,4.680862e-33
698352,0.0
698353,0.0
698354,0.0
698355,0.0
698356,0.0
698357,0.0
698358,0.0
698359,0.0
698360,0.0
698361,0.0
698362,0.0
698363,0.0
698364,0.0
698365,0.0
698366,0.0
698367,0.0
698368,0.0
698369,0.0
698370,0.0
698371,0.0
698372,0.0
698373,0.0
698374,0.0
698375,0.0
698376,0.0
698377,0.0
698378,0.0
698379,0.0
698380,0.0
698381,0.0
698382,0.0
698383,0.0
698384,0.0
698385,0.0
698386,0.0
698387,0.0
698388,0.0
698389,2.3702432e-35
698390,0.0
698391,0.0
698392,0.0
698393,0.0
698394,0.0
698395,0.0
698396,0.0
698397,0.0
698398,0.0
698399,0.0
698400,0.0
698401,0.0
698402,0.0
698403,0.0
698404,0.0
698405,0.0
698406,0.0
698407,0.0
698408,0.0
698409,0.0
698410,0.0
698411,3.7946956e-20
698412,0.0
698413,0.0
698414,0.0
698415,0.0
698416,0.0
698417,0.0
698418,0.0
698419,0.0
698420,0.0
698421,0.0
698422,0.0
698423,0.0
698424,0.0
698425,0.0
698426,0.0
698427,0.0
698428,0.0
698429,0.0
698430,0.0
698431,0.0
698432,0.0
698433,0.0
698434,0.0
698435,0.0
698436,0.0
698437,0.0
698438,0.0
698439,0.0
698440,0.0
698441,0.0
698442,0.0
698443,0.0
698444,1.8362033e-12
698445,0.0
698446,0.0
698447,0.0
698448,0.0
698449,0.0
698450,0.0
698451,0.0
698452,0.0
698453,0.0
698454,0.0
698455,0.0
698456,0.0
698457,0.0
698458,0.0
698459,0.0
698460,0.0
698461,0.0
698462,0.0
698463,0.0
698464,0.0
698465,0.0
698466,0.0
698467,0.0
698468,0.0
698469,0.0
698470,0.0
698471,0.0
698472,0.0
698473,0.0
698474,0.0
698475,0.0
698476,0.0
698477,0.0
698478,0.0
698479,0.0
698480,0.0
698481,0.0
698482,0.0
698483,0.0
698484,0.0
698485,0.0
698486,0.0
698487,0.0
698488,0.0
698489,0.0
698490,0.0
698491,0.0
698492,0.0
698493,0.0
698494,0.0
698495,0.0
698496,0.0
698497,0.0
698498,0.0
698499,0.0
698500,0.0
698501,0.0
698502,0.0
698503,0.0
698504,0.0
698505,0.0
698506,0.0
698507,0.0
698508,0.0
698509,0.0
698510,0.0
698511,0.0
698512,0.0
698513,0.0
698514,0.0
698515,0.0
698516,0.0
698517,0.0
698518,0.0
698519,0.0
698520,1.6807576e-16
698521,0.0
698522,0.0
698523,0.0
698524,0.0
698525,0.0
698526,0.0
698527,0.0
698528,0.0
698529,0.0
698530,0.0
698531,0.0
698532,0.0
698533,0.0
698534,0.0
698535,0.0
698536,0.0
698537,0.0
698538,0.0
698539,0.0
698540,0.0
698541,0.0
698542,0.0
698543,0.0
698544,0.0
698545,0.0
698546,0.0
698547,0.0
698548,0.0
698549,0.0
698550,0.0
698551,0.0
698552,0.0
698553,0.0
698554,0.0
698555,0.0
698556,0.0
698557,0.0
698558,0.0
698559,0.0
698560,0.0
698561,0.0
698562,0.0
698563,0.0
698564,0.0
698565,0.0
698566,0.0
698567,0.0
698568,0.0
698569,0.0
698570,0.0
698571,0.0
698572,0.0
698573,0.0
698574,0.0
698575,0.0
698576,0.0
698577,0.0
698578,0.0
698579,0.0
698580,0.0
698581,0.0
698582,0.0
698583,0.0
698584,0.0
698585,0.0
698586,0.0
698587,0.0
698588,0.0
698589,0.0
698590,0.0
698591,0.0
698592,0.0
698593,0.0
698594,0.0
698595,0.0
698596,0.0
698597,0.0
698598,0.0
698599,0.0
698600,0.0
698601,0.0
698602,0.0
698603,0.0
698604,0.0
698605,0.0
698606,0.0
698607,0.0
698608,0.0
698609,0.0
698610,0.0
698611,0.0
698612,0.0
698613,0.0
698614,0.0
698615,0.0
698616,0.0
698617,0.0
698618,0.0
698619,0.0
698620,0.0
698621,0.0
698622,0.0
698623,0.0
698624,0.0
698625,0.0
698626,0.0
698627,0.0
698628,0.0
698629,0.0
698630,0.0
698631,0.0
698632,0.0
698633,0.0
698634,0.0
698635,0.0
698636,0.0
698637,0.0
698638,0.0
698639,0.0
698640,0.0
698641,0.0
698642,0.0
698643,0.0
698644,0.0
698645,0.0
698646,0.0
698647,0.0
698648,0.0
698649,0.0
698650,0.0
698651,0.0
698652,0.0
698653,0.0
698654,0.0
698655,0.0
698656,0.0
698657,0.0
698658,0.0
698659,0.0
698660,0.0
698661,0.0
698662,0.0
698663,0.0
698664,0.0
698665,9.2125605e-26
698666,0.0
698667,0.0
698668,0.0
698669,0.0
698670,0.0
698671,0.0
698672,0.0
698673,0.0
698674,0.0
698675,0.0
698676,0.0
698677,0.0
698678,0.0
698679,0.0
698680,0.0
698681,0.0
698682,0.0
698683,0.0
698684,0.0
698685,0.0
698686,0.0
698687,0.0
698688,0.01732194
698689,0.0
698690,0.0
698691,0.0
698692,0.0
698693,0.0
698694,0.0
698695,0.0
698696,0.0
698697,0.0
698698,0.0
698699,0.0
698700,0.0
698701,0.0
698702,0.0
698703,0.0
698704,0.0
698705,0.0
698706,0.0
698707,0.0
698708,0.0
698709,0.0
698710,0.0
698711,0.0
698712,0.0
698713,0.0
698714,0.0
698715,0.0
698716,0.0
698717,0.0
698718,0.0
698719,0.0
698720,0.0
698721,0.0
698722,1.2769956e-31
698723,0.0
698724,0.0
698725,0.0
698726,0.0
698727,0.0
698728,0.0
698729,0.0
698730,0.0
698731,0.0
698732,0.0
698733,0.0
698734,0.0
698735,0.0
698736,0.0
698737,0.0
698738,0.0
698739,0.0
698740,0.0
698741,0.0
698742,0.0
698743,0.0
698744,0.0
698745,0.0
698746,0.0
698747,0.0
698748,0.0
698749,0.0
698750,0.0
698751,0.0
698752,0.0
698753,0.0
698754,0.0
698755,0.0
698756,0.0
698757,0.0
698758,0.0
698759,0.0
698760,0.0
698761,0.0
698762,0.0
698763,0.0
698764,0.0
698765,0.0
698766,0.0
698767,0.0
698768,0.0
698769,0.0
698770,0.0
698771,0.0
698772,0.0
698773,0.0
698774,0.0
698775,0.0
698776,0.0
698777,0.0
698778,0.000283882
698779,0.0
698780,0.0
698781,0.0
698782,0.0
698783,0.0
698784,0.0
698785,0.0
698786,0.0
698787,0.0
698788,0.0
698789,0.0
698790,0.0
698791,0.0
698792,0.0
698793,0.0
698794,0.0
698795,0.0
698796,0.0
698797,0.0
698798,0.0
698799,0.0
698800,0.0
698801,0.0
698802,0.0
698803,0.0
698804,0.0
698805,0.0
698806,0.0
698807,0.0
698808,0.0
698809,0.0
698810,0.0
698811,0.0
698812,0.0
698813,0.0
698814,0.0
698815,0.0
698816,0.0
698817,0.0
698818,0.0
698819,0.0
698820,0.0
698821,0.0
698822,0.0
698823,0.0
698824,0.0
698825,0.0
698826,0.0
698827,0.0
698828,0.0
698829,0.0
698830,0.0
698831,0.0
698832,0.0
698833,0.0
698834,0.0
698835,0.0
698836,0.0
698837,0.0
698838,0.0
698839,0.0
698840,0.0
698841,0.0
698842,0.0
698843,0.0
698844,0.0
698845,0.0
698846,0.0
698847,0.0
698848,0.0
698849,0.0
698850,0.0
698851,0.0
698852,0.0
698853,0.0
698854,0.0
698855,0.0
698856,0.0
698857,0.0
698858,0.0
698859,0.0
698860,0.0
698861,0.0
698862,0.0
698863,0.0
698864,0.0
698865,0.0
698866,0.0
698867,0.0
698868,0.0
698869,0.0
698870,0.0
698871,0.0
698872,0.0
698873,0.0
698874,0.0
698875,0.0
698876,0.0
698877,0.0
698878,0.0
698879,0.0
698880,0.0
698881,0.0
698882,0.0
698883,0.0
698884,0.0
698885,0.0
698886,0.0
698887,0.0
698888,0.0
698889,0.0
698890,0.0
698891,0.0
698892,0.0
698893,0.0
698894,0.0
698895,0.0
698896,0.0
698897,0.0
698898,0.0
698899,0.0
698900,0.0
698901,0.0
698902,0.0
698903,0.0
698904,0.0
698905,0.0
698906,0.0
698907,0.0
698908,0.0
698909,0.0
698910,0.0
698911,0.0
698912,0.0
698913,0.0
698914,0.0
698915,0.0
698916,0.0
698917,0.0
698918,0.0
698919,0.0
698920,0.0
698921,0.0
698922,0.0
698923,0.0
698924,0.0
698925,0.0
698926,0.0
698927,5.1774756e-30
698928,0.0
698929,0.0
698930,0.0
698931,0.0
698932,0.0
698933,0.0
698934,0.0
698935,0.0
698936,0.0
698937,0.0
698938,0.0
698939,0.0
698940,0.0
698941,0.0
698942,0.0
698943,0.0
698944,0.0
698945,0.0
698946,0.0
698947,0.0
698948,0.0
698949,0.0
698950,0.0
698951,0.0
698952,0.0
698953,0.0
698954,0.0
698955,0.0
698956,0.0
698957,0.0
698958,0.0
698959,0.0
698960,0.0
698961,0.0
698962,0.0
698963,0.0
698964,0.0
698965,0.0
698966,0.0
698967,0.0
698968,0.0
698969,0.0
698970,0.0
698971,0.0
698972,0.0
698973,0.0
698974,0.0
698975,0.0
698976,0.0
698977,0.0
698978,0.0
698979,0.0
698980,0.0
698981,0.0
698982,0.0
698983,0.0
698984,0.0
698985,0.0
698986,0.0
698987,0.0
698988,0.0
698989,0.0
698990,0.0
698991,0.0
698992,0.0
698993,0.0
698994,0.0
698995,0.0
698996,0.0
698997,0.0
698998,0.0
698999,0.0
699000,0.0
699001,0.0
699002,0.0
699003,0.0
699004,0.0
699005,0.0
699006,0.0
699007,0.0
699008,0.0
699009,0.0
699010,0.0
699011,0.0
699012,0.0
699013,0.0
699014,0.0
699015,0.0
699016,0.0
699017,0.0
699018,0.0
699019,0.0
699020,0.0
699021,0.0
699022,0.0
699023,0.0
699024,0.0
699025,0.0
699026,0.0
699027,0.0
699028,0.0
699029,0.0
699030,0.0
699031,0.0
699032,0.0
699033,0.0
699034,0.0
699035,0.0
699036,0.0
699037,0.0
699038,0.0
699039,0.0
699040,0.0
699041,0.0
699042,0.0
699043,0.0
699044,0.0
699045,0.0
699046,0.0
699047,0.0
699048,0.0
699049,0.0
699050,0.0
699051,0.0
699052,0.0
699053,0.0
699054,0.0
699055,0.0
699056,0.0
699057,0.0
699058,0.0
699059,0.0
699060,0.0
699061,0.0
699062,0.0
699063,0.0
699064,0.0
699065,0.0
699066,0.0
699067,0.0
699068,0.0
699069,0.0
699070,0.0
699071,0.0
699072,3.116804e-08
699073,0.0
699074,0.0
699075,0.0
699076,0.0
699077,4.233712e-26
699078,0.0
699079,0.0
699080,0.0
699081,0.0
699082,0.0
699083,0.0
699084,0.0
699085,0.0
699086,0.0
699087,0.0
699088,0.0
699089,0.0
699090,0.0
699091,0.0
699092,0.0
699093,0.0
699094,0.0
699095,0.0
699096,0.0
699097,0.0
699098,0.0
699099,0.0
699100,0.0
699101,0.0
699102,0.0
699103,0.0
699104,0.0
699105,0.0
699106,0.0
699107,0.0
699108,0.0
699109,0.0
699110,0.0
699111,0.0
699112,0.0
699113,0.0
699114,0.0
699115,0.0
699116,0.0
699117,0.0
699118,0.0
699119,0.0
699120,0.0
699121,0.0
699122,0.0
699123,0.0
699124,0.0
699125,0.0
699126,0.0
699127,0.0
699128,0.0
699129,0.0
699130,0.0
699131,0.0
699132,0.0
699133,0.0
699134,0.0
699135,0.0
699136,0.0
699137,0.0
699138,0.0
699139,0.0
699140,0.0
699141,0.0
699142,0.0
699143,0.0
699144,0.0
699145,0.0
699146,3.645837e-39
699147,0.0
699148,0.0
699149,0.0
699150,0.0
699151,0.0
699152,0.0
699153,0.0
699154,0.0
699155,0.0
699156,0.0
699157,0.0
699158,0.0
699159,0.0
699160,8.7794664e-32
699161,0.0
699162,0.0
699163,0.0
699164,0.0
699165,0.0
699166,0.0
699167,0.0
699168,0.0
699169,0.0
699170,0.0
699171,0.0
699172,0.0
699173,0.0
699174,0.0
699175,0.0
699176,0.0
699177,0.0
699178,0.0
699179,0.0
699180,0.0
699181,0.0
699182,0.0
699183,0.0
699184,0.0
699185,0.0
699186,0.0
699187,0.0
699188,0.0
699189,0.0
699190,0.0
699191,0.0
699192,0.0
699193,0.0
699194,0.0
699195,0.0
699196,0.0
699197,0.0
699198,0.0
699199,0.0
699200,0.0
699201,0.0
699202,0.0
699203,0.0
699204,0.0
699205,0.0
699206,0.0
699207,0.0
699208,0.0
699209,0.0
699210,0.0
699211,0.0
699212,0.0
699213,0.0
699214,0.0
699215,0.0
699216,0.0
699217,0.0
699218,0.0
699219,0.0
699220,0.0
699221,0.0
699222,0.0
699223,0.0
699224,0.0
699225,0.0
699226,0.0
699227,0.0
699228,0.0
699229,0.0
699230,0.0
699231,0.0
699232,0.0
699233,0.0
699234,0.0
699235,0.0
699236,0.0
699237,0.0
699238,0.0
699239,0.0
699240,0.0
699241,0.0
699242,0.0
699243,0.0
699244,0.0
699245,0.0
699246,0.0
699247,0.0
699248,0.0
699249,0.0
699250,0.0
699251,0.0
699252,0.0
699253,0.0
699254,0.0
699255,0.0
699256,0.0
699257,0.0
699258,0.0
699259,0.0
699260,0.0
699261,0.0
699262,0.0
699263,0.0
699264,0.0
699265,0.0
699266,0.0
699267,0.0
699268,0.0
699269,0.0
699270,0.0
699271,0.0
699272,0.0
699273,0.0
699274,6.772347e-26
699275,0.0
699276,0.0
699277,0.0
699278,0.0
699279,0.0
699280,0.0
699281,0.0
699282,0.0
699283,0.0
699284,0.0
699285,0.0
699286,0.0
699287,0.0
699288,0.0
699289,0.0
699290,0.0
699291,0.0
699292,0.0
699293,0.0
699294,0.0
699295,0.0
699296,0.0
699297,0.0
699298,0.0
699299,0.0
699300,0.0
699301,0.0
699302,0.0
699303,0.0
699304,0.0
699305,0.0
699306,0.0
699307,0.0
699308,0.0
699309,0.0
699310,0.0
699311,0.0
699312,0.0
699313,0.0
699314,0.0
699315,0.0
699316,0.0
699317,0.0
699318,0.0
699319,0.0
699320,0.0
699321,0.0
699322,0.0
699323,0.0
699324,1.1909079e-17
699325,0.0
699326,0.0
699327,0.0
699328,0.0
699329,0.0
699330,0.0
699331,0.0
699332,0.0
699333,0.0
699334,0.0
699335,0.0
699336,0.0
699337,0.0
699338,0.0
699339,0.0
699340,0.0
699341,0.0
699342,0.0
699343,0.0
699344,0.0
699345,0.0
699346,0.0
699347,0.0
699348,0.0
699349,0.0
699350,0.0
699351,0.0
699352,0.0
699353,0.0
699354,0.0
699355,0.0
699356,0.0
699357,0.0
699358,0.0
699359,0.0
699360,0.0
699361,0.0
699362,0.0
699363,0.0
699364,0.0
699365,0.0
699366,0.0
699367,0.0
699368,0.0
699369,0.0
699370,0.0
699371,0.0
699372,0.0
699373,0.0
699374,0.0
699375,0.0
699376,0.0
699377,0.0
699378,0.0
699379,0.0
699380,0.0
699381,0.0
699382,0.0
699383,0.0
699384,0.0
699385,0.0
699386,0.0
699387,0.0
699388,0.0
699389,0.0
699390,0.0
699391,0.0
699392,0.0
699393,0.0
699394,0.0
699395,0.0
699396,0.0
699397,0.0
699398,0.0
699399,0.0
699400,0.0
699401,0.0
699402,0.0
699403,0.0
699404,0.0
699405,0.0
699406,0.0
699407,0.0
699408,0.0
699409,2.1744694e-34
699410,0.0
699411,0.0
699412,0.0
699413,0.0
699414,0.0
699415,0.0
699416,0.0
699417,0.0
699418,0.0
699419,0.0
699420,0.0
699421,0.0
699422,0.0
699423,0.0
699424,0.0
699425,0.0
699426,0.0
699427,0.0
699428,0.0
699429,0.0
699430,0.0
699431,0.0
699432,0.0
699433,0.0
699434,0.0
699435,0.0
699436,0.0
699437,0.0
699438,0.0
699439,0.0
699440,0.0
699441,0.0
699442,0.0
699443,0.0
699444,0.0
699445,0.0
699446,0.0
699447,0.0
699448,0.0
699449,0.0
699450,0.0
699451,0.0
699452,0.0
699453,0.0
699454,0.0
699455,0.0
699456,0.0
699457,0.0
699458,0.0
699459,0.0
699460,0.36242384
699461,0.0
699462,0.0
699463,0.0
699464,0.0
699465,0.0
699466,0.0
699467,0.0
699468,0.0
699469,0.0
699470,0.0
699471,0.0
699472,0.0
699473,0.0
699474,0.0
699475,0.0
699476,0.0
699477,0.0
699478,0.0
699479,0.0
699480,0.0
699481,0.0
699482,0.0
699483,0.0
699484,0.0
699485,0.0
699486,0.0
699487,0.0
699488,0.0
699489,0.0
699490,0.0
699491,0.0
699492,0.0
699493,0.0
699494,0.0
699495,0.0
699496,0.0
699497,0.0
699498,0.0
699499,0.0
699500,0.0
699501,0.0
699502,0.0
699503,0.0
699504,0.0
699505,0.0
699506,0.0
699507,0.0
699508,0.0
699509,0.0
699510,0.0
699511,0.0
699512,0.0
699513,0.0
699514,0.36242384
699515,0.0
699516,0.0
699517,0.0
699518,0.0
699519,0.0
699520,0.0
699521,0.0
699522,0.0
699523,0.0
699524,0.0
699525,0.0
699526,0.0
699527,0.0
699528,0.0
699529,0.0
699530,8.2301554e-08
699531,0.0
699532,0.0
699533,0.0
699534,0.0
699535,0.0
699536,0.0
699537,0.0
699538,0.0
699539,0.0
699540,0.0
699541,0.0
699542,0.0
699543,0.0
699544,0.0
699545,0.0
699546,0.0
699547,0.0
699548,0.0
699549,0.0
699550,0.0
699551,0.0
699552,0.0
699553,0.0
699554,0.0
699555,0.0
699556,0.0
699557,0.0
699558,0.0
699559,0.0
699560,0.0
699561,0.0
699562,0.0
699563,0.0
699564,0.0
699565,0.0
699566,0.0
699567,0.0
699568,0.0
699569,0.0
699570,0.0
699571,0.0
699572,0.0
699573,0.0
699574,0.0
699575,0.0
699576,0.0
699577,0.0
699578,0.0
699579,0.0
699580,0.0
699581,0.0
699582,0.0
699583,0.0
699584,0.0
699585,0.0
699586,0.0
699587,0.0
699588,0.0
699589,0.0
699590,0.0
699591,0.0
699592,0.0
699593,0.0
699594,0.0
699595,0.0
699596,0.0
699597,0.0
699598,0.0
699599,0.0
699600,0.0
699601,0.0
699602,0.0
699603,0.0
699604,0.0
699605,0.0
699606,0.0
699607,0.0
699608,0.0
699609,0.0
699610,0.0
699611,0.0
699612,0.0
699613,0.0
699614,0.0
699615,0.0
699616,0.0
699617,0.0
699618,0.0
699619,0.0
699620,0.0
699621,0.0
699622,0.0
699623,0.0
699624,0.0
699625,0.0
699626,0.0
699627,0.0
699628,0.0
699629,0.0
699630,0.0
699631,0.0
699632,0.0
699633,0.0
699634,0.0
699635,0.0
699636,0.0
699637,0.0
699638,0.0
699639,0.0
699640,0.0
699641,0.0
699642,0.0
699643,0.0
699644,0.0
699645,0.0
699646,0.0
699647,0.0
699648,0.0
699649,0.0
699650,0.0
699651,0.0
699652,0.0
699653,0.0
699654,0.0
699655,0.0
699656,0.0
699657,0.0
699658,0.0
699659,0.0
699660,0.0
699661,0.0
699662,0.0
699663,0.0
699664,0.0
699665,0.0
699666,0.0
699667,0.0
699668,0.0
699669,0.0
699670,0.0
699671,5.056605e-26
699672,0.0
699673,0.0
699674,0.0
699675,0.0
699676,0.0
699677,0.0
699678,0.0
699679,0.0
699680,0.0
699681,0.0
699682,0.0
699683,0.0
699684,0.0
699685,0.0
699686,0.0
699687,0.0
699688,0.0
699689,0.0
699690,0.0
699691,0.0
699692,0.0
699693,0.0
699694,0.0
699695,0.0
699696,0.0
699697,0.0
699698,0.0
699699,0.0
699700,0.0
699701,0.0
699702,0.0
699703,0.0
699704,0.0
699705,0.0
699706,0.0
699707,0.0
699708,0.0
699709,0.0
699710,0.0
699711,0.0
699712,0.0
699713,0.0
699714,0.0
699715,0.0
699716,0.0
699717,0.0
699718,0.0
699719,0.0
699720,0.0
699721,0.0
699722,0.0
699723,0.0
699724,0.0
699725,0.0
699726,0.0
699727,0.0
699728,0.0
699729,0.0
699730,0.0
699731,0.0
699732,0.0
699733,0.0
699734,0.0
699735,0.0
699736,0.0
699737,0.0
699738,0.0
699739,0.0
699740,0.0
699741,0.0
699742,0.0
699743,0.0
699744,0.0
699745,0.0
699746,0.0
699747,0.0
699748,0.0
699749,0.0
699750,0.0
699751,0.0
699752,0.0
699753,0.0
699754,0.0
699755,0.0
699756,0.0
699757,0.0
699758,0.0
699759,0.0
699760,0.0
699761,0.0
699762,0.0
699763,0.0
699764,0.0
699765,0.0
699766,0.0
699767,0.0
699768,0.0
699769,0.0
699770,0.0
699771,0.0
699772,0.0
699773,0.0
699774,0.0
699775,0.0
699776,0.0
699777,0.0
699778,0.0
699779,0.0
699780,0.0
699781,0.0
699782,0.0
699783,0.0
699784,0.0
699785,0.0
699786,0.0
699787,0.0
699788,0.0
699789,0.0
699790,0.0
699791,0.0
699792,0.0
699793,0.0
699794,0.0
699795,0.0
699796,0.0
699797,0.0
699798,0.0
699799,0.0
699800,0.0
699801,0.0
699802,0.0
699803,0.0
699804,0.0
699805,0.0
699806,0.0
699807,0.0
699808,0.0
699809,0.0
699810,0.0
699811,0.0
699812,0.0
699813,0.0
699814,0.0
699815,0.0
699816,0.0
699817,0.0
699818,0.0
699819,0.0
699820,0.0
699821,0.0
699822,0.0
699823,0.0
699824,0.0
699825,0.0
699826,0.0
699827,0.0
699828,0.0
699829,0.0
699830,0.0
699831,1.08268556e-23
699832,0.0
699833,0.0
699834,0.0
699835,0.0
699836,0.0
699837,3.692923e-17
699838,0.0
699839,0.0
699840,0.0
699841,0.0
699842,0.0
699843,0.0
699844,0.0
699845,0.0
699846,0.0
699847,0.0
699848,0.0
699849,0.0
699850,0.0
699851,0.0
699852,0.0
699853,0.0
699854,0.0
699855,0.0
699856,0.0
699857,0.0
699858,0.0
699859,0.0
699860,0.0
699861,0.0
699862,0.0
699863,0.0
699864,0.0
699865,0.0
699866,0.0
699867,0.0
699868,0.0
699869,0.0
699870,0.0
699871,0.0
699872,0.0
699873,0.0
699874,0.0
699875,0.0
699876,0.0
699877,0.0
699878,0.0
699879,0.0
699880,0.0
699881,0.0
699882,0.0
699883,0.0
699884,0.0
699885,0.0
699886,0.0
699887,0.0
699888,0.0
699889,0.0
699890,0.0
699891,0.0
699892,0.0
699893,0.0
699894,0.0
699895,0.0
699896,0.0
699897,0.0
699898,0.0
699899,0.0
699900,0.0
699901,0.0
699902,0.0
699903,0.0
699904,0.0
699905,2.8314322e-08
699906,0.0
699907,0.0
699908,0.0
699909,0.0
699910,0.0
699911,4.866346e-05
699912,0.0
699913,0.0
699914,0.0
699915,0.0
699916,0.0
699917,0.0
699918,0.0
699919,0.0
699920,0.0
699921,0.0
699922,0.0
699923,0.0
699924,0.0
699925,0.0
699926,0.0
699927,0.0
699928,0.0
699929,0.0
699930,0.0
699931,0.0
699932,0.0
699933,0.0
699934,0.0
699935,0.0
699936,0.0
699937,0.0
699938,1.2495533e-37
699939,0.0
699940,0.0
699941,0.0
699942,0.0
699943,0.0
699944,0.0
699945,0.0
699946,0.0
699947,0.0
699948,0.0
699949,0.0
699950,0.0
699951,0.0
699952,0.0
699953,0.0
699954,0.0
699955,0.0
699956,0.0
699957,0.0
699958,0.00029551558
699959,0.0
699960,0.0
699961,0.0
699962,0.0
699963,0.0
699964,0.0
699965,0.0
699966,0.0
699967,0.0
699968,0.0
699969,0.0
699970,0.0
699971,0.0
699972,0.0
699973,0.0
699974,0.0
699975,0.0
699976,0.0
699977,0.0
699978,0.0
699979,0.0
699980,0.0
699981,0.0
699982,0.0
699983,0.0
699984,0.0
699985,0.0
699986,0.0
699987,0.0
699988,0.0
699989,0.0
699990,0.0
699991,0.0
699992,0.0
699993,0.0
699994,0.0
699995,0.0
699996,0.0
699997,0.0
699998,0.0
699999,0.0
700000,0.0
700001,0.0
700002,0.0
700003,0.0
700004,0.0
700005,0.0
700006,0.0
700007,0.0
700008,0.0
700009,0.0
700010,0.0
700011,0.0
700012,0.0
700013,0.0
700014,0.0
700015,0.0
700016,0.0
700017,0.0
700018,0.0
700019,0.0
700020,0.0
700021,0.0
700022,0.0
700023,0.0
700024,0.0
700025,0.0
700026,0.0
700027,0.0
700028,0.0
700029,0.0
700030,0.0
700031,0.0
700032,0.0
700033,0.0
700034,0.0
700035,0.0
700036,0.0
700037,0.0
700038,0.0
700039,0.0
700040,0.0
700041,0.0
700042,0.0
700043,0.0
700044,0.0
700045,0.0
700046,0.0
700047,0.0
700048,0.0
700049,0.0
700050,0.0
700051,0.0
700052,0.0
700053,0.0
700054,0.0
700055,0.0
700056,0.0
700057,0.0
700058,0.0
700059,0.0
700060,0.0
700061,0.0
700062,0.0
700063,0.0
700064,0.0
700065,0.0
700066,0.0
700067,0.0
700068,0.0
700069,0.0
700070,0.0
700071,0.0
700072,0.0
700073,0.0
700074,0.0
700075,0.0
700076,0.0
700077,0.0
700078,0.0
700079,0.0
700080,0.0
700081,0.0
700082,0.0
700083,0.0
700084,0.0
700085,0.0
700086,0.0
700087,0.0
700088,0.0
700089,0.0
700090,0.0
700091,0.0
700092,0.0
700093,0.0
700094,0.0
700095,0.0
700096,0.0
700097,0.0
700098,0.0
700099,0.0
700100,0.0
700101,0.0
700102,0.0
700103,0.0
700104,0.0
700105,0.0
700106,0.0
700107,0.0
700108,0.0
700109,0.041413605
700110,0.0
700111,0.0
700112,0.0
700113,0.0
700114,0.0
700115,0.0
700116,0.0
700117,0.0
700118,0.0
700119,0.0
700120,0.0
700121,0.0
700122,0.0
700123,0.0
700124,0.0
700125,0.0
700126,0.0
700127,0.0
700128,0.0
700129,0.0
700130,0.0
700131,0.0
700132,0.0
700133,0.0
700134,0.0
700135,0.0
700136,0.0
700137,0.0
700138,0.0
700139,0.0
700140,0.0
700141,0.0
700142,0.0
700143,0.0
700144,0.0
700145,0.0
700146,0.0
700147,0.0
700148,0.0
700149,0.0
700150,0.0
700151,0.0
700152,0.0
700153,0.0
700154,0.0
700155,0.0
700156,0.0
700157,0.0
700158,0.0
700159,0.0
700160,0.0
700161,0.0
700162,0.0
700163,0.0
700164,0.0
700165,0.0
700166,0.0
700167,0.0
700168,0.0
700169,0.0
700170,0.0
700171,0.0
700172,0.0
700173,0.0
700174,0.0
700175,0.0
700176,0.0
700177,0.0
700178,0.0
700179,0.0
700180,0.0
700181,0.0
700182,0.0
700183,0.0
700184,0.0
700185,0.0
700186,0.0
700187,0.0
700188,0.0
700189,0.0
700190,0.0
700191,0.0
700192,0.0
700193,0.0
700194,0.0
700195,0.0
700196,0.0
700197,0.0
700198,0.0
700199,0.0
700200,0.000108026485
700201,0.0
700202,0.0
700203,0.0
700204,0.0
700205,0.0
700206,0.0
700207,0.0
700208,0.0
700209,0.0
700210,0.0
700211,0.0
700212,0.0
700213,0.0
700214,0.0
700215,0.0
700216,0.0
700217,0.0
700218,0.0
700219,0.0
700220,0.0
700221,0.0
700222,0.0
700223,0.0
700224,0.0
700225,0.0
700226,0.0
700227,0.0
700228,0.0
700229,0.0
700230,0.0
700231,0.0
700232,0.0
700233,0.0
700234,0.0
700235,0.0
700236,0.0
700237,0.0
700238,0.0
700239,0.0
700240,0.0
700241,0.0
700242,0.0
700243,0.0
700244,0.0
700245,0.0
700246,0.0
700247,0.0
700248,0.0
700249,0.0
700250,0.0
700251,0.0
700252,0.0
700253,0.0
700254,0.0
700255,0.0
700256,0.0
700257,0.0
700258,0.0
700259,0.0
700260,0.0
700261,0.0
700262,0.0
700263,0.0
700264,0.0
700265,0.0
700266,0.0
700267,0.0
700268,0.0
700269,0.0
700270,0.0
700271,0.0
700272,0.0
700273,0.0
700274,0.0
700275,0.0
700276,0.0
700277,0.0
700278,0.0
700279,0.0
700280,0.0
700281,0.0
700282,0.0
700283,0.0
700284,0.0
700285,0.0
700286,0.0
700287,0.0
700288,0.0
700289,0.0
700290,0.0
700291,0.0
700292,0.0
700293,8.455729e-33
700294,0.0
700295,0.0
700296,0.0
700297,0.0
700298,0.0
700299,0.0
700300,0.0
700301,0.0
700302,0.0
700303,0.0
700304,0.0
700305,0.0
700306,0.0
700307,0.0
700308,0.0
700309,0.0
700310,0.0
700311,0.0
700312,0.0
700313,0.0
700314,0.0
700315,0.0
700316,0.0
700317,0.0
700318,0.0
700319,0.0
700320,0.0
700321,0.0
700322,0.0
700323,0.0
700324,0.0
700325,0.0
700326,0.0
700327,0.0
700328,0.0
700329,0.0
700330,0.0
700331,0.0
700332,0.0
700333,0.0
700334,0.0
700335,0.0
700336,0.0
700337,0.0
700338,0.0
700339,0.0
700340,0.0
700341,0.0
700342,0.0
700343,0.0
700344,0.0
700345,0.0
700346,0.0
700347,0.0
700348,0.0
700349,0.0
700350,0.0
700351,0.0
700352,0.0
700353,0.0
700354,0.0
700355,0.0
700356,0.0
700357,0.0
700358,0.0
700359,0.0
700360,0.0
700361,0.0
700362,0.0
700363,0.0
700364,0.0
700365,0.0
700366,0.0
700367,0.0
700368,0.0
700369,0.0
700370,0.0
700371,0.0
700372,0.0
700373,0.0
700374,0.0
700375,0.0
700376,0.0
700377,0.0
700378,0.0
700379,0.0
700380,0.0
700381,0.0
700382,0.0
700383,0.0
700384,0.0
700385,0.0
700386,0.0
700387,0.0
700388,0.0
700389,8.648602e-31
700390,0.0
700391,0.0
700392,0.0
700393,0.0
700394,0.0
700395,0.0
700396,0.0
700397,0.0
700398,0.0
700399,0.0
700400,0.0
700401,0.0
700402,0.0
700403,0.15323868
700404,0.0
700405,1.8076095e-18
700406,0.0
700407,0.0
700408,0.0
700409,0.0
700410,0.0
700411,0.0
700412,0.0
700413,0.0
700414,0.0
700415,0.0
700416,0.0
700417,0.0
700418,0.0
700419,0.0
700420,0.0
700421,0.0
700422,0.0
700423,0.0
700424,0.0
700425,0.0
700426,0.0
700427,0.0
700428,0.0
700429,0.0
700430,0.0
700431,0.0
700432,0.0
700433,0.0
700434,0.0
700435,0.0
700436,0.0
700437,0.0
700438,0.0
700439,0.0
700440,0.0
700441,0.0
700442,0.0
700443,0.0
700444,0.0
700445,0.0
700446,0.0
700447,0.0
700448,0.0
700449,0.0
700450,0.0
700451,0.0
700452,0.0
700453,0.0
700454,0.0
700455,0.0
700456,0.0
700457,0.0
700458,0.0
700459,0.0
700460,0.0
700461,0.0
700462,0.0
700463,0.0
700464,0.0
700465,0.0
700466,0.0
700467,0.0
700468,0.0
700469,0.0
700470,0.0
700471,0.0
700472,0.0
700473,0.0
700474,0.0
700475,0.0
700476,0.0
700477,0.0
700478,0.0
700479,0.0
700480,0.0
700481,0.0
700482,0.0
700483,0.0
700484,0.0
700485,0.0
700486,0.0
700487,0.0
700488,0.0
700489,0.0
700490,0.0
700491,0.0
700492,0.0
700493,0.0
700494,0.0
700495,0.0
700496,0.0
700497,0.0
700498,0.0
700499,0.0
700500,0.0
700501,0.0
700502,0.0
700503,0.0
700504,0.0
700505,0.0
700506,0.0
700507,0.0
700508,0.0
700509,0.0
700510,0.0
700511,0.0
700512,0.0
700513,0.0
700514,0.0
700515,0.0
700516,0.0
700517,0.0
700518,0.0
700519,0.0
700520,0.0
700521,0.0
700522,0.0
700523,0.0
700524,0.0
700525,0.0
700526,0.0
700527,0.0
700528,0.0
700529,0.0
700530,0.0
700531,0.0
700532,0.0
700533,0.0
700534,0.0
700535,0.0
700536,0.0
700537,0.0
700538,0.0
700539,0.0
700540,0.0
700541,0.0
700542,0.0
700543,0.0
700544,0.36242384
700545,0.0
700546,0.0
700547,0.0
700548,0.0
700549,0.0
700550,0.0
700551,0.0
700552,0.0
700553,0.0
700554,0.0
700555,0.0
700556,0.0
700557,0.0
700558,0.0
700559,0.0
700560,0.0
700561,0.0
700562,0.0
700563,0.0
700564,0.0
700565,0.0
700566,0.0
700567,0.0
700568,0.0
700569,0.0
700570,0.0
700571,0.0
700572,0.0
700573,0.0
700574,0.0
700575,0.0
700576,0.0
700577,0.0
700578,0.0
700579,0.0
700580,0.0
700581,0.0
700582,0.0
700583,0.0
700584,0.0
700585,0.0
700586,0.0
700587,0.0
700588,0.0
700589,0.0
700590,0.0
700591,0.0
700592,0.0
700593,0.0
700594,0.0
700595,0.0
700596,0.0
700597,0.0
700598,0.0
700599,3.431634e-29
700600,0.0
700601,0.0
700602,0.0
700603,0.0
700604,0.0
700605,0.0
700606,0.0
700607,0.0
700608,0.0
700609,0.0
700610,0.0
700611,0.0
700612,0.0
700613,0.0
700614,0.0
700615,0.0
700616,0.0
700617,0.0
700618,0.0
700619,0.0
700620,0.0
700621,0.0
700622,0.0
700623,0.0
700624,0.0
700625,0.0
700626,0.0
700627,0.0
700628,0.0
700629,0.0
700630,0.0
700631,0.0
700632,0.0
700633,0.086492114
700634,0.0
700635,0.0
700636,0.0
700637,0.0
700638,0.0
700639,0.0
700640,0.0
700641,0.0
700642,0.0
700643,0.0
700644,0.0
700645,0.0
700646,0.0
700647,0.0
700648,0.0
700649,0.0
700650,0.0
700651,0.0
700652,0.0
700653,0.0
700654,0.0
700655,0.0
700656,0.0
700657,0.0
700658,0.0
700659,0.0
700660,0.0
700661,0.0
700662,0.0
700663,0.0
700664,0.0
700665,0.0
700666,0.0
700667,0.0
700668,0.0
700669,0.0
700670,0.0
700671,0.0
700672,0.0
700673,0.0
700674,0.0
700675,0.0
700676,0.0
700677,0.0
700678,0.0
700679,0.0
700680,0.0
700681,0.0
700682,0.0
700683,0.0
700684,0.0
700685,0.0
700686,0.0
700687,0.0
700688,0.0
700689,0.0
700690,0.0
700691,0.0
700692,0.0
700693,0.0
700694,0.0
700695,0.0
700696,0.0
700697,0.0
700698,0.0
700699,0.0
700700,0.0
700701,0.0
700702,0.0
700703,0.0
700704,0.0
700705,0.0
700706,0.0
700707,0.098440245
700708,0.0
700709,0.0
700710,0.0
700711,0.0
700712,0.0
700713,0.0
700714,0.0
700715,0.0
700716,0.0
700717,0.0
700718,0.0
700719,0.0
700720,0.08006609
700721,0.0
700722,0.0
700723,0.0
700724,0.0
700725,0.0
700726,0.0
700727,0.0
700728,0.0
700729,0.0
700730,0.0
700731,0.0
700732,0.0
700733,0.0
700734,0.0
700735,0.0
700736,7.342807e-37
700737,0.0
700738,0.0
700739,0.0
700740,0.0
700741,0.0
700742,0.0
700743,0.0
700744,0.0
700745,0.0
700746,0.0
700747,0.0
700748,0.0
700749,0.0
700750,0.0
700751,0.0
700752,0.0
700753,0.0
700754,0.0
700755,0.0
700756,0.0
700757,0.0
700758,0.0
700759,0.0
700760,0.0
700761,0.0
700762,0.0
700763,0.0
700764,0.0
700765,0.0
700766,0.0
700767,0.0
700768,0.0
700769,0.0
700770,0.0
700771,0.0
700772,0.0
700773,0.0
700774,0.0
700775,0.0
700776,0.0
700777,0.0
700778,0.0
700779,0.0
700780,0.0
700781,0.0
700782,0.0
700783,0.0
700784,0.0
700785,0.0
700786,0.0
700787,0.0
700788,0.0
700789,0.0
700790,0.0
700791,0.0
700792,0.0
700793,0.0
700794,0.0
700795,0.0
700796,0.0
700797,0.0
700798,0.0
700799,0.0
700800,0.0
700801,0.0
700802,0.0
700803,0.0
700804,0.0
700805,0.0
700806,0.0
700807,0.0
700808,0.0
700809,0.0
700810,0.0
700811,0.0
700812,0.0
700813,0.0
700814,0.0
700815,0.0
700816,0.0
700817,0.0
700818,0.0
700819,0.0
700820,0.0
700821,0.0
700822,0.0
700823,0.0
700824,0.0
700825,0.0
700826,0.0
700827,0.0
700828,0.0
700829,0.0
700830,0.0
700831,0.0
700832,0.0
700833,0.0
700834,0.0
700835,0.0
700836,0.0
700837,0.0
700838,0.0
700839,0.0
700840,0.0
700841,0.0
700842,0.0
700843,0.0
700844,0.0
700845,0.0
700846,0.0
700847,0.0
700848,0.0
700849,0.0
700850,0.0
700851,0.0
700852,0.0
700853,0.0
700854,0.0
700855,0.0
700856,0.0
700857,0.0
700858,0.0
700859,0.0
700860,0.0
700861,0.0
700862,0.0
700863,0.0
700864,0.0
700865,0.0
700866,0.0
700867,0.0
700868,0.0
700869,0.0
700870,0.0
700871,0.0
700872,0.0
700873,0.0
700874,2.7838135e-17
700875,0.0
700876,0.0
700877,0.0
700878,0.0
700879,0.0
700880,0.0
700881,0.0
700882,0.0
700883,0.0
700884,0.0
700885,0.0
700886,0.0
700887,0.0
700888,0.0
700889,0.0
700890,0.0
700891,0.0
700892,0.0
700893,0.0
700894,0.0
700895,0.0
700896,0.0
700897,0.0
700898,0.0
700899,0.0
700900,0.0
700901,0.0
700902,0.0
700903,0.0
700904,0.0
700905,0.0
700906,0.0
700907,0.0
700908,0.0
700909,0.0
700910,0.0
700911,0.0
700912,0.0
700913,0.0
700914,0.0
700915,0.0
700916,0.0
700917,0.0
700918,0.0
700919,0.0
700920,0.0
700921,0.0
700922,0.0
700923,0.0
700924,0.0
700925,0.0
700926,0.0
700927,0.0
700928,0.0
700929,0.0
700930,0.0
700931,0.0
700932,0.0
700933,0.0
700934,0.0
700935,0.0
700936,0.0
700937,0.0
700938,0.0
700939,0.0
700940,0.0
700941,0.0
700942,0.0
700943,0.0
700944,7.085394e-28
700945,0.0
700946,0.0
700947,0.0
700948,0.0
700949,0.0
700950,0.0
700951,0.0
700952,0.0
700953,0.0
700954,0.0
700955,0.0
700956,0.0
700957,0.0
700958,0.0
700959,0.0
700960,0.0
700961,0.0
700962,0.0
700963,0.0
700964,0.0
700965,0.0
700966,0.0
700967,0.0
700968,0.0
700969,0.0
700970,0.0
700971,0.0
700972,0.0
700973,0.0
700974,0.0
700975,0.0
700976,0.0
700977,0.0
700978,0.0
700979,0.0
700980,0.0
700981,0.0
700982,0.0
700983,0.0
700984,0.0
700985,0.0
700986,0.0
700987,0.0
700988,0.0
700989,0.0
700990,0.0
700991,0.0
700992,0.0
700993,0.0
700994,0.0
700995,0.0
700996,0.0
700997,0.0
700998,0.0
700999,0.0
701000,0.0
701001,0.0
701002,0.0
701003,0.0
701004,0.0
701005,0.0
701006,0.0
701007,0.0
701008,0.0
701009,0.0
701010,0.0
701011,0.0
701012,0.0
701013,0.0
701014,0.0
701015,0.0
701016,0.0
701017,0.0
701018,0.0
701019,0.0
701020,0.0
701021,0.0
701022,0.0
701023,0.0
701024,0.0
701025,0.0
701026,0.0
701027,0.0
701028,0.0
701029,0.0
701030,0.0
701031,0.0
701032,0.0
701033,0.0
701034,0.0
701035,0.0
701036,0.0
701037,0.0
701038,0.0
701039,0.0
701040,0.0
701041,0.0
701042,0.0
701043,0.0
701044,0.0
701045,0.0
701046,0.0
701047,0.0
701048,0.0
701049,0.0
701050,0.0
701051,0.0
701052,0.0
701053,0.0
701054,0.0
701055,0.0
701056,0.0
701057,0.0
701058,0.0
701059,0.0
701060,0.0
701061,0.0
701062,0.0
701063,0.0
701064,0.0
701065,0.0
701066,0.0
701067,0.0
701068,0.0
701069,0.0
701070,0.0
701071,0.0
701072,0.0
701073,0.0
701074,0.0
701075,0.0
701076,0.0
701077,0.0
701078,0.0
701079,0.0
701080,0.0
701081,0.0
701082,0.0
701083,0.0
701084,0.0
701085,0.0
701086,0.0
701087,0.0
701088,0.0
701089,0.0
701090,0.0
701091,0.0
701092,0.0
701093,0.0
701094,0.0
701095,0.0
701096,0.0
701097,0.0
701098,0.0
701099,0.0
701100,0.0
701101,0.0
701102,0.0
701103,0.0
701104,0.0
701105,0.0
701106,0.0
701107,0.0
701108,0.0
701109,0.0
701110,0.0
701111,0.0
701112,0.0
701113,0.0
701114,0.0
701115,0.0
701116,0.0
701117,0.0
701118,0.0
701119,0.0
701120,0.0
701121,0.0
701122,0.0
701123,7.7460587e-22
701124,0.0
701125,0.0
701126,0.0
701127,5.636252e-19
701128,0.0
701129,0.0
701130,0.0
701131,0.0
701132,0.0
701133,7.0002475e-23
701134,0.0
701135,0.0
701136,0.0
701137,0.0
701138,0.0
701139,0.0
701140,0.0
701141,0.0
701142,0.0
701143,0.0
701144,0.0
701145,0.0
701146,0.0
701147,0.0
701148,0.0
701149,0.0
701150,0.0
701151,0.0
701152,0.0
701153,0.0
701154,0.0
701155,0.0
701156,0.0
701157,0.0
701158,0.0
701159,0.0
701160,0.0
701161,0.0
701162,0.0
701163,0.0
701164,0.0
701165,0.0
701166,0.0
701167,0.0
701168,0.0
701169,0.0
701170,0.0
701171,0.0
701172,0.0
701173,0.0
701174,0.0
701175,0.0
701176,0.0
701177,0.0
701178,0.0
701179,0.0
701180,0.0
701181,0.0
701182,0.0
701183,0.0
701184,0.0
701185,0.0
701186,0.0
701187,0.0
701188,0.0
701189,0.0
701190,0.0
701191,0.0
701192,0.0
701193,0.0
701194,0.0
701195,0.0
701196,0.0
701197,0.0
701198,0.0
701199,0.0
701200,0.0
701201,0.0
701202,0.0
701203,0.0
701204,0.0
701205,0.0
701206,0.0
701207,0.0
701208,0.0
701209,0.0
701210,0.0
701211,0.0
701212,0.0
701213,0.0
701214,0.0
701215,0.0
701216,0.0
701217,0.0
701218,0.0
701219,0.0
701220,0.0
701221,0.0
701222,0.0
701223,0.0
701224,0.0
701225,0.0
701226,0.0
701227,0.0
701228,0.0
701229,0.0
701230,0.0
701231,0.0
701232,0.0
701233,0.0
701234,0.0
701235,0.0
701236,0.0
701237,0.0
701238,0.0
701239,0.0
701240,0.0
701241,0.0
701242,0.0
701243,0.0
701244,0.0
701245,0.0
701246,0.0
701247,0.0
701248,0.0
701249,0.0
701250,0.0
701251,0.0
701252,0.0
701253,0.0
701254,0.0
701255,0.0
701256,0.0
701257,0.0
701258,0.0
701259,0.0
701260,0.0
701261,0.0
701262,0.0
701263,0.0
701264,0.0
701265,0.0
701266,0.0
701267,0.0
701268,0.0
701269,0.0
701270,0.0
701271,0.0
701272,0.0
701273,0.0
701274,0.0
701275,0.0
701276,0.0
701277,0.0
701278,0.0
701279,0.0
701280,0.0
701281,0.0
701282,0.0
701283,0.0
701284,0.0
701285,0.0
701286,0.0
701287,0.0
701288,0.0
701289,0.0
701290,0.0
701291,0.0
701292,0.0
701293,0.0
701294,0.0
701295,0.0
701296,0.0
701297,0.0
701298,0.0
701299,0.0
701300,0.0
701301,0.0
701302,0.0
701303,0.0
701304,0.0
701305,0.0
701306,0.0
701307,0.0
701308,0.0
701309,0.0
701310,0.0
701311,0.0
701312,0.0
701313,0.0
701314,0.0
701315,0.0
701316,0.0
701317,0.0
701318,0.0
701319,0.0
701320,0.0
701321,0.0
701322,0.0
701323,0.0
701324,0.0
701325,0.0
701326,0.0
701327,0.0
701328,0.0
701329,0.0
701330,0.0
701331,0.0
701332,0.0
701333,0.0
701334,0.0
701335,0.0
701336,0.0
701337,0.0
701338,0.0
701339,0.0
701340,0.0
701341,0.0
701342,0.0
701343,0.0
701344,0.0
701345,0.0
701346,0.0
701347,0.0
701348,0.0
701349,0.0
701350,0.0
701351,0.0
701352,0.0
701353,0.0
701354,0.0
701355,0.0
701356,0.0
701357,0.0
701358,0.0
701359,0.0
701360,0.0
701361,0.0
701362,0.0
701363,0.0
701364,0.0
701365,0.0
701366,0.0
701367,0.0
701368,0.0
701369,0.0
701370,0.0
701371,0.0
701372,0.0
701373,0.0
701374,0.0
701375,0.0
701376,0.0
701377,0.0
701378,0.0
701379,0.0
701380,0.0
701381,0.0
701382,0.0
701383,0.0
701384,0.0
701385,0.0
701386,0.0
701387,0.0
701388,0.0
701389,0.0
701390,0.0
701391,0.0
701392,0.0
701393,0.0
701394,0.0
701395,0.0
701396,0.0
701397,0.0
701398,0.0
701399,0.0
701400,0.0
701401,0.0049056457
701402,0.0
701403,0.0
701404,0.0
701405,0.0
701406,0.0
701407,0.0
701408,0.0
701409,0.0
701410,0.0
701411,0.0
701412,0.0
701413,0.0
701414,0.0
701415,0.0
701416,0.0
701417,0.0
701418,0.0
701419,0.0
701420,0.0
701421,0.0
701422,0.0
701423,0.0
701424,0.0
701425,0.0
701426,0.0
701427,0.0
701428,0.0
701429,0.0
701430,0.0
701431,0.0
701432,0.0
701433,0.0
701434,0.0
701435,0.0
701436,0.0
701437,0.0
701438,0.0
701439,0.0
701440,0.0
701441,0.0
701442,0.0
701443,0.0
701444,0.0
701445,0.0
701446,0.0
701447,0.0
701448,0.0
701449,0.0
701450,0.0
701451,0.0
701452,0.0
701453,0.0
701454,0.0
701455,0.0
701456,0.0
701457,0.0
701458,0.0
701459,0.0
701460,0.0
701461,0.0
701462,2.2734886e-38
701463,0.0
701464,0.0
701465,0.0
701466,0.0
701467,0.0
701468,0.0
701469,0.0
701470,0.0
701471,0.0
701472,0.0
701473,0.0
701474,0.0
701475,0.0
701476,0.0
701477,0.0
701478,0.0
701479,0.0
701480,2.3121042e-06
701481,0.0
701482,0.0
701483,0.0
701484,0.0
701485,0.0
701486,0.0
701487,0.0
701488,0.0
701489,0.0
701490,0.0
701491,0.0
701492,0.0
701493,0.0
701494,0.0
701495,0.0
701496,0.0
701497,0.0
701498,0.0
701499,0.0
701500,0.0
701501,0.0
701502,0.0
701503,0.0
701504,0.0
701505,0.0
701506,0.0
701507,0.0
701508,0.0
701509,0.0
701510,0.0
701511,0.0
701512,0.0
701513,0.0
701514,0.0
701515,0.0
701516,0.0
701517,0.0
701518,0.0
701519,0.0
701520,0.0
701521,0.0
701522,0.0
701523,0.0
701524,0.0
701525,0.0
701526,0.0
701527,0.0
701528,0.0
701529,0.0
701530,0.0
701531,0.0
701532,0.0
701533,0.0
701534,1.2542348e-35
701535,0.0
701536,0.0
701537,0.0
701538,0.0
701539,0.0
701540,0.0
701541,0.0
701542,0.0
701543,0.0
701544,0.0
701545,0.0
701546,0.0
701547,0.0
701548,0.0
701549,0.0
701550,0.0
701551,0.0
701552,0.0
701553,0.0
701554,0.0
701555,0.0
701556,0.0
701557,0.0
701558,0.0
701559,0.0
701560,0.0
701561,0.0
701562,0.0
701563,0.0
701564,0.0
701565,0.0
701566,0.0
701567,0.0
701568,0.0
701569,0.0
701570,0.0
701571,0.0
701572,0.0
701573,7.046644e-25
701574,0.0
701575,0.0
701576,0.0
701577,0.0
701578,0.0
701579,0.0
701580,0.0
701581,0.0
701582,0.0
701583,0.0
701584,0.0
701585,0.0
701586,0.0
701587,0.0
701588,0.0
701589,0.0
701590,0.0
701591,0.0
701592,0.0
701593,0.0
701594,0.0
701595,0.0
701596,0.0
701597,0.0
701598,0.0
701599,0.0
701600,0.0
701601,0.0
701602,0.0
701603,0.0
701604,0.0
701605,0.0
701606,0.0
701607,0.0
701608,0.0
701609,0.0
701610,0.0
701611,0.0
701612,0.0
701613,0.0
701614,0.0
701615,0.0
701616,0.0
701617,0.0
701618,0.0
701619,0.0
701620,0.0
701621,0.0
701622,0.0
701623,0.0
701624,0.0
701625,0.0
701626,0.0
701627,0.0
701628,0.0
701629,0.0
701630,0.0
701631,0.0
701632,0.0
701633,0.0
701634,0.0
701635,0.0
701636,0.0
701637,0.0
701638,0.0
701639,0.0
701640,0.0
701641,0.0
701642,0.0
701643,0.0
701644,0.0
701645,0.0
701646,0.0
701647,0.0
701648,0.0
701649,0.0
701650,0.0
701651,0.0
701652,0.0
701653,0.0
701654,0.0
701655,0.0
701656,0.0
701657,0.0
701658,0.0
701659,0.0
701660,0.0
701661,0.0
701662,0.0
701663,0.0
701664,0.0
701665,0.0
701666,0.0
701667,0.0
701668,0.0
701669,0.0
701670,0.0
701671,0.0
701672,0.0
701673,0.0
701674,0.0
701675,0.0
701676,0.0
701677,0.0
701678,0.0
701679,0.0
701680,0.0
701681,0.0
701682,0.0
701683,0.0
701684,0.0
701685,0.0
701686,0.0
701687,0.0
701688,0.0
701689,0.0
701690,0.0
701691,0.0
701692,0.0
701693,0.0
701694,0.0
701695,0.0
701696,0.0
701697,0.0
701698,0.0
701699,0.0
701700,0.0
701701,0.0
701702,0.0
701703,0.0
701704,0.0
701705,0.0
701706,0.0
701707,0.0
701708,0.0
701709,0.0
701710,0.0
701711,0.0
701712,0.0
701713,0.0
701714,0.0
701715,0.0
701716,1.5027882e-06
701717,0.0
701718,0.0
701719,6.957062e-32
701720,0.0
701721,0.0
701722,0.0
701723,0.0
701724,0.0
701725,0.0
701726,0.0
701727,0.0
701728,0.0
701729,0.0
701730,0.0
701731,0.0
701732,0.0
701733,0.0
701734,0.0
701735,0.0
701736,0.0
701737,0.0
701738,0.0
701739,0.0
701740,0.0
701741,0.0
701742,0.0
701743,0.0
701744,0.0
701745,0.0
701746,0.0
701747,0.0
701748,0.0
701749,0.0
701750,0.0
701751,0.0
701752,0.0
701753,0.0
701754,0.0
701755,0.0
701756,0.0
701757,0.0
701758,4.5007805e-20
701759,0.0
701760,0.0
701761,0.0
701762,0.0
701763,0.0
701764,0.0
701765,0.0
701766,0.0
701767,0.0
701768,0.0
701769,0.0
701770,0.0
701771,0.0
701772,0.0
701773,0.0
701774,0.0
701775,0.0
701776,0.0
701777,0.0
701778,0.0
701779,0.0
701780,0.0
701781,0.0
701782,0.0
701783,0.0
701784,0.0
701785,0.0
701786,0.0
701787,0.0
701788,0.0
701789,0.0
701790,0.0
701791,0.0
701792,0.0
701793,0.0
701794,0.0
701795,0.031045135
701796,0.0
701797,0.0
701798,0.0
701799,0.0
701800,0.0
701801,0.0
701802,0.0
701803,0.0
701804,0.0
701805,0.0
701806,0.0
701807,0.0
701808,0.0
701809,0.0
701810,0.0
701811,0.0
701812,0.0
701813,0.0
701814,0.0
701815,0.0
701816,0.0
701817,0.0
701818,0.0
701819,0.0
701820,0.0
701821,0.0
701822,0.0
701823,0.0
701824,0.0
701825,0.0
701826,0.0
701827,0.0
701828,0.0
701829,0.0
701830,0.0
701831,0.0
701832,0.0
701833,0.0
701834,0.0
701835,0.0
701836,0.0
701837,0.0
701838,0.0
701839,0.0
701840,0.0
701841,0.0
701842,0.0
701843,0.0
701844,0.0
701845,0.0
701846,0.0
701847,0.0
701848,0.0
701849,0.0
701850,0.0
701851,0.0
701852,0.0
701853,0.0
701854,0.0
701855,0.0
701856,0.0
701857,0.0
701858,0.0
701859,0.0
701860,0.0
701861,0.0
701862,0.0
701863,0.0
701864,0.0
701865,0.0
701866,0.0
701867,0.0
701868,0.0
701869,0.0
701870,0.0
701871,0.0
701872,0.0
701873,0.0
701874,0.0
701875,0.0
701876,0.0
701877,0.0
701878,0.0
701879,0.0
701880,0.0
701881,0.0
701882,0.0
701883,0.0
701884,0.0
701885,0.0
701886,0.0
701887,0.0
701888,0.0
701889,0.0
701890,7.647857e-06
701891,0.0
701892,0.0
701893,0.0
701894,0.0
701895,0.0
701896,0.0
701897,0.0
701898,0.0
701899,0.0
701900,0.0
701901,0.0
701902,0.0
701903,0.0
701904,0.0
701905,0.0
701906,0.0
701907,0.0
701908,0.0
701909,0.0
701910,0.0
701911,0.0
701912,0.0
701913,0.0
701914,0.0
701915,0.0
701916,0.0
701917,0.0
701918,0.0
701919,0.0
701920,0.0
701921,0.0
701922,0.0
701923,0.0
701924,0.0
701925,0.0
701926,0.0
701927,0.0
701928,0.0
701929,0.0
701930,0.0
701931,0.0
701932,0.0
701933,0.0
701934,0.0
701935,0.0
701936,0.0
701937,0.0
701938,0.0
701939,0.0
701940,0.0
701941,0.0
701942,0.0
701943,0.0
701944,0.0
701945,0.0
701946,0.0
701947,0.0
701948,0.0
701949,0.0
701950,0.0
701951,0.0
701952,0.0
701953,0.0
701954,0.0
701955,0.0
701956,0.0
701957,0.0
701958,0.0
701959,0.0
701960,0.0
701961,0.0
701962,0.0
701963,0.0
701964,0.0
701965,0.0
701966,0.0
701967,0.0
701968,0.0
701969,0.0
701970,0.0
701971,0.0
701972,0.0
701973,0.0
701974,0.0
701975,0.0
701976,0.0
701977,0.0
701978,0.0
701979,0.0
701980,0.0
701981,0.0
701982,0.0
701983,0.0
701984,0.0
701985,0.0
701986,0.0
701987,0.0
701988,0.0
701989,0.0
701990,0.0
701991,0.0
701992,0.0
701993,0.0
701994,0.0
701995,0.0
701996,0.0
701997,0.0
701998,0.0
701999,0.0
702000,0.0
702001,0.0
702002,0.0
702003,0.0
702004,0.0
702005,0.0
702006,0.0
702007,0.0
702008,0.0
702009,0.0
702010,0.0
702011,0.0
702012,0.0
702013,0.0
702014,0.0
702015,0.0
702016,0.0
702017,0.0
702018,0.0
702019,0.0
702020,0.0
702021,0.0
702022,0.0
702023,0.0
702024,0.0
702025,0.0
702026,0.0
702027,0.0
702028,0.0
702029,0.0
702030,0.0
702031,0.0
702032,0.0
702033,0.0
702034,0.0
702035,0.0
702036,0.0
702037,0.0
702038,0.0
702039,0.0
702040,0.0
702041,0.0
702042,0.0
702043,0.0
702044,0.0
702045,0.0
702046,0.0
702047,0.0
702048,0.0
702049,0.0
702050,0.0
702051,0.0
702052,0.0010505369
702053,0.0
702054,0.0
702055,0.0
702056,0.0
702057,0.0
702058,0.0
702059,0.0
702060,0.0
702061,0.0
702062,0.0
702063,0.0
702064,0.0
702065,0.0
702066,0.0
702067,0.0
702068,0.0
702069,0.0
702070,0.0
702071,0.0
702072,0.0
702073,0.0
702074,0.0
702075,0.0
702076,0.0
702077,0.0
702078,0.0
702079,0.0
702080,0.0
702081,0.0
702082,0.0
702083,0.0
702084,0.0
702085,0.0
702086,0.0
702087,0.0
702088,0.0
702089,0.0
702090,0.0
702091,0.0
702092,0.0
702093,0.0
702094,0.0
702095,0.0
702096,0.0
702097,0.0
702098,0.0
702099,0.0
702100,0.0
702101,0.0
702102,0.0
702103,0.0
702104,0.0
702105,0.0
702106,0.0
702107,0.0
702108,0.0
702109,0.0
702110,0.0
702111,0.0
702112,0.0
702113,0.0
702114,0.0
702115,0.0
702116,0.0
702117,0.0
702118,0.0
702119,0.0
702120,0.0
702121,0.0
702122,0.0
702123,0.0
702124,0.0
702125,0.0
702126,0.0
702127,0.0
702128,0.0
702129,0.0
702130,0.0
702131,0.0
702132,0.0
702133,0.0
702134,0.0
702135,0.0
702136,0.0
702137,0.0
702138,1.9267483e-12
702139,0.0
702140,0.0
702141,0.0
702142,0.0
702143,0.0
702144,0.0
702145,0.0
702146,0.0
702147,0.0
702148,0.0
702149,0.0
702150,0.0
702151,0.0
702152,0.0
702153,0.0
702154,0.0
702155,0.0
702156,0.0
702157,0.0
702158,0.0
702159,0.0
702160,0.0
702161,0.0
702162,0.0
702163,0.0
702164,0.0
702165,0.0
702166,0.0
702167,0.0
702168,0.0
702169,0.0
702170,0.0
702171,0.0
702172,0.0
702173,0.0
702174,0.0
702175,0.0
702176,0.0
702177,0.56225044
702178,0.0
702179,0.0
702180,0.0
702181,0.0
702182,0.0
702183,0.0
702184,0.0
702185,0.0
702186,0.0
702187,0.0
702188,0.0
702189,0.0
702190,0.0
702191,0.0
702192,0.0
702193,0.0
702194,0.0
702195,0.0
702196,0.0
702197,0.0
702198,0.0
702199,0.0
702200,0.0
702201,0.0
702202,0.0
702203,0.0
702204,0.0
702205,0.0
702206,0.0
702207,0.0
702208,0.0
702209,0.0
702210,0.0
702211,0.0
702212,0.0
702213,0.0
702214,0.0
702215,0.0
702216,0.0
702217,0.0
702218,0.0
702219,0.0078690415
702220,0.0
702221,0.0
702222,0.0
702223,0.0
702224,0.0
702225,0.0
702226,4.1982625e-20
702227,0.0
702228,0.0
702229,0.0
702230,0.0
702231,0.0
702232,0.0
702233,0.0
702234,0.0
702235,0.0
702236,0.0
702237,0.0
702238,0.0
702239,0.0
702240,0.0
702241,0.0
702242,0.0
702243,0.0
702244,0.0
702245,0.0
702246,0.0
702247,0.0
702248,0.0
702249,9.6213516e-11
702250,0.0
702251,0.0
702252,0.0
702253,0.0
702254,0.0
702255,0.0
702256,0.0
702257,0.0
702258,0.0
702259,0.0
702260,0.0
702261,0.0
702262,0.0
702263,0.0
702264,0.0
702265,0.0
702266,0.0
702267,0.0
702268,0.0
702269,0.0
702270,0.0
702271,0.0
702272,0.0
702273,0.0
702274,0.0
702275,0.0
702276,0.0
702277,0.0
702278,0.0
702279,0.0
702280,0.0
702281,0.0
702282,0.0
702283,0.0
702284,0.0
702285,0.0
702286,0.0
702287,0.0
702288,0.0
702289,0.0
702290,0.0
702291,0.0
702292,0.0
702293,0.0
702294,0.0
702295,0.0
702296,0.0
702297,0.0
702298,0.0
702299,0.0
702300,0.0
702301,0.0
702302,0.0
702303,0.0
702304,0.0
702305,0.0
702306,0.0
702307,0.0
702308,0.0
702309,0.0
702310,0.0
702311,0.0
702312,0.0
702313,0.0
702314,0.0
702315,0.0
702316,0.0
702317,0.0
702318,0.0
702319,0.0
702320,0.0
702321,0.0
702322,0.0
702323,0.0
702324,0.0
702325,0.0
702326,0.0
702327,0.0
702328,0.0
702329,0.0
702330,0.0
702331,0.0
702332,0.0
702333,0.0
702334,0.0
702335,0.0
702336,0.0
702337,0.0
702338,0.0
702339,0.0
702340,0.0
702341,0.0
702342,0.0
702343,0.0
702344,0.0
702345,0.0
702346,0.0
702347,0.0
702348,0.0
702349,0.0
702350,0.0
702351,0.0
702352,0.0
702353,0.0
702354,0.0
702355,0.0
702356,0.0
702357,0.0
702358,0.0
702359,0.0
702360,0.0
702361,0.0
702362,0.0
702363,0.0
702364,0.0
702365,0.0
702366,0.0
702367,0.0
702368,0.0
702369,0.0
702370,0.0
702371,0.0
702372,0.0
702373,0.0
702374,0.0
702375,0.0
702376,0.0
702377,1.4369605e-06
702378,0.0
702379,3.4573015e-33
702380,0.0
702381,0.0
702382,0.0
702383,0.0
702384,0.0
702385,0.0
702386,0.0
702387,0.0
702388,0.0
702389,0.0
702390,0.0
702391,0.0
702392,0.0
702393,0.0
702394,0.0
702395,0.0
702396,0.0
702397,0.0
702398,0.0
702399,0.0
702400,0.0
702401,0.0
702402,0.0
702403,0.0
702404,0.0
702405,0.0
702406,0.0
702407,0.0
702408,0.0
702409,0.0
702410,0.0
702411,0.0
702412,0.0
702413,0.0
702414,0.0
702415,0.0
702416,0.0
702417,0.0
702418,0.0
702419,0.0
702420,0.0
702421,0.0
702422,0.0
702423,0.0
702424,0.0
702425,0.0
702426,0.0
702427,0.0
702428,0.0
702429,0.0
702430,3.1372086e-30
702431,0.0
702432,0.0
702433,0.0
702434,0.0
702435,1.8175759e-30
702436,0.0
702437,0.0
702438,0.0
702439,0.0
702440,0.0
702441,0.0
702442,0.0
702443,0.0
702444,0.0
702445,0.0
702446,0.0
702447,0.0
702448,0.0
702449,0.0
702450,0.0
702451,0.0
702452,0.0
702453,0.0
702454,0.0
702455,0.0
702456,0.0
702457,0.0
702458,0.0
702459,0.0
702460,0.0
702461,0.0
702462,0.0
702463,0.0
702464,0.0
702465,0.0
702466,0.0
702467,0.0
702468,0.0
702469,0.0
702470,0.0
702471,0.0
702472,0.0
702473,0.0
702474,0.0
702475,0.0
702476,0.0
702477,0.0
702478,0.0
702479,0.0
702480,0.0
702481,0.0
702482,0.0
702483,0.0
702484,0.0
702485,0.0
702486,0.0
702487,0.0
702488,0.0
702489,0.0
702490,0.0
702491,0.0
702492,0.0
702493,0.0
702494,0.0
702495,0.0
702496,0.0
702497,0.0
702498,0.0
702499,0.0
702500,0.0
702501,0.0
702502,0.0
702503,0.0
702504,0.0
702505,0.0
702506,0.0
702507,0.0
702508,0.0
702509,0.0
702510,0.0
702511,0.0
702512,0.0
702513,0.0
702514,0.0
702515,0.0
702516,0.0
702517,0.0
702518,0.0
702519,0.0
702520,0.0
702521,0.0
702522,0.0
702523,0.0
702524,0.0
702525,0.0
702526,0.0
702527,0.0
702528,0.0
702529,0.0
702530,0.0
702531,0.0
702532,0.0
702533,0.0
702534,0.0
702535,0.0
702536,0.0
702537,0.0
702538,0.0
702539,0.0
702540,0.0
702541,0.0
702542,0.0
702543,0.0
702544,0.0
702545,0.0
702546,0.0
702547,0.0
702548,0.0
702549,0.0
702550,0.0
702551,0.0
702552,0.0
702553,0.0
702554,0.0
702555,0.0
702556,0.0
702557,0.0
702558,0.0
702559,0.0
702560,0.0
702561,0.0
702562,0.0
702563,0.0
702564,0.0
702565,0.0
702566,0.0
702567,0.0
702568,0.0
702569,0.0
702570,0.0
702571,0.0
702572,0.0
702573,0.0
702574,0.0
702575,0.0
702576,0.0
702577,0.0
702578,0.0
702579,0.0
702580,0.0
702581,0.0
702582,0.0
702583,0.0
702584,6.6785892e-15
702585,0.0
702586,0.0
702587,0.0
702588,0.0
702589,0.0
702590,0.0
702591,0.0
702592,0.0
702593,0.0
702594,0.0
702595,0.0
702596,0.0
702597,0.0
702598,0.0
702599,0.0
702600,0.0
702601,0.0
702602,0.0
702603,0.0
702604,0.0
702605,0.0
702606,0.0
702607,0.0
702608,0.0
702609,0.0
702610,0.0
702611,4.5627727e-05
702612,0.0
702613,0.0
702614,0.0
702615,0.0
702616,0.0
702617,0.0
702618,0.0
702619,0.0
702620,0.0
702621,0.0
702622,0.0
702623,0.0
702624,0.0
702625,0.0
702626,0.0
702627,0.0
702628,0.0
702629,0.0
702630,0.0
702631,0.0
702632,0.0
702633,0.0
702634,0.0
702635,0.0
702636,0.0
702637,0.0
702638,0.0
702639,0.0
702640,0.0
702641,0.0
702642,0.0
702643,0.0
702644,0.0
702645,0.0
702646,0.0
702647,4.304244e-05
702648,0.0
702649,2.2758188e-34
702650,0.0
702651,0.0
702652,0.0
702653,0.0
702654,0.0
702655,0.0
702656,0.0
702657,0.0
702658,0.0
702659,0.0
702660,0.0
702661,0.0
702662,0.0
702663,0.0
702664,0.0
702665,0.0
702666,0.0
702667,0.0
702668,0.0
702669,0.0
702670,0.0
702671,0.0
702672,0.0
702673,0.0
702674,0.0
702675,0.0
702676,0.0
702677,0.0
702678,0.0
702679,0.0
702680,0.0
702681,0.0
702682,0.0
702683,0.0
702684,0.0
702685,0.0
702686,0.0
702687,0.0
702688,0.0
702689,0.0
702690,0.0
702691,0.0
702692,0.0
702693,0.0
702694,0.0
702695,0.0
702696,0.0
702697,0.0
702698,0.0
702699,0.0
702700,0.0
702701,0.0
702702,0.0
702703,0.0
702704,0.0
702705,0.0
702706,0.0
702707,0.0
702708,0.0
702709,0.0
702710,0.0
702711,0.0
702712,0.0
702713,0.0
702714,0.0
702715,0.0
702716,4.6092946e-10
702717,0.0
702718,0.0
702719,0.0
702720,0.0
702721,0.0
702722,0.0
702723,0.0
702724,0.0
702725,0.0
702726,0.0
702727,0.0
702728,0.0
702729,0.0
702730,0.0
702731,0.0
702732,0.0
702733,0.0
702734,0.0
702735,0.0
702736,0.0
702737,0.0
702738,0.0
702739,0.0
702740,0.0
702741,0.0
702742,0.0
702743,0.0
702744,0.0
702745,0.0
702746,0.0
702747,0.0
702748,0.0
702749,0.0
702750,0.0
702751,0.0
702752,0.0
702753,0.0
702754,0.0
702755,0.0
702756,0.0
702757,0.0
702758,0.0
702759,0.0
702760,0.0
702761,0.0
702762,0.0
702763,0.0
702764,0.0
702765,0.0
702766,0.0
702767,0.0
702768,0.0
702769,0.0
702770,0.0
702771,0.0
702772,0.0
702773,0.0
702774,0.0
702775,0.0
702776,0.0
702777,0.90970373
702778,0.0
702779,0.0
702780,0.0
702781,0.0
702782,0.0
702783,0.0
702784,0.0
702785,0.0
702786,0.0
702787,0.0
702788,0.0
702789,0.0
702790,0.0
702791,0.0
702792,0.0
702793,0.0
702794,0.0
702795,0.0
702796,0.0
702797,0.0
702798,0.0
702799,0.0
702800,0.0
702801,0.0
702802,0.0
702803,0.0
702804,0.0
702805,0.0
702806,0.0
702807,0.0
702808,0.0
702809,0.0
702810,0.0
702811,0.0
702812,0.0
702813,0.0
702814,0.0
702815,0.0
702816,0.0
702817,0.0
702818,0.0
702819,0.0
702820,0.0
702821,0.0
702822,0.0
702823,0.0
702824,0.0
702825,0.0
702826,0.0
702827,0.0
702828,0.0
702829,0.0
702830,0.0
702831,1.2508738e-23
702832,0.0
702833,0.0
702834,0.0
702835,0.0
702836,0.0
702837,0.0
702838,0.0
702839,0.0
702840,0.0
702841,0.0
702842,0.0
702843,0.0
702844,0.0
702845,0.0
702846,0.0
702847,0.0
702848,0.0
702849,0.0
702850,0.0
702851,0.0
702852,0.0
702853,0.0
702854,0.0
702855,0.0
702856,0.0
702857,0.0
702858,0.0
702859,0.0
702860,0.0
702861,0.0
702862,3.2631126e-31
702863,0.0
702864,0.0
702865,4.6077796e-19
702866,0.0
702867,0.0
702868,0.0
702869,0.0
702870,0.0
702871,0.0
702872,0.0
702873,0.0
702874,0.0
702875,0.0
702876,0.0
702877,0.0
702878,0.0
702879,0.0
702880,0.0
702881,0.0
702882,0.0
702883,0.0
702884,0.0
702885,0.0
702886,0.0
702887,0.0
702888,0.0
702889,0.0
702890,0.0
702891,0.0
702892,0.0
702893,0.0
702894,0.0
702895,0.0
702896,0.0
702897,0.0
702898,0.0
702899,0.0
702900,0.0
702901,0.0
702902,0.0
702903,0.0
702904,0.0
702905,0.0
702906,0.0
702907,0.0
702908,0.0
702909,0.0
702910,0.0
702911,0.0
702912,0.0
702913,0.0
702914,0.0
702915,0.0
702916,0.0
702917,0.0
702918,0.0
702919,0.0
702920,0.0
702921,0.0
702922,0.0
702923,0.0
702924,0.0
702925,0.0
702926,0.0
702927,0.0
702928,0.0
702929,0.0
702930,0.0
702931,0.0
702932,0.0
702933,0.0
702934,0.0
702935,0.0
702936,0.0
702937,0.0
702938,1.0918604e-30
702939,0.0
702940,0.0
702941,0.0
702942,0.0
702943,0.0
702944,0.0
702945,0.0
702946,0.0
702947,0.0
702948,0.0
702949,0.0
702950,0.0
702951,0.0
702952,0.0
702953,0.0
702954,0.0
702955,0.0
702956,0.0
702957,0.0
702958,0.11600809
702959,0.0
702960,0.0
702961,0.0
702962,0.0
702963,0.0
702964,0.0
702965,0.0
702966,0.0
702967,0.0
702968,0.0
702969,0.0
702970,0.0
702971,0.0
702972,0.0
702973,0.0
702974,0.0
702975,0.0
702976,0.0
702977,0.0
702978,0.0
702979,0.0
702980,0.0
702981,0.0
702982,0.0
702983,0.0
702984,0.0
702985,0.0
702986,0.0
702987,0.0
702988,0.0
702989,0.0
702990,0.0
702991,1.0710232e-31
702992,0.0
702993,0.0
702994,0.0
702995,0.0
702996,0.0
702997,0.0
702998,0.0
702999,0.0
703000,0.0
703001,0.0
703002,0.0
703003,0.0
703004,0.0
703005,0.0
703006,0.0
703007,0.0
703008,0.0
703009,0.0
703010,0.0
703011,0.0
703012,0.0
703013,0.0
703014,0.0
703015,0.0
703016,0.0
703017,0.0
703018,0.0
703019,0.0
703020,0.0
703021,0.0
703022,0.0
703023,0.0
703024,0.0
703025,0.0
703026,0.0
703027,0.0
703028,0.0
703029,0.0
703030,0.0
703031,0.0
703032,0.0
703033,0.0
703034,0.0
703035,0.0
703036,0.0
703037,0.0
703038,0.0
703039,0.0
703040,0.0
703041,0.0
703042,0.0
703043,0.0
703044,0.0
703045,0.0
703046,0.0
703047,0.0
703048,0.0
703049,0.0
703050,0.0
703051,0.0
703052,0.0
703053,0.0
703054,0.0
703055,0.0
703056,0.0
703057,0.0
703058,0.0
703059,0.0
703060,0.0
703061,0.0
703062,0.0
703063,0.0
703064,0.0
703065,0.0
703066,0.0
703067,0.0
703068,0.0
703069,0.0
703070,0.0
703071,0.0
703072,0.0
703073,0.0
703074,0.0
703075,0.0
703076,0.0
703077,0.0
703078,0.0
703079,0.0
703080,0.0
703081,0.0
703082,0.0
703083,0.0
703084,0.0
703085,0.0
703086,0.0
703087,0.0
703088,0.0
703089,0.0
703090,0.0
703091,0.0
703092,0.0
703093,0.0
703094,0.0
703095,0.0
703096,0.0
703097,0.0
703098,0.0
703099,0.0
703100,0.0
703101,0.0
703102,0.0
703103,0.0
703104,0.0
703105,0.0
703106,0.0
703107,0.0
703108,0.0
703109,0.0
703110,0.0
703111,0.0
703112,0.0
703113,0.0
703114,0.0
703115,0.0
703116,0.0
703117,0.0
703118,0.0
703119,0.0
703120,0.0
703121,0.0
703122,0.0
703123,0.0
703124,0.0
703125,0.0
703126,0.0
703127,0.0
703128,0.0
703129,0.0
703130,0.0
703131,0.0
703132,0.0
703133,0.0
703134,0.0
703135,0.0
703136,0.0
703137,0.0
703138,0.0
703139,0.0
703140,0.0
703141,0.0
703142,0.0
703143,0.0
703144,0.0
703145,0.0
703146,0.0
703147,0.0
703148,0.0
703149,0.0
703150,2.6244255e-13
703151,0.0
703152,0.0
703153,0.0
703154,0.0
703155,0.0
703156,0.0
703157,0.0
703158,0.0
703159,0.0
703160,0.0
703161,0.0
703162,0.0
703163,0.0
703164,0.0
703165,0.0
703166,0.0
703167,0.0
703168,0.0
703169,0.0
703170,0.0
703171,0.0
703172,0.0
703173,0.0
703174,0.0
703175,0.0
703176,0.0
703177,0.0
703178,0.0
703179,0.0
703180,0.0
703181,0.0
703182,0.0
703183,0.0
703184,0.0
703185,0.0
703186,0.0
703187,0.0
703188,0.0
703189,0.0
703190,0.0
703191,0.0
703192,0.0
703193,0.0
703194,0.0
703195,0.0
703196,0.0
703197,0.0
703198,0.0
703199,0.0
703200,0.0
703201,0.0
703202,0.0
703203,0.0
703204,0.0
703205,0.0
703206,0.0
703207,0.0
703208,0.0
703209,0.0
703210,0.0
703211,0.0
703212,0.0
703213,0.0
703214,0.0
703215,0.0
703216,0.0
703217,0.0
703218,0.0
703219,0.0
703220,0.0
703221,0.0
703222,0.0
703223,0.0
703224,0.0
703225,0.0
703226,0.0
703227,0.0
703228,0.0
703229,0.0
703230,0.0
703231,0.0
703232,0.0
703233,0.0
703234,0.0
703235,0.0
703236,0.0
703237,0.0
703238,0.0
703239,0.0
703240,0.0
703241,0.0
703242,0.0
703243,0.0
703244,0.0
703245,0.0
703246,0.0
703247,0.0
703248,0.0
703249,0.0
703250,0.0
703251,0.0
703252,0.0
703253,0.0
703254,0.0
703255,0.0
703256,0.0
703257,0.0
703258,0.0
703259,0.0
703260,0.0
703261,0.0
703262,0.0
703263,0.0
703264,0.0
703265,0.0
703266,0.0
703267,0.0
703268,0.0
703269,0.0
703270,0.0
703271,0.0
703272,0.0
703273,0.0
703274,0.0
703275,0.0
703276,0.0
703277,0.0
703278,0.0
703279,0.0
703280,0.0
703281,0.0
703282,0.0
703283,0.0
703284,0.0
703285,0.0
703286,0.0
703287,0.0
703288,0.0
703289,0.0
703290,0.0
703291,0.0
703292,0.0
703293,0.0
703294,0.0
703295,0.0
703296,0.0
703297,0.0
703298,0.0
703299,0.0
703300,0.0
703301,0.0
703302,0.0
703303,0.0
703304,0.0
703305,0.0
703306,0.0
703307,0.0
703308,0.0
703309,0.0
703310,0.0
703311,0.0
703312,0.0
703313,0.0
703314,0.0
703315,0.0
703316,0.0
703317,0.0
703318,0.0
703319,0.0
703320,0.0
703321,0.0
703322,0.0
703323,0.0
703324,0.0
703325,0.0
703326,0.0
703327,0.0
703328,0.0
703329,0.0
703330,0.0
703331,0.0
703332,0.0
703333,0.0
703334,0.0
703335,0.0
703336,0.0
703337,0.0
703338,0.0
703339,0.0
703340,0.0
703341,0.0
703342,0.0
703343,0.0
703344,0.0
703345,0.0
703346,0.0
703347,0.0
703348,0.0
703349,0.0
703350,0.0
703351,0.0
703352,0.0
703353,0.0
703354,0.0
703355,0.0
703356,0.0
703357,0.0
703358,0.0
703359,0.0
703360,0.0
703361,0.0
703362,0.0
703363,0.0
703364,0.0
703365,0.0
703366,0.0
703367,0.0
703368,0.0
703369,0.0
703370,0.0
703371,0.0
703372,0.0
703373,0.0
703374,0.0
703375,0.0
703376,0.0
703377,0.0
703378,0.0
703379,0.0
703380,0.0
703381,0.0
703382,0.0
703383,0.0
703384,0.0
703385,1.1904498e-16
703386,0.0
703387,0.0
703388,0.0
703389,0.0
703390,0.0
703391,0.0
703392,0.0
703393,0.0
703394,0.0
703395,0.0
703396,0.0
703397,0.0
703398,0.0
703399,0.0
703400,0.0
703401,0.0
703402,0.0
703403,0.0
703404,0.0
703405,0.0
703406,0.0
703407,0.0
703408,0.0
703409,0.0
703410,0.0
703411,0.0
703412,0.0
703413,0.0
703414,0.0
703415,0.0
703416,0.0
703417,0.0
703418,0.0
703419,0.0
703420,0.0
703421,0.0
703422,0.0
703423,0.0
703424,0.0
703425,0.0
703426,0.0
703427,0.0
703428,0.0
703429,0.0
703430,0.0
703431,0.0
703432,0.0
703433,0.0
703434,0.0
703435,0.0
703436,0.0
703437,0.0
703438,0.0
703439,0.0
703440,0.0
703441,0.0
703442,0.0
703443,0.0
703444,0.0
703445,0.0
703446,0.0
703447,0.0
703448,0.0
703449,0.0
703450,0.0
703451,0.0
703452,0.0
703453,0.0
703454,0.0
703455,0.0
703456,0.0
703457,0.0
703458,0.0
703459,0.0
703460,0.0
703461,0.0
703462,0.0
703463,0.0
703464,0.0
703465,0.0
703466,0.0
703467,0.0
703468,0.0
703469,0.0
703470,0.0
703471,0.0
703472,0.0
703473,0.0
703474,0.0
703475,0.0
703476,0.0
703477,0.0
703478,0.0
703479,0.0
703480,0.0
703481,0.0
703482,0.0
703483,0.0
703484,0.0
703485,0.0
703486,0.0
703487,0.0
703488,0.0
703489,0.0
703490,0.0
703491,0.0
703492,0.0
703493,0.0
703494,0.0
703495,0.0
703496,0.0
703497,0.0
703498,0.0
703499,0.0
703500,0.0
703501,0.0
703502,0.0
703503,0.0
703504,0.0
703505,0.0
703506,0.0
703507,0.0
703508,0.0
703509,0.0
703510,0.0
703511,0.0
703512,0.0
703513,0.0
703514,0.0
703515,0.0
703516,0.0
703517,0.0
703518,0.0
703519,0.0
703520,0.0
703521,0.0
703522,0.0
703523,0.0
703524,0.0
703525,0.0
703526,0.0
703527,0.0
703528,0.0
703529,0.0
703530,0.0
703531,0.0
703532,0.0
703533,0.0
703534,0.0
703535,0.0
703536,0.0
703537,0.0
703538,0.0
703539,0.0
703540,0.0
703541,0.0
703542,0.0
703543,0.0
703544,0.0
703545,0.0
703546,0.0
703547,0.0
703548,0.0
703549,0.0
703550,0.0
703551,0.0
703552,0.0
703553,1.1466748e-10
703554,0.0
703555,0.0
703556,0.0
703557,0.0
703558,0.0
703559,0.0
703560,0.0
703561,0.0
703562,0.0
703563,0.0
703564,0.0
703565,0.0
703566,0.0
703567,0.0
703568,0.0
703569,0.0
703570,0.0
703571,0.0
703572,0.0
703573,0.0
703574,0.0
703575,0.0
703576,0.0
703577,0.0
703578,0.0
703579,0.0
703580,0.0
703581,0.0
703582,0.0
703583,0.0
703584,0.0
703585,0.0
703586,0.0
703587,0.0
703588,0.0
703589,0.0
703590,0.0
703591,0.0
703592,0.0
703593,0.0
703594,0.0
703595,0.0
703596,0.0
703597,0.0
703598,0.0
703599,0.0
703600,0.0
703601,0.0
703602,0.0
703603,0.0
703604,0.0
703605,0.0
703606,0.0
703607,0.0
703608,0.0
703609,0.0
703610,0.0
703611,0.0
703612,0.0
703613,0.0
703614,0.0
703615,0.0
703616,0.0
703617,0.0
703618,0.0
703619,0.0
703620,0.0
703621,0.0
703622,0.0
703623,0.0
703624,0.0
703625,0.0
703626,0.0
703627,0.0
703628,0.0
703629,0.0
703630,0.0
703631,0.0
703632,0.0
703633,0.0
703634,0.0
703635,0.0
703636,0.0
703637,0.0
703638,0.0
703639,2.635721e-14
703640,0.0
703641,0.0
703642,0.0
703643,1.2542348e-35
703644,0.0
703645,0.0
703646,0.0
703647,0.0
703648,0.0
703649,0.0
703650,0.0
703651,0.0
703652,0.0
703653,0.0
703654,0.0
703655,0.0
703656,0.0
703657,0.0
703658,0.0
703659,0.0
703660,0.0
703661,0.0
703662,0.0
703663,0.0
703664,0.0
703665,0.0
703666,0.0
703667,0.0
703668,0.0
703669,0.0
703670,0.0
703671,0.0
703672,0.0
703673,0.0
703674,0.0
703675,0.0
703676,0.0
703677,0.0
703678,0.0
703679,0.0
703680,0.0
703681,0.0
703682,0.0
703683,0.0
703684,0.0
703685,0.0
703686,0.0
703687,0.0
703688,0.0
703689,0.0
703690,0.0
703691,0.0
703692,0.0
703693,0.0
703694,0.0
703695,0.0
703696,0.0
703697,0.0
703698,0.0
703699,0.0
703700,0.0
703701,0.0
703702,0.0
703703,0.0
703704,0.0
703705,0.0
703706,0.0
703707,0.0
703708,0.0
703709,0.0
703710,0.0
703711,0.0
703712,0.0
703713,0.0
703714,0.0
703715,0.0
703716,0.0
703717,0.0
703718,0.0
703719,0.0
703720,0.0
703721,0.0
703722,0.015745414
703723,0.0
703724,0.0
703725,0.0
703726,0.0
703727,0.0
703728,0.0
703729,0.0
703730,0.0
703731,0.0
703732,0.0
703733,0.0
703734,0.0
703735,0.0
703736,0.0
703737,0.0
703738,0.0
703739,0.0
703740,0.0
703741,0.0
703742,0.0
703743,0.0
703744,0.0
703745,0.0
703746,0.0
703747,0.0
703748,0.0
703749,0.0
703750,0.0
703751,0.0
703752,0.0
703753,0.0
703754,0.0
703755,0.0
703756,0.0
703757,0.0
703758,0.0
703759,0.0
703760,0.0
703761,0.0
703762,0.0
703763,0.0
703764,0.0
703765,0.0
703766,0.0
703767,0.0
703768,0.0
703769,0.0
703770,0.0
703771,0.0
703772,0.0
703773,0.0
703774,0.0
703775,0.0
703776,0.0
703777,0.0
703778,0.0
703779,0.0
703780,0.0
703781,0.0
703782,0.0
703783,0.0
703784,0.0
703785,0.0
703786,0.0
703787,0.0
703788,0.0
703789,0.0
703790,0.0
703791,0.0
703792,0.0
703793,0.0
703794,0.0
703795,0.0
703796,0.0
703797,0.0
703798,0.0
703799,0.0
703800,0.0
703801,0.0
703802,0.0
703803,0.0
703804,0.0
703805,0.0
703806,0.0
703807,0.0
703808,0.0
703809,0.0
703810,0.0
703811,0.0
703812,0.0
703813,0.0
703814,0.0
703815,0.0
703816,0.0
703817,0.0
703818,0.0
703819,0.0
703820,0.0
703821,0.0
703822,0.0
703823,0.0
703824,0.0
703825,0.0
703826,0.0
703827,0.0
703828,0.0
703829,0.0
703830,0.0
703831,0.0
703832,0.0
703833,0.0
703834,0.0
703835,0.0
703836,0.0
703837,0.0
703838,0.0
703839,0.0
703840,0.0
703841,0.0
703842,0.0
703843,0.0
703844,0.0
703845,0.0
703846,0.0
703847,0.0
703848,0.0
703849,0.0
703850,0.0
703851,0.0
703852,0.0
703853,0.0
703854,0.0
703855,0.0
703856,0.0
703857,0.0
703858,0.0
703859,0.0
703860,0.0
703861,0.0
703862,0.0
703863,0.0
703864,0.0
703865,0.0
703866,0.0
703867,0.0
703868,0.0
703869,0.0
703870,0.0
703871,0.0
703872,0.0
703873,0.0
703874,0.0
703875,0.0
703876,0.0
703877,0.0
703878,0.0
703879,0.0
703880,0.0
703881,0.0
703882,0.0
703883,0.0
703884,0.0
703885,0.0
703886,0.0
703887,0.0
703888,0.0
703889,0.0
703890,0.0
703891,0.0
703892,0.0
703893,0.0
703894,0.0
703895,0.0
703896,0.0
703897,0.0
703898,0.0
703899,0.0
703900,0.0
703901,0.0
703902,0.0
703903,0.0
703904,0.0
703905,0.0
703906,0.0
703907,0.0
703908,0.0
703909,0.0
703910,0.0
703911,0.0
703912,0.0
703913,0.0
703914,0.0
703915,0.0
703916,0.0
703917,0.0
703918,0.0
703919,0.0
703920,0.0
703921,0.0
703922,0.0
703923,0.0
703924,0.0
703925,0.0
703926,0.0
703927,0.0
703928,0.0
703929,0.0
703930,0.0
703931,0.0
703932,0.0
703933,0.0
703934,0.0
703935,0.0
703936,0.0
703937,0.0
703938,0.0
703939,0.0
703940,0.0
703941,0.0
703942,0.0
703943,0.0
703944,0.0
703945,0.0
703946,0.0
703947,0.0
703948,0.0
703949,0.0
703950,0.0
703951,0.0
703952,0.0
703953,0.0
703954,0.0
703955,0.0
703956,0.0
703957,0.0
703958,0.0
703959,0.0
703960,0.0
703961,0.0
703962,0.0
703963,0.0
703964,0.0
703965,0.0
703966,0.0
703967,0.0
703968,0.0
703969,0.0
703970,0.0
703971,0.0
703972,0.0
703973,0.0
703974,0.0
703975,0.0
703976,0.0
703977,0.0
703978,0.0
703979,0.0
703980,0.0
703981,0.0
703982,0.0
703983,0.0
703984,0.0
703985,0.0
703986,0.0
703987,0.0
703988,0.0
703989,0.0
703990,0.0
703991,0.0
703992,0.0
703993,0.0
703994,0.0
703995,0.0
703996,0.0
703997,0.0
703998,0.0
703999,0.0
704000,0.0
704001,0.0
704002,0.0
704003,0.0
704004,0.0
704005,0.0
704006,0.0
704007,0.0
704008,0.0
704009,0.0
704010,0.0
704011,0.0
704012,0.0
704013,0.0
704014,0.0
704015,0.0
704016,0.0
704017,0.0
704018,0.0
704019,0.0
704020,0.0
704021,0.0
704022,0.0
704023,0.0
704024,0.0
704025,0.0
704026,0.0
704027,0.0
704028,0.0
704029,0.0
704030,0.0
704031,0.0
704032,0.0
704033,0.0
704034,0.0
704035,0.0
704036,0.0
704037,0.0
704038,0.0
704039,0.0
704040,0.0
704041,0.0
704042,0.0
704043,0.0
704044,0.0
704045,0.0
704046,0.0
704047,0.0
704048,0.0
704049,0.0
704050,0.0
704051,0.0
704052,0.0
704053,0.0
704054,0.0
704055,0.0
704056,0.0
704057,0.0
704058,0.0
704059,0.0
704060,0.0
704061,0.0
704062,0.0
704063,0.0
704064,0.0
704065,0.0
704066,0.0
704067,0.0
704068,0.0
704069,0.0
704070,0.0
704071,0.0
704072,0.0
704073,0.0
704074,0.0
704075,0.0
704076,0.0
704077,0.0
704078,0.0
704079,0.0
704080,0.0
704081,0.0
704082,0.0
704083,0.0
704084,0.0
704085,0.0
704086,0.0
704087,0.0
704088,0.0
704089,0.0
704090,0.0
704091,0.0
704092,0.0
704093,0.0
704094,0.0
704095,0.0
704096,0.0
704097,0.0
704098,0.0
704099,0.0
704100,0.0
704101,0.0
704102,0.0
704103,0.0
704104,0.0
704105,0.0
704106,0.0
704107,0.0
704108,0.0
704109,0.0
704110,0.0
704111,0.0
704112,0.0
704113,0.0
704114,0.0
704115,0.0
704116,0.0
704117,0.0
704118,3.755296e-35
704119,0.0
704120,0.0
704121,0.0
704122,0.0
704123,0.0
704124,0.0
704125,0.0
704126,0.0
704127,0.0
704128,0.0
704129,0.0
704130,0.0
704131,0.0
704132,0.0
704133,0.0
704134,0.0
704135,0.0
704136,0.0
704137,0.0
704138,0.0
704139,0.0
704140,0.0
704141,0.0
704142,0.0
704143,0.0
704144,0.0
704145,0.0
704146,0.0
704147,0.0
704148,0.0
704149,0.0
704150,0.0
704151,0.0
704152,0.0
704153,0.0
704154,0.0
704155,0.0
704156,0.0
704157,0.0
704158,0.0
704159,0.0
704160,0.0
704161,0.0
704162,0.0
704163,0.0
704164,0.0
704165,0.0
704166,0.0
704167,0.0
704168,0.0
704169,0.0
704170,0.0
704171,0.0
704172,0.0
704173,0.0
704174,0.0
704175,0.0
704176,0.0
704177,0.0
704178,0.0
704179,0.0
704180,0.0
704181,0.0
704182,0.0
704183,0.0
704184,0.0
704185,0.0
704186,0.0
704187,0.0
704188,0.0
704189,0.0
704190,0.0
704191,0.0
704192,0.0
704193,0.0
704194,0.0
704195,0.0
704196,0.0
704197,0.0
704198,0.0
704199,0.0
704200,0.0
704201,0.0
704202,0.0
704203,0.0
704204,0.0
704205,0.0
704206,0.0
704207,0.0
704208,0.0
704209,0.0
704210,0.0
704211,0.0
704212,0.0
704213,0.0
704214,0.0
704215,0.0
704216,0.0
704217,0.0
704218,0.0
704219,0.0
704220,0.0
704221,0.0
704222,0.0
704223,0.0
704224,0.0
704225,0.0
704226,0.0
704227,0.0
704228,0.0
704229,0.0
704230,0.0
704231,0.0
704232,0.0
704233,0.0
704234,0.0
704235,0.0
704236,0.0
704237,0.0
704238,0.0
704239,0.0
704240,0.0
704241,0.0
704242,0.0
704243,0.0
704244,0.0
704245,0.0
704246,0.0
704247,0.0
704248,0.0
704249,0.0
704250,0.0
704251,0.0
704252,0.0
704253,0.0
704254,0.0
704255,0.0
704256,0.0
704257,0.0
704258,0.0
704259,0.0
704260,0.0
704261,0.0
704262,0.0
704263,0.0
704264,0.0
704265,0.0
704266,0.0
704267,0.0
704268,0.0
704269,0.0
704270,0.0
704271,0.0
704272,0.0
704273,0.0
704274,0.0
704275,0.0
704276,0.0
704277,0.0
704278,0.0
704279,0.0
704280,0.0
704281,0.0
704282,0.0
704283,0.0
704284,0.0
704285,0.0
704286,0.0
704287,0.0
704288,0.0
704289,0.0
704290,0.0
704291,0.0
704292,0.0
704293,0.0
704294,0.0
704295,0.0
704296,0.0
704297,0.0
704298,0.0
704299,0.0
704300,0.0
704301,0.0
704302,0.0
704303,0.0
704304,0.0
704305,0.0
704306,0.0
704307,0.0
704308,0.0
704309,0.0
704310,0.0
704311,0.0
704312,0.0
704313,0.0
704314,0.0
704315,0.0
704316,0.0
704317,0.0
704318,0.0
704319,0.0
704320,0.0
704321,0.0
704322,0.0
704323,0.0
704324,0.0
704325,0.0
704326,0.0
704327,0.0
704328,0.0
704329,0.0
704330,0.0
704331,0.0
704332,0.0
704333,0.0
704334,0.0
704335,0.0
704336,0.0
704337,0.0016616035
704338,0.0
704339,0.0
704340,0.0
704341,0.0
704342,0.0
704343,0.0
704344,0.0
704345,0.0
704346,0.0
704347,0.0
704348,0.0
704349,0.0
704350,0.0
704351,0.0
704352,0.0
704353,0.0
704354,0.0
704355,0.0
704356,0.0
704357,0.0
704358,0.0
704359,0.0
704360,0.0
704361,0.0
704362,0.0
704363,0.0
704364,0.0
704365,0.0
704366,0.0
704367,0.0
704368,0.0
704369,0.0
704370,0.0
704371,0.0
704372,0.0
704373,0.0
704374,0.0
704375,0.0
704376,4.499501e-39
704377,0.0
704378,0.0
704379,0.0
704380,0.0
704381,0.0
704382,0.0
704383,0.0
704384,0.0
704385,0.0
704386,0.0
704387,0.0
704388,0.0
704389,0.0
704390,0.0
704391,0.0
704392,0.0
704393,0.0
704394,0.0
704395,0.0
704396,0.0
704397,0.0
704398,0.0
704399,0.0
704400,0.0
704401,0.0
704402,0.0
704403,0.0
704404,0.0
704405,0.0
704406,6.73433e-39
704407,0.0
704408,0.0
704409,0.0
704410,0.0
704411,0.0
704412,0.0
704413,0.0
704414,0.0
704415,0.0
704416,0.0
704417,0.0
704418,0.0
704419,0.0
704420,0.0
704421,0.35142747
704422,0.0
704423,0.0
704424,0.0
704425,0.0
704426,0.0
704427,0.0
704428,0.0
704429,0.0
704430,0.0
704431,0.0
704432,0.0
704433,0.0
704434,0.0
704435,0.0
704436,0.0
704437,0.0
704438,0.0
704439,0.0
704440,0.0
704441,0.0
704442,0.0
704443,0.0
704444,0.0
704445,0.0
704446,0.0
704447,0.0
704448,0.0
704449,0.0
704450,0.0
704451,0.0
704452,0.0
704453,0.0
704454,0.0
704455,0.0
704456,0.0
704457,0.0
704458,0.0
704459,0.0
704460,0.0
704461,0.0
704462,0.0
704463,0.0
704464,0.0
704465,0.0
704466,0.0
704467,0.0
704468,0.0
704469,0.0
704470,0.0
704471,0.0
704472,0.0
704473,0.0
704474,0.0
704475,0.0
704476,0.0
704477,0.0
704478,0.0
704479,0.0
704480,0.0
704481,0.0
704482,0.0
704483,0.0
704484,0.0
704485,0.0
704486,0.0
704487,0.0
704488,0.0
704489,0.0
704490,0.0
704491,0.0
704492,0.0
704493,0.0
704494,0.0
704495,0.0
704496,0.0
704497,0.0
704498,0.0
704499,0.0
704500,0.0
704501,0.0
704502,0.0
704503,0.0
704504,0.0
704505,0.0
704506,0.0
704507,0.0
704508,0.0
704509,0.0
704510,0.0
704511,0.0
704512,0.0
704513,0.0
704514,0.0
704515,0.0
704516,0.0
704517,0.0
704518,0.0
704519,0.0
704520,0.0
704521,0.0
704522,0.0
704523,0.0
704524,0.0
704525,0.0
704526,0.0
704527,0.0
704528,0.0
704529,0.0
704530,0.0
704531,0.0
704532,0.0
704533,0.0
704534,0.0
704535,0.0
704536,0.0
704537,0.0
704538,0.0
704539,0.0
704540,0.0
704541,0.0
704542,0.0
704543,0.0
704544,0.0
704545,0.0
704546,0.0
704547,0.0
704548,0.0
704549,0.0
704550,0.0
704551,0.0
704552,0.0
704553,0.0
704554,0.0
704555,0.0
704556,1.8680773e-35
704557,0.0
704558,0.0
704559,0.0
704560,0.0
704561,0.0
704562,0.0
704563,0.0
704564,0.0
704565,0.0
704566,0.0
704567,0.0
704568,0.0
704569,0.0
704570,0.0
704571,0.0
704572,0.0
704573,0.0
704574,0.0
704575,0.0
704576,0.0
704577,0.0
704578,0.0
704579,0.0
704580,0.0
704581,0.0
704582,0.0
704583,0.0
704584,0.0
704585,0.0
704586,0.0
704587,0.0
704588,0.0
704589,0.0
704590,0.0
704591,0.0
704592,0.0
704593,0.0
704594,0.0
704595,0.0
704596,0.0
704597,0.0
704598,2.8945927e-13
704599,0.0
704600,0.0
704601,0.0
704602,0.0
704603,0.0
704604,0.0
704605,0.0
704606,0.0
704607,0.0
704608,0.0
704609,0.0
704610,0.0
704611,0.0
704612,0.0
704613,0.0
704614,0.0
704615,0.0
704616,0.0
704617,0.0
704618,0.0
704619,0.0
704620,0.0
704621,0.0
704622,0.0
704623,0.0
704624,0.0
704625,0.0
704626,0.0
704627,0.0
704628,0.0
704629,0.0
704630,0.0
704631,0.0
704632,0.0
704633,0.0
704634,0.0
704635,0.0
704636,0.0
704637,0.0
704638,0.0
704639,0.0
704640,0.0
704641,0.0
704642,0.0
704643,0.0
704644,0.0
704645,0.0
704646,0.0
704647,0.0
704648,0.0
704649,0.0
704650,0.0
704651,0.0
704652,0.0
704653,0.0
704654,0.0
704655,0.0
704656,0.0
704657,0.0
704658,0.0
704659,0.0
704660,6.628822e-28
704661,0.0
704662,0.0
704663,0.0
704664,0.0
704665,0.0
704666,0.0
704667,0.0
704668,0.0
704669,0.0
704670,0.0
704671,0.0
704672,0.0
704673,0.0
704674,0.0
704675,0.0
704676,0.0
704677,0.0
704678,0.0
704679,0.0
704680,0.0
704681,0.0
704682,0.0
704683,0.0
704684,0.0
704685,0.0
704686,0.0
704687,0.0
704688,0.0
704689,0.0
704690,0.0
704691,0.0
704692,0.0
704693,0.0
704694,0.0
704695,0.0
704696,0.0
704697,0.0
704698,0.0
704699,0.0
704700,0.0
704701,0.0
704702,0.0
704703,0.0
704704,0.0
704705,0.0
704706,0.0
704707,0.0
704708,0.0
704709,0.0
704710,0.0
704711,0.0
704712,0.0
704713,0.0
704714,0.0
704715,0.0
704716,0.0
704717,0.0
704718,0.0
704719,0.0
704720,0.0
704721,0.0
704722,0.0
704723,0.0
704724,0.0
704725,0.0
704726,0.0
704727,0.0
704728,0.0
704729,0.0
704730,0.0
704731,0.0
704732,0.0
704733,0.0
704734,0.0
704735,0.0
704736,0.0
704737,0.0
704738,0.0
704739,0.0
704740,0.0
704741,0.0
704742,0.0
704743,0.0
704744,0.0
704745,0.0
704746,0.0
704747,0.0
704748,0.0
704749,0.0
704750,0.0
704751,5.1606797e-21
704752,0.0
704753,0.0
704754,0.0
704755,0.0
704756,0.0
704757,0.0
704758,0.0
704759,0.0
704760,0.0
704761,0.0
704762,0.0
704763,0.0
704764,0.0
704765,0.0
704766,0.0
704767,0.0
704768,0.0
704769,0.0
704770,0.0
704771,0.0
704772,0.0
704773,0.0
704774,0.0
704775,0.0
704776,0.0
704777,0.0
704778,0.0
704779,0.0
704780,0.0
704781,0.0
704782,0.0
704783,5.1141965e-35
704784,9.867794e-37
704785,0.0
704786,0.0
704787,0.0
704788,0.0
704789,0.0
704790,0.0
704791,0.0
704792,0.0
704793,0.0
704794,0.0
704795,0.0
704796,0.0
704797,0.0
704798,0.0
704799,0.0
704800,0.0
704801,0.0
704802,0.0
704803,0.0
704804,0.0
704805,0.0
704806,0.0
704807,0.0
704808,0.0
704809,0.0
704810,0.0
704811,0.0
704812,0.0
704813,0.0
704814,0.0
704815,0.0
704816,0.0
704817,0.0
704818,0.0
704819,0.0
704820,0.0
704821,0.0
704822,0.0
704823,0.0
704824,0.0
704825,0.0
704826,0.0
704827,0.0
704828,0.0
704829,0.0
704830,0.0
704831,0.0
704832,0.0
704833,0.0
704834,0.0
704835,0.0
704836,0.0
704837,0.0
704838,0.0
704839,0.0
704840,0.0
704841,0.0
704842,0.0
704843,0.0
704844,0.0
704845,0.0
704846,0.0
704847,0.0
704848,0.0
704849,0.0
704850,0.0
704851,0.0
704852,0.0
704853,0.0
704854,0.0
704855,0.0
704856,0.0
704857,0.0
704858,0.0
704859,0.0
704860,0.0
704861,0.0
704862,0.0
704863,0.0
704864,0.0
704865,0.0
704866,0.0
704867,0.0
704868,0.0
704869,0.0
704870,0.0
704871,0.0
704872,0.0
704873,4.9163207e-10
704874,0.0
704875,0.0
704876,0.0
704877,0.0
704878,0.0
704879,0.0
704880,0.0
704881,0.0
704882,0.0
704883,0.0
704884,0.0
704885,0.0
704886,0.0
704887,0.0
704888,0.0
704889,0.0
704890,0.0
704891,0.0
704892,0.0
704893,0.0
704894,0.0
704895,0.0
704896,0.0
704897,0.0
704898,0.0
704899,0.0
704900,0.0
704901,0.0
704902,0.0
704903,0.0
704904,0.0
704905,0.0
704906,0.0
704907,0.0
704908,0.0
704909,0.0
704910,0.0
704911,0.0
704912,0.0
704913,0.0
704914,0.0
704915,0.0
704916,0.0
704917,0.0
704918,0.0
704919,0.0
704920,0.0
704921,0.0
704922,0.0
704923,0.0
704924,0.0
704925,0.0
704926,0.0
704927,0.0
704928,0.0
704929,0.0
704930,0.0
704931,0.0
704932,0.0
704933,5.64239e-39
704934,0.0
704935,0.0
704936,0.0
704937,0.0
704938,0.0
704939,0.0
704940,0.0
704941,0.0
704942,0.0
704943,0.0
704944,0.0
704945,0.0
704946,0.0
704947,0.0
704948,0.0
704949,0.0
704950,0.0
704951,0.0
704952,0.0
704953,0.0
704954,0.0
704955,0.0
704956,0.0
704957,0.0
704958,0.0
704959,0.0
704960,0.0
704961,0.0
704962,0.0
704963,0.0
704964,0.0
704965,0.0
704966,0.0
704967,0.0
704968,0.0
704969,0.0
704970,0.0
704971,0.0
704972,0.0
704973,0.0
704974,0.0
704975,0.0
704976,0.0
704977,0.0
704978,0.0
704979,0.0
704980,0.0
704981,0.0
704982,0.0
704983,0.0
704984,0.0
704985,0.0
704986,0.0
704987,0.0
704988,0.0
704989,0.0
704990,0.0
704991,0.0
704992,0.0
704993,0.0
704994,0.0
704995,0.0
704996,0.0
704997,0.0
704998,0.0
704999,0.36242384
705000,0.0
705001,0.0
705002,0.0
705003,0.0
705004,0.0
705005,0.0
705006,0.0
705007,0.0
705008,0.0
705009,0.0
705010,0.0
705011,0.0
705012,0.0
705013,0.0
705014,0.0
705015,0.0
705016,0.0
705017,0.0
705018,0.0
705019,0.0
705020,0.0
705021,0.0
705022,0.0
705023,0.0
705024,0.0
705025,0.0
705026,0.0
705027,0.0
705028,0.0
705029,0.0
705030,0.0
705031,0.0
705032,0.0
705033,0.0
705034,0.005778071
705035,0.0
705036,0.0
705037,0.0
705038,0.0
705039,0.0
705040,0.0
705041,0.0
705042,0.0
705043,0.0
705044,0.0
705045,0.0
705046,0.0
705047,0.0
705048,0.0
705049,0.0
705050,0.0
705051,0.0
705052,0.0
705053,0.0
705054,0.0
705055,0.0
705056,0.0
705057,0.0
705058,0.0
705059,0.0
705060,0.0
705061,0.0
705062,0.0
705063,0.0
705064,0.0
705065,0.0
705066,0.0
705067,0.0
705068,0.0
705069,0.0
705070,0.0
705071,0.0
705072,0.0
705073,0.0
705074,0.0
705075,0.0
705076,0.0
705077,0.0
705078,0.0
705079,0.0
705080,0.0
705081,0.0
705082,0.0
705083,0.0
705084,0.0
705085,0.0
705086,0.0
705087,0.0
705088,0.0
705089,0.0
705090,0.0
705091,0.0
705092,0.0
705093,0.0
705094,0.0
705095,0.0
705096,0.0
705097,0.0
705098,0.0
705099,0.0
705100,0.0
705101,0.0
705102,0.0
705103,0.0
705104,0.0
705105,0.0
705106,0.0
705107,0.0
705108,0.0
705109,0.0
705110,0.0
705111,0.0
705112,0.0
705113,0.0
705114,0.0
705115,0.0
705116,0.0
705117,0.0
705118,0.0
705119,0.02181875
705120,0.0
705121,0.0
705122,0.0
705123,0.0
705124,0.0
705125,0.0
705126,3.5871564e-21
705127,0.0
705128,0.0
705129,0.0
705130,0.0
705131,0.0
705132,0.0
705133,0.0
705134,0.0
705135,0.0
705136,0.0
705137,0.0
705138,0.0
705139,0.0
705140,0.0
705141,0.0
705142,0.0
705143,0.0
705144,0.0
705145,0.0
705146,0.0
705147,0.0
705148,0.0
705149,0.0
705150,0.0
705151,0.0
705152,0.0
705153,0.0
705154,0.0
705155,0.0
705156,0.0
705157,0.0
705158,0.0
705159,0.0
705160,0.0
705161,0.0
705162,0.0
705163,0.0
705164,0.0
705165,0.0
705166,0.0
705167,0.0
705168,0.0
705169,0.0
705170,0.0
705171,0.0
705172,0.0
705173,0.0
705174,0.0
705175,0.0
705176,0.0
705177,0.0
705178,0.0
705179,0.0
705180,0.0
705181,0.0
705182,0.0
705183,0.0
705184,0.0
705185,0.0
705186,0.0
705187,0.0
705188,0.0
705189,0.0
705190,0.0
705191,0.0
705192,0.0
705193,0.0
705194,0.0
705195,0.0
705196,0.0
705197,0.0
705198,0.0
705199,0.0
705200,0.0
705201,0.0
705202,0.0
705203,0.0
705204,0.0
705205,0.0
705206,0.0
705207,0.0
705208,0.0
705209,1.9935639e-08
705210,0.0
705211,0.0
705212,0.0
705213,0.0
705214,0.0
705215,0.0
705216,0.0
705217,0.0
705218,0.0
705219,0.0
705220,0.0
705221,0.0
705222,0.0
705223,0.0
705224,0.0
705225,0.0
705226,0.0
705227,0.0
705228,0.0
705229,0.0
705230,0.0
705231,0.0
705232,0.0
705233,0.0
705234,0.0
705235,0.0
705236,0.0
705237,0.0
705238,0.0
705239,0.0
705240,0.0
705241,0.0
705242,0.0
705243,0.0
705244,0.0
705245,0.0
705246,0.0
705247,0.0
705248,0.0
705249,0.0
705250,0.0
705251,0.0
705252,0.0
705253,0.0
705254,0.0
705255,0.0
705256,0.0
705257,0.0
705258,0.0
705259,0.0
705260,0.0
705261,0.0
705262,0.0
705263,0.0
705264,5.0634714e-09
705265,0.0
705266,0.0
705267,0.0
705268,0.0
705269,0.0
705270,0.0
705271,0.0
705272,0.0
705273,0.0
705274,0.0
705275,0.0
705276,0.0
705277,0.0
705278,0.0
705279,0.0
705280,0.0
705281,0.0
705282,0.0
705283,0.0
705284,0.0
705285,0.0
705286,0.0
705287,0.0
705288,0.0
705289,0.0
705290,0.0
705291,0.0
705292,0.0
705293,0.0
705294,0.0
705295,0.0
705296,0.0
705297,0.0
705298,0.0
705299,0.0
705300,0.0
705301,0.0
705302,0.0
705303,0.0
705304,0.0
705305,0.0
705306,0.0
705307,0.0
705308,0.0
705309,0.0
705310,3.991484e-37
705311,0.0
705312,0.0
705313,0.0
705314,0.0
705315,0.0
705316,0.0
705317,0.0
705318,0.0
705319,0.0
705320,0.0
705321,0.0
705322,0.0
705323,0.0
705324,0.0
705325,0.0
705326,0.0
705327,0.0
705328,0.0
705329,0.0
705330,0.0
705331,0.0
705332,0.0
705333,0.0
705334,0.0
705335,0.0
705336,0.0
705337,0.0
705338,0.0
705339,0.0
705340,0.0
705341,0.0
705342,0.0
705343,0.0
705344,0.0
705345,0.0
705346,0.0
705347,0.0
705348,3.76402e-33
705349,0.0
705350,0.0
705351,0.0
705352,0.0
705353,0.0
705354,0.0
705355,0.0
705356,0.0
705357,0.0
705358,0.0
705359,0.0
705360,0.0
705361,0.0
705362,0.0
705363,0.0
705364,0.0
705365,0.0
705366,0.0
705367,0.0
705368,0.0
705369,0.0
705370,0.0
705371,0.0
705372,0.0
705373,0.0
705374,0.0
705375,0.0
705376,0.0
705377,0.0
705378,0.0
705379,0.0
705380,0.0
705381,0.0
705382,0.0
705383,0.0
705384,0.0
705385,0.0
705386,0.0
705387,0.0
705388,0.0
705389,0.0
705390,0.0
705391,8.894665e-22
705392,0.0
705393,0.0
705394,0.0
705395,0.0
705396,0.0
705397,0.0
705398,0.0
705399,0.0
705400,0.0
705401,0.0
705402,0.0
705403,0.0
705404,0.0
705405,0.0
705406,0.0
705407,0.0
705408,0.0
705409,0.0
705410,0.0
705411,0.0
705412,0.0
705413,0.0
705414,0.0
705415,0.0
705416,0.0
705417,0.0
705418,0.0
705419,0.0
705420,0.0
705421,0.0
705422,0.0
705423,0.0
705424,0.0
705425,0.0
705426,0.0
705427,0.0
705428,0.0
705429,0.0
705430,0.0
705431,0.0
705432,0.0
705433,0.0
705434,0.0
705435,0.0
705436,0.0
705437,0.0
705438,0.0
705439,0.0
705440,0.0
705441,0.0
705442,0.0
705443,0.0
705444,0.0
705445,0.0
705446,0.0
705447,0.0
705448,1.7672399e-13
705449,0.0
705450,0.0
705451,0.0
705452,0.0
705453,0.0
705454,0.0
705455,0.0
705456,0.0
705457,0.0
705458,0.0
705459,0.0
705460,0.0
705461,0.0
705462,0.0
705463,0.0
705464,0.0
705465,0.0
705466,0.0
705467,0.0
705468,0.0
705469,0.0
705470,0.0
705471,0.0
705472,0.0
705473,0.0
705474,0.0
705475,0.0
705476,0.0
705477,0.0
705478,0.0
705479,0.0
705480,0.0
705481,0.0
705482,0.0
705483,0.0
705484,0.0
705485,0.0
705486,0.0
705487,0.0
705488,0.0
705489,0.0
705490,0.0
705491,0.0
705492,0.0
705493,0.0
705494,0.0
705495,0.0
705496,0.0
705497,0.0
705498,0.0
705499,0.0
705500,0.0
705501,0.0
705502,0.0
705503,0.0
705504,0.0
705505,0.0
705506,0.0
705507,0.0
705508,0.0
705509,0.0
705510,0.0
705511,0.0
705512,0.0
705513,0.0
705514,0.0
705515,0.0
705516,0.0
705517,0.0
705518,0.0
705519,0.0
705520,0.0
705521,0.0
705522,0.0
705523,0.0
705524,0.0
705525,0.0
705526,0.0
705527,0.0
705528,0.0
705529,0.0
705530,0.0
705531,0.0
705532,0.0
705533,0.0
705534,0.0
705535,0.0
705536,0.0
705537,0.0
705538,0.0
705539,0.0
705540,0.0
705541,0.0
705542,0.0
705543,0.0
705544,0.0
705545,0.0
705546,0.0
705547,0.0
705548,0.0
705549,0.0
705550,0.0
705551,0.0
705552,0.0
705553,0.0
705554,0.0
705555,0.0
705556,0.0
705557,0.0
705558,0.0
705559,0.0
705560,0.0
705561,0.0
705562,0.0
705563,0.0
705564,0.0
705565,0.0
705566,0.0
705567,0.0
705568,0.0
705569,0.0
705570,0.0
705571,0.0
705572,0.0
705573,0.0
705574,0.0
705575,0.0
705576,0.0
705577,0.0
705578,0.0
705579,0.0
705580,0.0
705581,0.0
705582,0.0
705583,0.0
705584,0.0
705585,0.0
705586,0.0
705587,0.0
705588,0.0
705589,0.0
705590,0.0
705591,0.0
705592,0.0
705593,0.0
705594,0.0
705595,0.0
705596,0.0
705597,0.0
705598,2.3573554e-22
705599,0.0
705600,0.0
705601,0.0
705602,0.0
705603,0.0
705604,0.0
705605,0.0
705606,0.0
705607,0.0
705608,0.0
705609,0.0
705610,0.0
705611,0.0
705612,0.0
705613,0.0
705614,0.0
705615,0.0
705616,0.0
705617,0.0
705618,0.0
705619,0.0
705620,0.0
705621,0.0
705622,0.0
705623,0.0
705624,0.0
705625,0.0
705626,0.0
705627,0.0
705628,0.0
705629,0.0
705630,0.0
705631,0.0
705632,0.0
705633,0.0
705634,0.0
705635,0.0
705636,0.0
705637,0.0
705638,0.0
705639,0.0
705640,0.0
705641,0.0
705642,0.0
705643,0.0
705644,0.0
705645,0.0
705646,0.0
705647,0.0
705648,0.0
705649,0.0
705650,0.0
705651,0.0
705652,0.0
705653,0.0
705654,0.0
705655,0.0
705656,0.0
705657,0.0
705658,0.0
705659,0.0
705660,0.0
705661,0.0
705662,0.0
705663,0.0
705664,0.0
705665,0.0
705666,0.0
705667,0.0
705668,0.0
705669,0.0
705670,0.0
705671,0.0
705672,0.0
705673,0.0
705674,0.0
705675,0.0
705676,0.0
705677,0.0
705678,0.0
705679,0.0
705680,0.0
705681,0.0
705682,0.0
705683,0.0
705684,0.0
705685,0.0
705686,0.0
705687,0.0
705688,0.0
705689,0.0
705690,0.0
705691,0.0
705692,0.0
705693,0.0
705694,0.0
705695,0.0
705696,0.0
705697,0.0
705698,0.0
705699,0.0
705700,0.0
705701,0.0
705702,0.0
705703,0.0
705704,0.0
705705,0.0
705706,0.0
705707,0.0
705708,0.0
705709,0.0
705710,0.0
705711,0.0
705712,0.0
705713,0.0
705714,0.0
705715,0.0
705716,0.0
705717,0.0
705718,0.0
705719,0.0
705720,0.0
705721,0.0
705722,0.0
705723,0.0
705724,0.0
705725,0.0
705726,0.0
705727,0.0
705728,0.0
705729,0.0
705730,0.0
705731,0.0
705732,0.0
705733,0.0
705734,0.0
705735,0.0
705736,0.0
705737,0.0
705738,0.0
705739,0.0
705740,0.0
705741,0.0
705742,0.0
705743,0.0
705744,0.0
705745,0.0
705746,0.0
705747,0.0
705748,0.0
705749,0.0
705750,0.0
705751,0.0
705752,0.0
705753,0.0
705754,0.0
705755,0.0
705756,0.0
705757,0.0
705758,0.0
705759,0.0
705760,0.0
705761,0.0
705762,0.0
705763,0.0
705764,0.0
705765,0.0
705766,0.0
705767,0.0
705768,0.0
705769,0.0
705770,0.0
705771,0.0
705772,0.0
705773,0.0
705774,0.0
705775,0.0
705776,0.0
705777,0.0
705778,0.0
705779,0.0
705780,0.0
705781,0.0
705782,0.0
705783,0.0
705784,0.0
705785,0.0
705786,0.0
705787,0.0
705788,0.0
705789,0.0
705790,0.0
705791,0.0
705792,0.0
705793,0.0
705794,0.0
705795,0.0
705796,0.0
705797,0.0
705798,0.0
705799,0.0
705800,0.0
705801,0.0
705802,0.0
705803,0.0
705804,0.0
705805,0.0
705806,0.0
705807,0.0
705808,0.0
705809,0.0
705810,0.0
705811,0.0
705812,0.0
705813,0.0
705814,0.0
705815,0.0
705816,0.0
705817,0.0
705818,0.0
705819,0.0
705820,0.0
705821,0.0
705822,0.0
705823,0.0027953666
705824,0.0
705825,0.0
705826,0.0
705827,0.0
705828,0.0
705829,0.0
705830,0.0
705831,0.0
705832,0.0
705833,0.0
705834,0.0
705835,0.0
705836,0.0
705837,0.0
705838,0.0
705839,0.0
705840,0.0
705841,0.0
705842,0.0
705843,0.0
705844,0.0
705845,0.0
705846,0.0
705847,0.0
705848,0.0
705849,0.0
705850,0.0
705851,0.0
705852,0.0
705853,0.0
705854,0.0
705855,0.0
705856,0.0
705857,0.0
705858,0.0
705859,0.0
705860,0.0
705861,0.0
705862,0.0
705863,0.0
705864,0.0
705865,7.990981e-27
705866,0.0
705867,0.0
705868,0.0
705869,0.0
705870,0.0
705871,8.92597e-22
705872,0.0
705873,0.0
705874,0.0
705875,0.0
705876,0.0
705877,0.0
705878,0.0
705879,0.0
705880,0.0
705881,0.0
705882,0.0
705883,0.0
705884,0.0
705885,0.0
705886,0.0
705887,0.0
705888,0.0
705889,0.0
705890,0.0
705891,0.0
705892,0.0
705893,0.0
705894,0.0
705895,0.0
705896,0.0
705897,0.0
705898,0.0
705899,0.0
705900,0.0
705901,0.0
705902,0.0
705903,0.0
705904,0.0
705905,0.0
705906,0.0
705907,0.0
705908,0.0
705909,0.0
705910,0.0
705911,0.0
705912,0.0
705913,0.0
705914,0.0
705915,0.0
705916,0.0
705917,0.0
705918,0.0
705919,0.0
705920,0.0
705921,0.0
705922,0.0
705923,0.0
705924,0.0
705925,0.0
705926,4.752077e-31
705927,0.0
705928,0.0
705929,0.0
705930,0.0
705931,0.0
705932,0.0
705933,0.0
705934,0.0
705935,0.0
705936,0.0
705937,0.0
705938,0.0
705939,0.0
705940,0.0
705941,0.0
705942,0.0
705943,0.0
705944,0.0
705945,0.0
705946,0.0
705947,0.0
705948,0.0
705949,0.0
705950,0.0
705951,0.0
705952,0.0
705953,0.0
705954,0.0
705955,0.0
705956,0.0
705957,0.0
705958,0.0
705959,0.0
705960,0.0
705961,0.0
705962,0.0
705963,0.0
705964,0.0
705965,0.0
705966,0.0
705967,0.0
705968,0.0
705969,0.0
705970,0.0
705971,0.0
705972,0.0
705973,0.0
705974,0.0
705975,0.0
705976,0.0
705977,0.0
705978,0.0
705979,0.0
705980,0.0
705981,0.0
705982,0.0
705983,0.0
705984,0.0
705985,0.0
705986,0.0
705987,0.0
705988,0.0
705989,0.0
705990,0.0
705991,0.0
705992,0.0
705993,0.0
705994,0.0
705995,0.0
705996,0.0
705997,0.0
705998,0.0
705999,0.0
706000,0.0
706001,0.0
706002,0.0
706003,0.0
706004,0.0
706005,0.0
706006,0.0
706007,0.0
706008,0.0
706009,0.0
706010,0.0
706011,0.0
706012,0.0
706013,0.0
706014,0.0
706015,0.0
706016,0.0
706017,0.0
706018,0.0
706019,0.0
706020,0.0
706021,0.0
706022,0.0
706023,0.0
706024,0.0
706025,0.0
706026,0.0
706027,0.0
706028,0.0
706029,0.0
706030,0.0
706031,0.0
706032,0.0
706033,0.0
706034,0.0
706035,0.0
706036,0.0
706037,0.0
706038,0.0
706039,0.0
706040,0.0
706041,0.0
706042,0.0
706043,0.0
706044,0.0
706045,0.0
706046,0.0
706047,0.0
706048,0.0
706049,0.0
706050,0.0
706051,0.0
706052,0.0
706053,0.0
706054,0.0
706055,0.0
706056,0.0
706057,0.0
706058,0.0
706059,5.5797585e-07
706060,0.0
706061,0.0
706062,0.0
706063,0.0
706064,0.0
706065,0.0
706066,0.0
706067,0.0
706068,0.0
706069,0.0
706070,0.0
706071,0.0
706072,0.0
706073,0.0
706074,0.0
706075,0.0
706076,0.0
706077,0.0
706078,0.0
706079,0.0
706080,0.0
706081,0.0
706082,0.0
706083,0.0
706084,0.0
706085,0.0
706086,0.0
706087,0.0
706088,0.0
706089,0.0
706090,0.0
706091,0.0
706092,0.0
706093,0.0
706094,0.0
706095,2.0313188e-18
706096,0.0
706097,0.0
706098,0.0
706099,0.0
706100,0.0
706101,0.0
706102,0.0
706103,0.0
706104,0.0
706105,0.0
706106,0.0
706107,0.0
706108,0.0
706109,0.0
706110,0.0
706111,0.0
706112,0.0
706113,0.0
706114,0.0
706115,0.0
706116,0.0
706117,3.9646956e-13
706118,0.0
706119,0.0
706120,0.0
706121,0.0
706122,0.0
706123,0.0
706124,0.0
706125,0.0
706126,0.0
706127,0.0
706128,0.0
706129,0.0
706130,0.0
706131,0.0
706132,0.0
706133,0.0
706134,0.0
706135,0.0
706136,0.0
706137,0.0
706138,0.0
706139,0.0
706140,0.0
706141,0.0
706142,0.0
706143,0.0
706144,0.0
706145,0.0
706146,0.0
706147,0.0
706148,0.0
706149,0.0
706150,0.0
706151,8.006255e-30
706152,0.0
706153,0.0
706154,0.0
706155,0.0
706156,0.0
706157,0.0
706158,0.0
706159,0.0
706160,0.0
706161,0.0
706162,0.0
706163,0.0
706164,0.0
706165,0.0
706166,0.0
706167,0.0
706168,0.0
706169,0.0
706170,0.0
706171,0.0
706172,0.0
706173,0.0
706174,0.0
706175,0.0
706176,0.0
706177,0.0
706178,0.0
706179,0.0
706180,0.0
706181,0.0
706182,0.0
706183,0.0
706184,0.0
706185,0.0
706186,0.0
706187,0.0
706188,0.0
706189,0.0
706190,0.0
706191,0.0
706192,0.0
706193,0.0
706194,0.0
706195,0.0
706196,0.0
706197,0.0
706198,0.0
706199,0.0
706200,0.0
706201,0.0
706202,0.0
706203,0.0
706204,0.0
706205,0.0
706206,0.0
706207,0.0
706208,4.583139e-16
706209,0.0
706210,0.0
706211,0.0
706212,0.0
706213,0.0
706214,0.0
706215,0.0
706216,0.0
706217,0.0
706218,0.0
706219,0.0
706220,0.0
706221,0.0
706222,0.0
706223,0.0
706224,0.0
706225,0.0
706226,0.0
706227,0.0
706228,0.0
706229,0.0
706230,0.0
706231,0.0
706232,0.0
706233,0.0
706234,0.0
706235,0.0
706236,0.0
706237,0.0
706238,0.0
706239,0.0
706240,0.0
706241,0.0
706242,0.0
706243,0.0
706244,0.0
706245,0.0
706246,0.0
706247,0.0
706248,0.0
706249,0.0
706250,0.0
706251,0.0
706252,0.0
706253,0.0
706254,0.0
706255,0.0
706256,0.0
706257,0.0
706258,0.0
706259,0.0
706260,0.0
706261,0.0
706262,0.0
706263,2.7680858e-07
706264,0.0
706265,0.0
706266,0.0
706267,0.0
706268,0.0
706269,0.0
706270,0.0
706271,0.0
706272,0.0
706273,0.0
706274,0.0
706275,0.0
706276,0.0
706277,0.0
706278,0.0
706279,0.0
706280,0.0
706281,0.0
706282,0.0
706283,0.0
706284,0.0
706285,0.0
706286,0.0
706287,0.0
706288,0.0
706289,0.0
706290,0.0
706291,0.0
706292,0.0
706293,0.0
706294,0.0
706295,0.0
706296,0.0
706297,0.0
706298,0.0
706299,0.0
706300,0.0
706301,0.0
706302,0.0
706303,0.0
706304,0.0
706305,0.0
706306,0.0
706307,0.0
706308,0.0
706309,0.0
706310,0.0
706311,0.0
706312,0.0
706313,0.0
706314,0.0
706315,0.0
706316,0.0
706317,0.0
706318,0.0
706319,0.0
706320,0.0
706321,0.0
706322,0.0
706323,0.0
706324,0.0
706325,0.0
706326,0.0
706327,0.0
706328,0.0
706329,0.0
706330,0.0
706331,0.0
706332,0.0
706333,0.0
706334,0.0
706335,0.0
706336,0.0
706337,0.0
706338,0.0
706339,0.0
706340,0.0
706341,0.0
706342,0.0
706343,0.0
706344,0.0
706345,0.0
706346,0.0
706347,0.0
706348,0.0
706349,0.0
706350,0.0
706351,0.0
706352,0.0
706353,0.0
706354,0.0
706355,0.0
706356,0.0
706357,0.0
706358,0.0
706359,0.0
706360,0.0
706361,0.0
706362,0.0
706363,0.0
706364,0.0
706365,0.0
706366,0.0
706367,0.0
706368,0.0
706369,0.0
706370,0.0
706371,0.0
706372,0.0
706373,0.0
706374,0.0
706375,0.0
706376,0.0
706377,0.0
706378,0.0
706379,0.0
706380,0.0
706381,0.0
706382,0.0
706383,0.0
706384,0.0
706385,0.0
706386,0.0
706387,0.0
706388,0.0
706389,0.0
706390,0.0
706391,0.0
706392,0.0
706393,0.0
706394,0.0
706395,0.0
706396,0.0
706397,0.0
706398,0.0
706399,0.0
706400,0.0
706401,0.0
706402,0.0
706403,0.0
706404,0.0
706405,0.0
706406,0.0
706407,0.0
706408,0.0
706409,0.0
706410,0.0
706411,0.0
706412,0.0
706413,0.0
706414,0.0
706415,0.0
706416,0.0
706417,0.0
706418,0.0
706419,0.0
706420,0.0
706421,0.0
706422,0.0
706423,0.0
706424,0.0
706425,0.0
706426,0.0
706427,0.0
706428,0.0
706429,0.0
706430,0.0
706431,0.0
706432,0.0
706433,0.0
706434,0.0
706435,0.0
706436,0.0
706437,0.0
706438,0.0
706439,0.0
706440,0.0
706441,0.0
706442,0.0
706443,0.0
706444,0.0
706445,0.0
706446,0.0
706447,0.0
706448,0.0
706449,0.0
706450,0.0
706451,0.0
706452,0.0
706453,0.0
706454,0.0
706455,0.0
706456,0.0
706457,0.0
706458,0.0
706459,0.0
706460,0.0
706461,0.0
706462,0.0
706463,0.0
706464,0.0
706465,0.0
706466,0.0
706467,0.0
706468,0.0
706469,0.0
706470,0.0
706471,0.0
706472,0.0
706473,0.0
706474,0.0
706475,0.0
706476,0.0
706477,0.0
706478,0.0
706479,0.0
706480,0.0
706481,0.0
706482,0.0
706483,0.0
706484,0.0
706485,0.0
706486,0.0
706487,0.0
706488,0.0
706489,0.0
706490,0.0
706491,0.0
706492,0.0
706493,0.0
706494,0.0
706495,0.0
706496,0.0
706497,0.0
706498,0.0
706499,0.0
706500,0.0
706501,0.0
706502,0.0
706503,0.0
706504,0.0
706505,0.0
706506,0.0
706507,0.0
706508,0.0
706509,0.0
706510,0.0
706511,0.0
706512,0.20500779
706513,0.0
706514,0.0
706515,0.0
706516,0.0
706517,0.0
706518,0.0
706519,0.0
706520,0.0
706521,0.0
706522,0.0
706523,0.0
706524,0.0
706525,0.0
706526,0.0
706527,0.0
706528,0.0
706529,0.0
706530,0.0
706531,0.0
706532,0.0
706533,0.0
706534,0.0
706535,0.0
706536,0.0
706537,0.0
706538,0.0
706539,0.0
706540,0.0
706541,0.0
706542,0.0
706543,0.0
706544,0.0
706545,0.0
706546,0.0
706547,0.0
706548,0.0
706549,0.0
706550,0.0
706551,0.0
706552,0.0
706553,0.0
706554,0.0
706555,0.0
706556,0.0
706557,0.0
706558,0.0
706559,0.0
706560,0.0
706561,0.0
706562,0.0
706563,0.0
706564,0.0
706565,0.0
706566,0.0
706567,0.0
706568,0.0
706569,0.0
706570,0.0
706571,0.0
706572,0.0
706573,0.0
706574,0.0
706575,0.0
706576,0.0
706577,0.0
706578,0.0
706579,0.0
706580,0.0
706581,0.0
706582,0.0
706583,0.0
706584,0.0
706585,0.0
706586,0.0
706587,0.0
706588,0.0
706589,0.0
706590,0.0
706591,0.0
706592,0.0
706593,0.0
706594,0.0
706595,0.0
706596,0.0
706597,0.0
706598,0.0
706599,0.0
706600,0.0
706601,0.0
706602,0.0
706603,0.0
706604,0.0
706605,0.0
706606,0.0
706607,0.0
706608,0.0
706609,0.0
706610,0.0
706611,0.0
706612,0.0
706613,0.0
706614,0.0
706615,0.0
706616,0.0
706617,0.0
706618,0.0
706619,0.0
706620,0.0
706621,0.0
706622,0.0
706623,0.0
706624,0.0
706625,0.0
706626,0.0
706627,0.0
706628,0.0
706629,0.0
706630,0.0
706631,0.0
706632,0.0
706633,0.0
706634,0.0
706635,0.0
706636,0.0
706637,0.0
706638,0.0
706639,0.0
706640,0.0
706641,0.0
706642,0.0
706643,0.0
706644,0.0
706645,0.0
706646,0.0
706647,0.0
706648,0.0
706649,0.0
706650,0.0
706651,0.0
706652,0.0
706653,0.0
706654,0.0
706655,0.0
706656,0.0
706657,0.0
706658,0.0
706659,0.0
706660,0.0
706661,0.0
706662,0.0
706663,0.0
706664,0.0
706665,0.0
706666,0.0
706667,0.0
706668,0.0
706669,0.0
706670,0.0
706671,0.0
706672,0.0
706673,0.0
706674,0.0
706675,0.0
706676,0.0
706677,0.0
706678,0.0
706679,0.0
706680,0.0
706681,0.0
706682,0.0
706683,0.0
706684,0.0
706685,0.0
706686,0.0
706687,0.0
706688,0.0
706689,0.0
706690,0.0
706691,0.0
706692,0.0
706693,0.0
706694,0.0
706695,0.0
706696,0.0
706697,0.0
706698,0.0
706699,0.0
706700,0.0
706701,0.0
706702,0.0
706703,0.0
706704,0.0
706705,0.0
706706,0.0
706707,0.0
706708,0.0
706709,0.0
706710,0.0
706711,0.0
706712,0.0
706713,0.0
706714,0.0
706715,0.0
706716,0.0
706717,0.0
706718,0.0
706719,0.0
706720,0.0
706721,0.0
706722,0.0
706723,0.0
706724,0.0
706725,0.0
706726,0.0
706727,0.0
706728,0.0
706729,0.0
706730,0.0
706731,0.0
706732,0.0
706733,0.0
706734,0.0
706735,0.0
706736,0.0
706737,0.0
706738,0.0
706739,0.0
706740,0.0
706741,0.0
706742,0.0
706743,0.0
706744,0.0
706745,0.0
706746,0.0
706747,3.1687855e-06
706748,0.0
706749,0.0
706750,0.0
706751,0.0
706752,0.0
706753,0.0
706754,0.0
706755,0.0
706756,0.0
706757,0.0
706758,0.0
706759,0.0
706760,0.0
706761,0.0
706762,0.0
706763,0.0
706764,0.0
706765,0.0
706766,0.0
706767,0.0
706768,0.0
706769,0.0
706770,0.0
706771,0.0
706772,0.0
706773,0.0
706774,0.0
706775,0.0
706776,0.0
706777,0.0
706778,0.0
706779,0.0
706780,0.0
706781,0.0
706782,0.0
706783,0.0
706784,0.0
706785,0.0
706786,0.0
706787,0.0
706788,0.0
706789,0.0
706790,0.0
706791,0.0
706792,0.0
706793,0.0
706794,0.0
706795,0.0
706796,0.0
706797,0.0
706798,0.0
706799,0.0
706800,0.0
706801,0.0
706802,0.0
706803,0.0
706804,0.0
706805,0.0
706806,0.0
706807,0.0
706808,0.0
706809,0.0
706810,0.0
706811,0.0
706812,0.0
706813,0.0
706814,0.0
706815,0.0
706816,0.0
706817,0.0
706818,0.0
706819,0.0
706820,0.0
706821,0.0
706822,0.0
706823,0.0
706824,0.0
706825,0.0
706826,0.0
706827,0.0
706828,0.0
706829,0.0
706830,0.0
706831,0.0
706832,0.0
706833,0.0
706834,0.0
706835,0.0
706836,0.0
706837,0.0
706838,0.0
706839,0.0
706840,0.0
706841,0.0
706842,0.0
706843,0.0
706844,0.0
706845,0.0
706846,0.0
706847,0.0
706848,0.0
706849,0.0
706850,0.0
706851,0.0
706852,0.0
706853,0.0
706854,0.0
706855,0.0
706856,0.0
706857,0.0
706858,0.0
706859,0.0
706860,0.0
706861,0.0
706862,0.0
706863,0.0
706864,0.0
706865,0.0
706866,0.0
706867,0.0
706868,0.0
706869,0.0
706870,0.0
706871,0.0
706872,0.0
706873,0.0
706874,0.0
706875,0.0
706876,0.0
706877,0.0
706878,0.0
706879,0.0
706880,0.0
706881,0.0
706882,0.0
706883,0.0
706884,0.0
706885,0.0
706886,0.0
706887,0.0
706888,0.0
706889,0.0
706890,0.0
706891,0.0
706892,0.0
706893,0.0
706894,0.0
706895,0.0
706896,0.0
706897,0.0
706898,0.0
706899,0.0
706900,0.0
706901,0.0
706902,0.0
706903,0.0
706904,0.0
706905,0.0
706906,0.0
706907,0.0
706908,0.0
706909,0.0
706910,0.0
706911,0.00041535377
706912,0.0
706913,0.0
706914,0.0
706915,0.0
706916,0.0
706917,0.0
706918,0.0
706919,0.0
706920,0.0
706921,0.0
706922,0.0
706923,0.0
706924,0.0
706925,0.0
706926,0.0
706927,0.0
706928,0.0
706929,0.0
706930,0.0
706931,0.0
706932,0.0
706933,0.0
706934,0.0
706935,0.0
706936,0.0
706937,0.0
706938,0.0
706939,0.0
706940,0.0
706941,0.0
706942,0.0
706943,0.0
706944,0.0
706945,0.0
706946,0.0
706947,0.0
706948,0.0
706949,0.0
706950,0.027728343
706951,0.0
706952,0.0
706953,0.0
706954,0.0
706955,0.0
706956,0.0
706957,0.0
706958,0.0
706959,0.0
706960,0.0
706961,0.0
706962,0.0
706963,0.0
706964,0.0
706965,0.0
706966,0.0
706967,0.0
706968,0.0
706969,0.0
706970,0.0
706971,0.0
706972,0.0
706973,0.0
706974,0.0
706975,0.0
706976,2.5623874e-18
706977,0.0
706978,0.0
706979,0.0
706980,0.0
706981,0.0
706982,0.0
706983,0.0
706984,0.0
706985,0.0
706986,0.0
706987,0.0
706988,0.0
706989,0.0
706990,0.0
706991,0.0
706992,0.36242384
706993,0.0
706994,0.0
706995,0.0
706996,0.0
706997,0.0
706998,0.0
706999,0.0
707000,0.0
707001,0.0
707002,0.0
707003,0.0
707004,0.0
707005,0.0
707006,0.0
707007,0.0
707008,0.0
707009,0.0
707010,0.0
707011,0.0
707012,0.0
707013,0.0
707014,0.0
707015,0.0
707016,0.0
707017,0.0
707018,0.0
707019,0.0
707020,0.0
707021,0.0
707022,0.0
707023,0.0
707024,0.0
707025,0.0
707026,0.0
707027,0.0
707028,0.0
707029,0.0
707030,0.0
707031,0.0
707032,0.0
707033,0.0
707034,0.0
707035,0.0
707036,0.0
707037,0.0
707038,0.0
707039,0.0
707040,0.0
707041,0.0
707042,0.0
707043,0.0
707044,0.0
707045,0.0
707046,0.0
707047,0.0
707048,0.0
707049,0.0
707050,0.0
707051,0.0
707052,0.0
707053,0.0
707054,0.0
707055,0.0
707056,0.0
707057,0.0
707058,0.0
707059,0.0
707060,0.0
707061,0.0
707062,0.0
707063,0.0
707064,0.0
707065,0.0
707066,0.0
707067,0.0
707068,0.0
707069,0.0
707070,0.0
707071,0.0
707072,0.0
707073,0.0
707074,0.0
707075,0.0
707076,0.0
707077,0.0
707078,0.0
707079,0.0
707080,0.0
707081,0.0
707082,0.0
707083,0.0
707084,0.0
707085,0.0
707086,0.0
707087,0.0
707088,0.0
707089,0.0
707090,0.0
707091,0.0
707092,0.0
707093,0.0
707094,0.0
707095,0.0
707096,0.0
707097,0.0
707098,0.0
707099,0.0
707100,0.0
707101,0.0
707102,0.0
707103,0.0
707104,0.0
707105,0.0
707106,0.0
707107,0.0
707108,0.0
707109,0.0
707110,0.0
707111,0.0
707112,0.0
707113,0.0
707114,0.0
707115,0.0
707116,0.0
707117,0.0
707118,0.0
707119,0.0
707120,0.0
707121,0.0
707122,0.0
707123,0.0
707124,0.0
707125,0.0
707126,0.0
707127,0.0
707128,0.0
707129,0.0
707130,0.0
707131,0.0
707132,0.0
707133,0.0
707134,0.0
707135,0.0
707136,0.0
707137,0.0
707138,0.0
707139,0.0
707140,0.0
707141,0.0
707142,0.0
707143,0.0
707144,0.0
707145,0.0
707146,0.0
707147,0.0
707148,0.0
707149,0.0
707150,0.0
707151,0.0
707152,0.0
707153,0.0
707154,0.0
707155,0.0
707156,0.0
707157,0.0
707158,0.0
707159,0.0
707160,0.0
707161,0.0
707162,0.0
707163,0.0
707164,0.0
707165,0.0
707166,0.0
707167,0.0
707168,0.0
707169,0.0
707170,0.0
707171,0.0
707172,0.0
707173,0.0
707174,0.0
707175,0.0
707176,0.0
707177,0.0
707178,0.0
707179,0.0
707180,0.0
707181,0.0
707182,0.0
707183,1.1374634e-35
707184,0.0
707185,0.0
707186,0.0
707187,0.0
707188,0.0
707189,0.0
707190,0.0
707191,0.0
707192,0.0
707193,0.0
707194,0.0
707195,0.0
707196,0.0
707197,0.0
707198,0.0
707199,0.0
707200,0.0
707201,9.949395e-38
707202,0.0
707203,0.0
707204,0.0
707205,0.0
707206,0.0
707207,0.0
707208,0.0
707209,0.0
707210,0.0
707211,0.0
707212,0.0
707213,0.0
707214,0.0
707215,0.010695983
707216,0.0
707217,0.0
707218,0.0
707219,0.0
707220,0.0
707221,0.0
707222,0.0
707223,0.0
707224,0.0
707225,0.0
707226,0.0
707227,0.0
707228,0.0
707229,0.0
707230,0.0
707231,0.0
707232,0.0
707233,0.0
707234,0.0
707235,0.0
707236,0.0
707237,0.0
707238,0.0
707239,0.0
707240,0.0
707241,0.0
707242,0.0
707243,0.0
707244,0.0
707245,0.0
707246,0.0
707247,0.0
707248,0.0
707249,0.0
707250,0.0
707251,0.0
707252,0.0
707253,0.0
707254,0.0
707255,0.0
707256,0.0
707257,0.0
707258,0.0
707259,0.0
707260,0.0
707261,0.0
707262,0.0
707263,0.0
707264,0.0
707265,0.0
707266,0.0
707267,0.0
707268,0.0
707269,0.0
707270,0.0
707271,0.0
707272,0.0
707273,0.0
707274,0.0
707275,0.0
707276,0.0
707277,0.0
707278,0.0
707279,0.0
707280,0.0
707281,0.0
707282,0.0
707283,0.0
707284,0.0
707285,0.0
707286,0.0
707287,0.0
707288,0.0
707289,0.0
707290,2.9473145e-30
707291,0.0
707292,0.0
707293,0.0
707294,0.0
707295,0.0
707296,0.0
707297,0.0
707298,0.0
707299,0.0
707300,0.0
707301,0.0
707302,0.0
707303,0.0
707304,0.0
707305,0.0
707306,0.0
707307,0.0
707308,0.0
707309,0.0
707310,0.0
707311,0.0
707312,0.0
707313,0.0
707314,0.0
707315,0.0
707316,0.0
707317,0.0
707318,0.0
707319,0.0
707320,0.0
707321,2.8485192e-10
707322,0.0
707323,0.0
707324,0.0
707325,0.0
707326,0.0
707327,0.0
707328,0.0
707329,0.0
707330,0.0
707331,0.0
707332,0.0
707333,0.0
707334,0.0
707335,0.0
707336,0.0
707337,0.0
707338,0.0
707339,0.0
707340,0.0
707341,0.0
707342,0.0
707343,0.0
707344,0.0
707345,0.0
707346,0.0
707347,0.0
707348,0.0
707349,0.0
707350,0.0
707351,0.0
707352,0.0
707353,0.0
707354,0.0
707355,0.0
707356,0.0
707357,1.4791122e-21
707358,0.0
707359,0.0
707360,0.0
707361,0.0
707362,0.0
707363,0.0
707364,0.0
707365,0.0
707366,0.0
707367,0.0
707368,0.0
707369,0.0
707370,0.0
707371,0.0
707372,0.0
707373,0.0
707374,0.0
707375,0.0
707376,0.0
707377,0.0
707378,0.0
707379,0.0
707380,0.0
707381,0.0
707382,0.0
707383,0.0
707384,0.0
707385,0.0
707386,0.0
707387,0.0
707388,0.0
707389,0.0
707390,0.0
707391,0.0
707392,0.0
707393,0.0
707394,0.0
707395,0.0
707396,0.0
707397,0.0
707398,0.0
707399,0.0
707400,0.0
707401,0.0
707402,0.0
707403,0.0
707404,0.0
707405,0.0
707406,0.0
707407,0.0
707408,0.0
707409,0.0
707410,0.0
707411,0.0
707412,0.0
707413,0.0
707414,0.0
707415,0.0
707416,0.0
707417,0.0
707418,0.0
707419,0.0
707420,0.0
707421,0.0
707422,0.0
707423,0.0
707424,0.0
707425,0.0
707426,0.0
707427,0.0
707428,0.0
707429,0.0
707430,0.0
707431,0.0
707432,0.0
707433,0.0
707434,0.0
707435,0.0
707436,0.0
707437,0.0
707438,0.0
707439,0.0
707440,0.0
707441,0.0
707442,0.0
707443,0.0
707444,0.0
707445,0.0
707446,0.0
707447,0.0
707448,0.0
707449,0.0
707450,0.0
707451,0.0
707452,0.0
707453,0.0
707454,0.0
707455,0.0
707456,0.0
707457,0.0
707458,0.0
707459,0.0
707460,0.0
707461,0.0
707462,0.0
707463,3.097977e-29
707464,1.574432e-17
707465,0.0
707466,0.0
707467,0.0
707468,0.0
707469,0.0
707470,0.0
707471,0.0
707472,0.0
707473,0.0
707474,0.0
707475,0.0
707476,0.0
707477,0.0
707478,0.0
707479,0.0
707480,0.0
707481,0.0
707482,0.0
707483,0.0
707484,0.0
707485,0.0
707486,0.0
707487,0.0
707488,0.0
707489,0.0
707490,0.0
707491,0.0
707492,0.0
707493,0.0
707494,0.0
707495,0.0
707496,0.0
707497,0.0
707498,0.0
707499,0.0
707500,0.0
707501,0.0
707502,0.0
707503,0.0
707504,0.0
707505,0.0
707506,0.0
707507,0.0
707508,0.0
707509,0.0
707510,0.0
707511,0.0
707512,0.0
707513,0.0
707514,0.0
707515,0.0
707516,0.0
707517,0.0
707518,0.0
707519,0.0
707520,0.0
707521,0.0
707522,0.0
707523,0.0
707524,0.0
707525,0.0
707526,0.0
707527,0.0
707528,0.0
707529,0.0
707530,0.0
707531,0.0
707532,0.0
707533,0.0
707534,0.0
707535,0.0
707536,0.0
707537,0.0
707538,0.0
707539,0.0
707540,0.0
707541,0.0
707542,0.0
707543,0.0
707544,0.0
707545,0.0
707546,0.0
707547,0.0
707548,0.0
707549,0.0
707550,0.0
707551,0.0
707552,0.0
707553,0.0
707554,0.0
707555,0.0
707556,0.0
707557,0.0
707558,0.0
707559,0.0
707560,0.0
707561,0.0
707562,0.0
707563,0.0
707564,0.0
707565,0.0
707566,0.0
707567,0.0
707568,0.0
707569,0.0
707570,0.0
707571,0.0
707572,0.0
707573,0.0
707574,0.0
707575,0.0
707576,0.0
707577,0.0
707578,0.0
707579,0.0
707580,0.0
707581,0.0
707582,0.0
707583,0.0
707584,0.0
707585,0.0
707586,0.0
707587,0.0
707588,0.0
707589,0.0
707590,0.0
707591,0.0
707592,0.010526037
707593,0.0
707594,0.0
707595,0.0
707596,0.0
707597,0.0
707598,0.0
707599,0.0
707600,0.0
707601,0.0
707602,0.0
707603,0.0
707604,0.0
707605,0.0
707606,0.0
707607,0.0
707608,0.0
707609,0.0
707610,0.0
707611,0.0
707612,0.0
707613,0.0
707614,0.0
707615,0.0
707616,0.0
707617,0.0
707618,0.0
707619,0.0
707620,0.0
707621,0.0
707622,0.0
707623,0.0
707624,0.0
707625,0.0
707626,0.0
707627,0.0
707628,0.0
707629,0.0
707630,0.0
707631,0.0
707632,0.0
707633,0.0
707634,0.0
707635,0.0
707636,0.0
707637,0.0
707638,0.0
707639,0.0
707640,0.0
707641,0.0
707642,0.0
707643,0.0
707644,0.0
707645,0.0
707646,0.0
707647,0.0
707648,0.015558467
707649,0.0
707650,0.0
707651,0.0
707652,0.0
707653,0.0
707654,0.0
707655,0.0
707656,0.0
707657,0.0
707658,0.0
707659,0.0
707660,0.35749364
707661,0.0
707662,0.0
707663,0.0
707664,0.0
707665,0.0
707666,0.0
707667,2.740203e-26
707668,0.0
707669,0.0
707670,0.0
707671,0.0
707672,0.0
707673,0.0
707674,0.0
707675,0.0
707676,0.0
707677,0.0
707678,0.0
707679,1.1268146e-33
707680,0.0
707681,0.0
707682,0.001536455
707683,0.0
707684,0.0
707685,0.0
707686,0.0
707687,0.0
707688,0.0
707689,0.0
707690,0.0
707691,0.0
707692,0.0
707693,0.0
707694,0.0
707695,0.0
707696,0.0
707697,0.0
707698,0.0
707699,0.0
707700,0.0
707701,0.0
707702,0.0
707703,0.0
707704,0.0
707705,0.0
707706,0.0
707707,0.0
707708,0.0
707709,0.0
707710,0.0
707711,0.0
707712,0.0
707713,0.0
707714,0.0
707715,0.0
707716,0.0
707717,0.0
707718,0.0
707719,0.0
707720,0.0
707721,0.0
707722,0.0
707723,0.0
707724,0.0
707725,0.0
707726,0.0
707727,0.0
707728,0.0
707729,0.0
707730,0.0
707731,0.0
707732,0.0
707733,0.0
707734,0.0
707735,0.0
707736,0.0
707737,0.0
707738,0.0
707739,0.0
707740,0.0
707741,0.0
707742,0.0
707743,0.0
707744,0.0
707745,0.0
707746,0.0
707747,0.0
707748,0.0
707749,0.0
707750,0.0
707751,0.0
707752,0.0
707753,0.0
707754,0.0
707755,0.0
707756,0.0
707757,0.0
707758,0.0
707759,0.0
707760,0.0
707761,0.0
707762,0.0
707763,0.0
707764,0.0
707765,0.0
707766,0.0
707767,0.0
707768,0.0
707769,0.0
707770,0.0
707771,0.0
707772,0.0
707773,0.0
707774,0.0
707775,0.0
707776,0.0
707777,0.0
707778,0.0
707779,0.0
707780,0.0
707781,0.0
707782,0.0
707783,0.0
707784,0.0
707785,0.0
707786,0.0
707787,0.0
707788,0.0
707789,0.0
707790,0.0
707791,0.0
707792,0.0
707793,0.0
707794,0.0
707795,0.0
707796,0.0
707797,0.0
707798,0.0
707799,0.0
707800,0.0
707801,0.0
707802,0.0
707803,0.0
707804,0.0
707805,0.0
707806,0.0
707807,0.0
707808,0.0
707809,0.0
707810,0.0
707811,0.0
707812,0.0
707813,0.0
707814,0.0
707815,0.0
707816,0.0
707817,0.0
707818,0.0
707819,0.0
707820,0.0
707821,0.0
707822,0.0
707823,0.0
707824,0.0
707825,0.0
707826,0.0
707827,0.0
707828,0.0
707829,0.0
707830,0.0
707831,0.0
707832,0.0
707833,0.0
707834,0.0
707835,0.0
707836,0.0
707837,0.0
707838,0.0
707839,0.0
707840,0.0
707841,0.0
707842,0.0
707843,0.0
707844,0.0
707845,0.0
707846,0.0
707847,0.0
707848,0.0
707849,0.0
707850,0.0
707851,0.0
707852,0.0
707853,0.0
707854,0.0
707855,0.0
707856,0.0
707857,0.0
707858,0.0
707859,0.0
707860,0.0
707861,0.0
707862,0.0
707863,0.0
707864,0.0
707865,0.0
707866,0.0
707867,0.0
707868,0.0
707869,0.0
707870,0.0
707871,0.0
707872,0.0
707873,0.0
707874,2.210704e-32
707875,0.0
707876,0.0
707877,0.0
707878,0.0
707879,0.0
707880,0.0
707881,0.0
707882,0.0
707883,0.0
707884,0.0
707885,0.0
707886,0.0
707887,0.0
707888,0.0
707889,0.0
707890,0.0
707891,0.0
707892,0.0
707893,0.0
707894,0.0
707895,0.0
707896,0.0
707897,0.0
707898,0.0
707899,0.0
707900,0.0
707901,0.0
707902,0.0
707903,0.0
707904,0.0
707905,0.0
707906,0.0
707907,0.0
707908,0.0
707909,0.0
707910,0.0
707911,0.0
707912,0.0
707913,0.0
707914,0.0
707915,0.0
707916,0.0
707917,0.0
707918,0.0
707919,0.0
707920,0.0
707921,0.0
707922,0.0
707923,0.0
707924,0.0
707925,0.0
707926,0.0
707927,0.0
707928,0.0
707929,0.0
707930,0.0
707931,0.0
707932,0.0
707933,0.0
707934,0.0
707935,0.0
707936,0.0
707937,0.0
707938,0.0
707939,0.0
707940,0.0
707941,0.0
707942,0.0
707943,0.0
707944,0.0
707945,0.0
707946,0.0
707947,0.0
707948,0.0
707949,0.0
707950,0.0
707951,0.0
707952,0.0
707953,0.0
707954,0.0
707955,0.0
707956,0.0
707957,0.0
707958,0.0
707959,0.0
707960,0.0
707961,0.0
707962,0.0
707963,0.0
707964,0.0
707965,0.0
707966,0.0
707967,0.0
707968,0.0
707969,0.0
707970,0.0
707971,0.0
707972,0.0
707973,0.0
707974,0.0
707975,0.0
707976,0.0
707977,0.0
707978,0.0
707979,0.0
707980,0.0
707981,0.0
707982,0.0
707983,0.0
707984,0.0
707985,0.0
707986,0.0
707987,0.0
707988,0.0
707989,0.0
707990,0.0
707991,0.0
707992,0.0
707993,0.0
707994,0.0
707995,0.0
707996,0.0
707997,0.0
707998,0.0
707999,0.0
708000,0.0
708001,0.0
708002,0.0
708003,0.0
708004,0.0
708005,0.0
708006,0.0
708007,0.0
708008,0.0
708009,0.0
708010,0.0
708011,0.0
708012,0.0
708013,0.0
708014,0.0
708015,0.0
708016,0.0
708017,0.0
708018,0.0
708019,0.0
708020,0.0
708021,0.0
708022,0.0
708023,0.0
708024,0.0
708025,0.0
708026,0.0
708027,0.0
708028,0.0
708029,0.0
708030,0.0
708031,0.0
708032,0.0
708033,0.0
708034,0.0
708035,0.0
708036,0.0
708037,0.0
708038,0.0
708039,0.0
708040,0.0
708041,0.0
708042,0.0
708043,0.0
708044,0.0
708045,0.0
708046,0.0
708047,0.0
708048,0.0
708049,0.0
708050,0.0
708051,0.0
708052,0.0
708053,0.0
708054,0.0
708055,0.0
708056,0.0
708057,0.0
708058,0.0
708059,0.0
708060,0.0
708061,0.0
708062,0.0
708063,0.0
708064,0.0
708065,0.0
708066,0.0
708067,0.0
708068,0.0
708069,0.0
708070,0.0
708071,0.0
708072,0.0
708073,0.0
708074,0.0
708075,0.0
708076,0.0
708077,0.0
708078,0.0
708079,0.0
708080,0.0
708081,0.0
708082,0.0
708083,0.0
708084,0.0
708085,0.0
708086,0.0
708087,0.0
708088,0.0
708089,0.0
708090,0.0
708091,0.0
708092,0.0
708093,0.0
708094,0.0
708095,0.0
708096,0.0
708097,0.0
708098,0.0
708099,0.0
708100,0.0
708101,0.0
708102,0.0
708103,0.0
708104,0.0
708105,0.0
708106,0.0
708107,0.0
708108,0.0
708109,0.0
708110,2.352334e-22
708111,0.0
708112,0.0
708113,0.0
708114,0.0
708115,0.0
708116,0.0
708117,0.0
708118,0.0
708119,0.0
708120,0.0
708121,0.0
708122,0.0
708123,0.0
708124,0.0
708125,0.0
708126,0.0
708127,0.0
708128,0.0
708129,0.0
708130,0.0
708131,0.0
708132,0.0
708133,0.0
708134,0.0
708135,0.0
708136,0.0
708137,0.0
708138,0.0
708139,0.0
708140,0.0
708141,0.0
708142,0.0
708143,0.0
708144,0.0
708145,0.0
708146,0.0
708147,0.0
708148,0.0
708149,0.0
708150,0.0
708151,0.0
708152,0.0
708153,0.0
708154,0.0
708155,0.0
708156,0.0
708157,0.0
708158,0.0
708159,0.0
708160,0.0
708161,0.0
708162,0.0
708163,0.0
708164,2.5137076e-26
708165,0.0
708166,0.0
708167,0.0
708168,0.0
708169,0.0
708170,0.0
708171,0.0
708172,0.0
708173,0.0
708174,0.0
708175,0.0
708176,0.0
708177,0.0
708178,0.0
708179,0.0
708180,0.0
708181,0.0
708182,0.0
708183,0.0
708184,0.0
708185,0.0
708186,0.0
708187,0.0
708188,0.0
708189,0.0
708190,0.0
708191,0.0
708192,0.0
708193,0.0
708194,0.0
708195,0.0
708196,0.0
708197,0.0
708198,0.0
708199,0.0
708200,0.0
708201,0.0
708202,0.0
708203,0.0
708204,0.0
708205,0.0
708206,0.0
708207,0.0
708208,0.0
708209,0.0
708210,0.0
708211,0.0
708212,0.0
708213,0.0
708214,0.0
708215,0.0
708216,0.0
708217,0.0
708218,0.0
708219,0.0
708220,0.0
708221,0.0
708222,0.0
708223,0.0
708224,0.0
708225,0.0
708226,0.0
708227,0.0
708228,0.0
708229,0.0
708230,0.0
708231,0.0
708232,0.0
708233,0.0
708234,0.0
708235,0.0
708236,0.0
708237,0.0
708238,0.0
708239,0.0
708240,0.0
708241,0.0
708242,0.0
708243,0.0
708244,0.0
708245,0.0
708246,0.0
708247,0.0
708248,0.0
708249,0.0
708250,0.0
708251,0.0
708252,0.0
708253,0.0
708254,0.0
708255,0.0
708256,0.0
708257,0.0
708258,0.0
708259,0.0
708260,0.0
708261,0.0
708262,0.0
708263,0.0
708264,0.0
708265,0.0
708266,0.0
708267,0.0
708268,0.0
708269,0.0
708270,0.0
708271,0.0
708272,0.0
708273,0.0
708274,0.0
708275,0.0
708276,0.0
708277,0.0
708278,0.0
708279,0.0
708280,0.0
708281,0.0
708282,0.0
708283,0.0
708284,0.0
708285,0.0
708286,0.0
708287,0.0
708288,0.0
708289,0.0
708290,0.0
708291,0.0
708292,0.0
708293,0.0
708294,0.0
708295,0.0
708296,0.0
708297,0.0
708298,0.0
708299,0.0
708300,0.0
708301,0.0
708302,0.0
708303,0.0
708304,0.0
708305,0.0
708306,0.0
708307,0.0
708308,0.0
708309,0.0
708310,0.0
708311,0.0
708312,0.0
708313,0.0
708314,0.0
708315,0.0
708316,0.0
708317,0.0
708318,0.0
708319,0.0
708320,0.0
708321,0.0
708322,0.0
708323,0.0
708324,0.0
708325,0.0
708326,0.0
708327,0.0
708328,0.0
708329,0.0
708330,0.0
708331,0.0
708332,0.0
708333,0.0
708334,0.0
708335,0.0
708336,0.0
708337,0.0
708338,0.0
708339,0.0
708340,0.0
708341,0.0
708342,0.0
708343,0.0
708344,0.0
708345,0.0
708346,0.0
708347,0.0
708348,0.0
708349,1.1131219e-18
708350,0.0
708351,0.0
708352,0.0
708353,0.0
708354,0.0
708355,0.0
708356,0.0
708357,0.0
708358,0.0
708359,0.0
708360,0.0
708361,0.0
708362,0.0
708363,0.0
708364,0.0
708365,0.0
708366,0.0
708367,0.0
708368,0.0
708369,0.0
708370,0.0
708371,0.0
708372,0.0
708373,0.0
708374,0.0
708375,0.0
708376,0.0
708377,0.0
708378,0.0
708379,2.8831946e-30
708380,0.0
708381,0.0
708382,0.00014742347
708383,0.0
708384,0.0
708385,0.0
708386,0.0
708387,0.0
708388,0.0
708389,0.0
708390,0.0
708391,0.0
708392,0.0
708393,0.0
708394,0.0
708395,0.0
708396,0.0
708397,0.0
708398,0.0
708399,0.0
708400,0.0
708401,0.0
708402,0.0
708403,0.0
708404,0.0
708405,0.0
708406,0.0
708407,0.0
708408,0.0
708409,0.0
708410,0.0
708411,0.0
708412,0.0
708413,0.0
708414,0.0
708415,0.0
708416,0.0
708417,0.026291104
708418,0.0
708419,0.0
708420,0.0
708421,0.0
708422,0.0
708423,0.0
708424,0.0
708425,0.0
708426,0.0
708427,0.0
708428,0.0
708429,0.0
708430,0.0
708431,0.0
708432,0.0
708433,0.0
708434,0.0
708435,0.0
708436,0.0
708437,0.0
708438,0.0
708439,0.0
708440,0.0
708441,0.0
708442,0.0
708443,0.0
708444,0.0
708445,0.0
708446,0.0
708447,0.0
708448,0.0
708449,0.0
708450,0.0
708451,0.0
708452,0.0
708453,0.0
708454,0.0
708455,0.0
708456,0.0
708457,0.0
708458,0.0
708459,0.0
708460,0.0
708461,0.0
708462,0.0
708463,0.0
708464,0.0
708465,0.0
708466,0.0
708467,0.0
708468,0.0
708469,0.0
708470,0.0
708471,0.0
708472,0.0
708473,0.0
708474,0.0
708475,0.0
708476,0.0
708477,0.0
708478,0.0
708479,0.0
708480,0.0
708481,0.0
708482,0.0
708483,0.0
708484,0.0
708485,0.0
708486,0.0
708487,0.0
708488,0.0
708489,0.0
708490,0.0
708491,0.0
708492,0.0
708493,0.0
708494,6.2626564e-26
708495,0.0
708496,0.0
708497,0.0
708498,0.0
708499,0.0
708500,0.0
708501,0.0
708502,0.0
708503,0.0
708504,0.0
708505,0.0
708506,0.0
708507,0.0
708508,0.0
708509,0.0
708510,0.0
708511,0.0
708512,0.0
708513,0.0
708514,0.0
708515,0.0
708516,0.0
708517,0.0
708518,0.0
708519,0.0
708520,0.0
708521,0.0
708522,0.0
708523,0.0
708524,0.0
708525,0.0
708526,0.0
708527,0.0
708528,0.0
708529,0.0
708530,0.0
708531,0.0
708532,0.0
708533,0.0
708534,0.0
708535,0.0
708536,0.0
708537,0.0
708538,0.0
708539,0.0
708540,0.0
708541,0.0
708542,0.0
708543,0.0
708544,0.0
708545,0.0
708546,0.0
708547,0.0
708548,0.0
708549,0.0
708550,0.0
708551,0.0
708552,0.0
708553,0.0
708554,0.0
708555,0.0
708556,0.0
708557,0.0
708558,0.0
708559,0.0
708560,0.0
708561,0.0
708562,0.0
708563,0.0
708564,0.0
708565,0.0
708566,0.0
708567,0.0
708568,0.0
708569,0.0
708570,0.0
708571,0.0
708572,0.0
708573,0.0
708574,0.0
708575,0.0
708576,2.1896457e-25
708577,0.0
708578,1.8433263e-16
708579,0.0
708580,0.0
708581,0.0
708582,0.0
708583,0.0
708584,0.0
708585,0.0
708586,0.0
708587,0.0
708588,0.0
708589,0.0
708590,0.0
708591,0.0
708592,0.0
708593,0.0
708594,0.0
708595,0.0
708596,0.0
708597,0.0
708598,0.0
708599,0.0
708600,0.0
708601,0.0
708602,0.0
708603,0.0
708604,0.0
708605,0.0
708606,0.0
708607,0.0
708608,0.0
708609,0.0
708610,0.0
708611,0.0
708612,0.0
708613,0.0
708614,0.0
708615,0.0
708616,0.0
708617,0.0
708618,0.0
708619,0.0
708620,0.0
708621,0.0
708622,0.0
708623,0.0
708624,0.0
708625,1.8911526e-33
708626,0.0
708627,0.0
708628,0.0
708629,0.0
708630,0.0
708631,0.0
708632,0.0
708633,0.0
708634,1.4251473e-14
708635,0.0
708636,0.0
708637,0.0
708638,0.0
708639,0.0
708640,0.0
708641,0.0
708642,0.0
708643,0.0
708644,0.0
708645,0.0
708646,0.0
708647,0.0
708648,0.0
708649,0.0
708650,0.0
708651,0.0
708652,0.0
708653,0.0
708654,0.0
708655,4.4655304e-29
708656,0.0
708657,0.0
708658,0.0
708659,0.0
708660,0.0
708661,0.0
708662,0.0
708663,0.0
708664,0.0
708665,0.0
708666,0.0
708667,0.0
708668,0.0
708669,0.0
708670,0.0
708671,0.0
708672,0.0
708673,0.0
708674,0.0
708675,0.0
708676,0.0
708677,0.0
708678,0.0
708679,0.0
708680,0.0
708681,0.0
708682,0.0
708683,0.0
708684,0.0
708685,0.0
708686,0.0
708687,0.0
708688,0.0
708689,0.0
708690,0.0
708691,0.0
708692,0.0
708693,0.0
708694,0.0
708695,0.0
708696,0.0
708697,0.0
708698,0.0
708699,0.0
708700,0.0
708701,0.0
708702,0.0
708703,0.0
708704,0.0
708705,0.0
708706,0.0
708707,0.0
708708,0.0
708709,0.0
708710,0.0
708711,0.0
708712,0.0
708713,0.0
708714,0.0
708715,0.0
708716,0.0
708717,0.0
708718,0.0
708719,0.0
708720,0.0
708721,0.0
708722,0.0
708723,0.0
708724,0.0
708725,0.0
708726,0.0
708727,0.0
708728,0.0
708729,0.0
708730,0.0
708731,0.0
708732,0.0
708733,0.0
708734,0.0
708735,0.0
708736,0.0
708737,0.0
708738,0.0
708739,0.0
708740,0.0
708741,0.0
708742,0.0
708743,0.0
708744,0.0
708745,0.0
708746,0.0
708747,0.0
708748,0.0
708749,0.0
708750,0.0
708751,0.0
708752,0.0
708753,0.0
708754,0.0
708755,0.0
708756,0.0
708757,0.0
708758,0.0
708759,0.0
708760,0.0
708761,0.0
708762,0.0
708763,0.0
708764,0.0
708765,0.0
708766,0.0
708767,0.0
708768,0.0
708769,0.0
708770,0.0
708771,0.0
708772,0.0
708773,0.0
708774,0.0
708775,0.0
708776,0.0
708777,0.0
708778,0.0
708779,0.0
708780,0.0
708781,0.0
708782,0.0
708783,0.0
708784,0.0
708785,0.0
708786,0.0
708787,0.0
708788,0.0
708789,0.0
708790,0.0
708791,0.0
708792,0.0
708793,0.0
708794,0.0
708795,0.0
708796,0.0
708797,0.0
708798,0.0
708799,0.0
708800,0.0
708801,0.0
708802,0.0
708803,0.0
708804,0.0
708805,0.0
708806,0.0
708807,0.0
708808,0.0
708809,0.0
708810,0.0
708811,0.0
708812,0.0
708813,0.0
708814,0.0
708815,0.0
708816,0.0
708817,0.0
708818,0.0
708819,0.0
708820,0.0
708821,0.0
708822,0.0
708823,0.0
708824,0.0
708825,0.0
708826,0.0
708827,0.0
708828,0.0
708829,0.0
708830,0.0
708831,0.0
708832,0.0
708833,0.0
708834,0.0
708835,0.0
708836,0.0
708837,0.0
708838,0.0
708839,0.0
708840,6.3914626e-34
708841,5.5362852e-06
708842,0.0
708843,0.0
708844,0.0
708845,0.0
708846,0.0
708847,0.0
708848,0.0
708849,0.0
708850,0.0
708851,0.0
708852,0.0
708853,0.0
708854,0.0
708855,0.0
708856,0.0
708857,0.0
708858,0.0
708859,3.9899813e-20
708860,0.0
708861,0.0
708862,0.0
708863,0.0
708864,0.0
708865,0.0
708866,0.0
708867,0.0
708868,0.0
708869,0.0
708870,0.0
708871,0.0
708872,0.0
708873,0.0
708874,0.0
708875,0.0
708876,3.7097045e-13
708877,0.0
708878,0.0
708879,0.0
708880,0.0
708881,0.0
708882,0.0
708883,0.0
708884,0.0
708885,0.0
708886,0.0
708887,0.0
708888,0.0
708889,0.0
708890,0.0
708891,0.0
708892,0.0
708893,0.0
708894,0.0
708895,0.0
708896,0.0
708897,0.0
708898,0.0
708899,0.0
708900,0.0
708901,0.0
708902,0.0
708903,0.0
708904,0.0
708905,0.0
708906,0.0
708907,0.0
708908,0.0
708909,0.0
708910,0.0
708911,0.006967358
708912,0.0
708913,0.0
708914,0.0
708915,0.0
708916,0.0
708917,0.0
708918,0.0
708919,0.0
708920,0.0
708921,0.0
708922,0.0
708923,0.0
708924,0.0
708925,0.0
708926,0.0
708927,0.0
708928,0.0
708929,0.0
708930,0.0
708931,0.0
708932,0.0
708933,0.0
708934,0.0
708935,0.0
708936,0.0
708937,0.0
708938,0.0
708939,0.0
708940,0.0
708941,0.0
708942,0.0
708943,0.0
708944,0.0
708945,0.0
708946,0.0
708947,0.0
708948,0.0
708949,0.0
708950,0.0
708951,0.0
708952,0.0
708953,0.0
708954,0.0
708955,0.0
708956,0.0
708957,0.0
708958,0.0
708959,0.0
708960,0.0
708961,0.0
708962,5.959123e-05
708963,0.0
708964,0.0
708965,0.0
708966,0.0
708967,0.0
708968,0.0
708969,0.0
708970,0.0
708971,0.0
708972,0.0
708973,0.0
708974,0.0
708975,0.0
708976,0.0
708977,0.0
708978,0.0
708979,0.0
708980,0.0
708981,0.0
708982,0.0
708983,0.0
708984,0.0
708985,0.0
708986,0.0
708987,0.0
708988,0.0
708989,0.0
708990,0.0
708991,0.0
708992,0.0
708993,0.0
708994,0.0
708995,0.0
708996,0.0
708997,0.0
708998,0.0
708999,0.0
709000,0.0
709001,0.0
709002,0.0
709003,0.0
709004,0.0
709005,0.0
709006,0.0
709007,0.0
709008,0.0
709009,0.0
709010,0.0
709011,0.0
709012,0.0
709013,0.0
709014,0.0
709015,0.0
709016,0.0
709017,0.0
709018,0.0
709019,0.0
709020,0.0
709021,0.0
709022,0.0
709023,0.0
709024,0.0
709025,0.0
709026,0.0
709027,0.0
709028,0.0
709029,0.0
709030,0.0
709031,0.0
709032,0.0
709033,0.0
709034,0.0
709035,0.0
709036,0.0
709037,0.0
709038,0.0
709039,0.0
709040,0.0
709041,0.0
709042,0.0
709043,0.0
709044,0.0
709045,0.0
709046,0.0
709047,0.0
709048,0.0
709049,0.0
709050,0.0
709051,0.0
709052,0.0
709053,0.0
709054,0.0
709055,0.0
709056,0.0
709057,0.0
709058,0.0
709059,0.0
709060,0.0
709061,0.0
709062,0.0
709063,0.0
709064,0.0
709065,0.0
709066,0.0
709067,0.0
709068,0.0
709069,0.0
709070,0.0
709071,0.0
709072,0.0
709073,0.0
709074,0.0
709075,0.0
709076,0.0
709077,0.0
709078,0.0
709079,0.0
709080,0.0
709081,0.0
709082,0.0
709083,0.0
709084,0.0
709085,0.0
709086,0.0
709087,0.0
709088,0.0
709089,0.0
709090,0.0
709091,0.0
709092,0.0
709093,0.0
709094,0.0
709095,0.0
709096,0.0
709097,0.0
709098,0.0
709099,0.0
709100,0.0
709101,0.0
709102,0.0
709103,0.0
709104,0.0
709105,0.0
709106,0.0
709107,0.0
709108,0.0
709109,0.0
709110,0.0
709111,0.0
709112,8.3191907e-07
709113,0.0
709114,0.0
709115,0.0
709116,0.0
709117,0.0
709118,0.0
709119,0.0
709120,0.0
709121,0.0
709122,0.0
709123,0.0
709124,0.0
709125,0.0
709126,0.0
709127,0.0
709128,0.0
709129,0.0
709130,0.0
709131,0.0
709132,0.0
709133,0.0
709134,0.0
709135,0.0
709136,0.0
709137,0.0
709138,0.0
709139,0.0
709140,0.0
709141,0.0
709142,0.0
709143,0.0
709144,0.0
709145,0.0
709146,0.0
709147,0.0
709148,0.0
709149,0.0
709150,0.0
709151,0.0
709152,0.0
709153,0.0
709154,0.0
709155,0.0
709156,0.0
709157,0.0
709158,0.0
709159,0.0
709160,0.0
709161,0.0
709162,0.0
709163,0.0
709164,0.0
709165,0.0
709166,0.0
709167,0.0
709168,0.0
709169,0.0
709170,0.0
709171,0.0
709172,0.0
709173,0.0
709174,0.0
709175,0.0
709176,0.0
709177,0.0
709178,0.0
709179,0.0
709180,0.0
709181,0.0
709182,0.0
709183,0.0
709184,0.0
709185,0.0
709186,0.0
709187,0.0
709188,0.0
709189,0.0
709190,0.0
709191,0.0
709192,0.0
709193,0.0
709194,0.0
709195,0.0
709196,0.0
709197,0.0
709198,0.0
709199,0.0
709200,0.0
709201,0.0
709202,0.0
709203,0.0
709204,0.0
709205,0.0
709206,0.0
709207,0.0
709208,0.0
709209,0.0
709210,0.0
709211,0.0
709212,0.0
709213,0.0
709214,0.0
709215,0.0013903884
709216,0.0
709217,2.7671824e-23
709218,0.0
709219,0.0
709220,0.0
709221,0.0
709222,0.0
709223,0.0
709224,0.0
709225,0.0
709226,0.0
709227,0.0
709228,0.0
709229,0.0
709230,0.0
709231,0.0
709232,0.0
709233,0.0
709234,0.0
709235,0.0
709236,0.0
709237,0.0
709238,0.0
709239,0.0
709240,0.0
709241,0.0
709242,0.0
709243,0.0
709244,0.0
709245,0.0
709246,0.0
709247,0.0
709248,0.0
709249,0.0
709250,0.0
709251,0.0
709252,0.0
709253,0.0
709254,0.0
709255,0.0
709256,0.0
709257,0.0
709258,0.0
709259,0.0
709260,0.0
709261,0.0
709262,0.0
709263,0.0
709264,0.0
709265,0.0
709266,0.0
709267,0.0
709268,0.0
709269,0.0
709270,0.0
709271,0.0
709272,0.0
709273,0.0
709274,0.0
709275,0.0
709276,0.0
709277,0.0
709278,0.0
709279,0.0
709280,0.0
709281,0.0
709282,0.0
709283,0.0
709284,0.0
709285,0.0
709286,0.0
709287,0.0
709288,0.0
709289,0.0
709290,0.0
709291,0.0
709292,0.0
709293,0.0
709294,0.0
709295,0.0
709296,0.0
709297,0.0
709298,0.0
709299,0.0
709300,0.0
709301,0.0
709302,0.0
709303,0.0
709304,0.0
709305,0.0
709306,0.0
709307,0.0
709308,0.0
709309,0.0
709310,0.0
709311,0.0
709312,1.3913758e-35
709313,0.0
709314,0.0
709315,0.0
709316,0.0
709317,0.0
709318,0.0
709319,0.0
709320,0.0
709321,0.0
709322,0.0
709323,0.0
709324,0.0
709325,0.0
709326,0.0
709327,0.0
709328,0.0
709329,0.0
709330,0.0
709331,0.0
709332,0.0
709333,0.0
709334,0.0
709335,0.0
709336,0.0
709337,0.0
709338,0.0
709339,0.0
709340,0.0
709341,0.0
709342,0.0
709343,0.0
709344,0.0
709345,0.0
709346,0.0
709347,0.0
709348,0.0
709349,0.0
709350,0.0
709351,0.0
709352,0.0
709353,0.0
709354,0.0
709355,0.0
709356,0.0
709357,0.0
709358,0.0
709359,0.0
709360,0.0
709361,0.0
709362,0.0
709363,0.0
709364,0.0
709365,0.0
709366,0.0
709367,0.0
709368,0.0
709369,0.0
709370,0.0
709371,0.0
709372,0.0
709373,0.0
709374,0.0
709375,0.0
709376,0.0
709377,0.0
709378,0.0
709379,0.0
709380,0.0
709381,0.0
709382,0.0
709383,0.0
709384,0.0
709385,0.0
709386,0.0
709387,0.0
709388,0.0
709389,0.0
709390,0.0
709391,0.0
709392,0.0
709393,0.0
709394,0.0
709395,0.0
709396,0.0
709397,0.0
709398,0.0
709399,0.0
709400,0.0
709401,0.0
709402,0.0
709403,0.0
709404,0.0
709405,0.0
709406,0.0
709407,0.0
709408,0.0
709409,0.0
709410,0.0
709411,0.0
709412,0.0
709413,0.0
709414,0.0
709415,0.0
709416,0.0
709417,0.0
709418,0.0
709419,0.0
709420,0.0
709421,0.0
709422,0.0
709423,0.0
709424,0.0
709425,0.0
709426,0.0
709427,0.0
709428,0.0
709429,0.0
709430,0.0
709431,0.0
709432,0.0
709433,0.0
709434,0.0
709435,0.0
709436,0.0
709437,0.0
709438,0.0
709439,0.0
709440,0.0
709441,0.0
709442,0.0
709443,0.0
709444,0.0
709445,0.0
709446,0.0
709447,0.0
709448,0.0
709449,0.0
709450,0.0
709451,0.0
709452,0.0
709453,0.0
709454,0.0
709455,0.0
709456,0.0
709457,0.0
709458,0.0
709459,0.0
709460,0.0
709461,0.0
709462,0.0
709463,0.0
709464,0.0
709465,0.0
709466,0.0
709467,0.0
709468,0.0
709469,0.0
709470,0.0
709471,0.0
709472,0.0
709473,0.0
709474,0.0
709475,0.0
709476,0.0
709477,0.0
709478,0.0
709479,0.0
709480,0.0
709481,0.0
709482,0.0
709483,0.0
709484,0.0
709485,0.0
709486,0.0
709487,0.0
709488,0.0
709489,0.0
709490,0.0
709491,0.0
709492,0.0
709493,0.0
709494,0.0
709495,0.0
709496,0.0
709497,0.0
709498,0.0
709499,0.0
709500,0.0
709501,0.0
709502,0.0
709503,0.0
709504,0.0
709505,0.0
709506,0.0
709507,0.0
709508,0.0
709509,0.0
709510,0.0
709511,0.0
709512,0.0
709513,0.0
709514,0.0
709515,0.0
709516,0.0
709517,0.0
709518,0.0
709519,0.0
709520,0.0
709521,0.0
709522,0.0
709523,0.0
709524,0.0
709525,0.0
709526,0.0
709527,0.0
709528,0.0
709529,0.0
709530,0.0
709531,0.0
709532,0.0
709533,0.0
709534,0.0
709535,0.0
709536,0.0
709537,0.0
709538,0.0
709539,0.0
709540,0.0
709541,0.0
709542,0.0
709543,0.0
709544,0.0
709545,0.0
709546,0.0
709547,0.0
709548,0.0
709549,0.0
709550,0.0
709551,0.0
709552,0.0
709553,0.0
709554,0.0
709555,0.0
709556,0.0
709557,0.0
709558,0.0
709559,0.0
709560,0.0
709561,0.0
709562,0.0
709563,0.0
709564,0.0
709565,0.0
709566,0.0
709567,0.0
709568,0.0
709569,0.0
709570,0.0
709571,0.0
709572,0.0
709573,0.0
709574,0.0
709575,0.0
709576,0.0
709577,0.0
709578,0.0
709579,0.0
709580,0.0
709581,0.0
709582,0.0
709583,0.0
709584,0.0
709585,0.0
709586,0.0
709587,0.0
709588,0.0
709589,0.0
709590,0.0
709591,0.0
709592,0.0
709593,0.0
709594,0.0
709595,0.0
709596,0.0
709597,0.0
709598,0.0
709599,0.0
709600,0.0
709601,0.0
709602,0.0
709603,0.0
709604,0.0
709605,0.0
709606,0.0
709607,0.0
709608,1.1697671e-27
709609,0.0
709610,0.0
709611,0.0
709612,0.0
709613,0.0
709614,0.0
709615,0.0
709616,0.0
709617,0.0
709618,0.0
709619,0.0
709620,0.0
709621,0.0
709622,0.0
709623,0.0
709624,0.0
709625,0.0
709626,0.0
709627,0.0
709628,0.0
709629,0.0
709630,0.0
709631,0.0
709632,0.0
709633,0.0
709634,0.0
709635,0.0
709636,0.0
709637,0.0
709638,0.0
709639,0.0
709640,0.0
709641,0.0
709642,0.0
709643,0.0
709644,0.0
709645,0.0
709646,0.0
709647,0.0
709648,0.0
709649,0.0
709650,0.0
709651,0.0
709652,0.0
709653,0.0
709654,0.0
709655,0.0
709656,0.0
709657,0.0
709658,0.0
709659,0.0
709660,0.0
709661,0.0
709662,0.0
709663,0.0
709664,0.0
709665,0.0
709666,0.0
709667,0.0
709668,0.0
709669,0.0
709670,0.0
709671,0.0
709672,0.0
709673,0.0
709674,0.0
709675,0.0
709676,0.0
709677,0.0
709678,0.0
709679,0.0
709680,0.0
709681,0.0
709682,0.0
709683,0.0
709684,0.0
709685,0.0
709686,2.0278054e-24
709687,0.0
709688,0.0
709689,0.0
709690,0.0
709691,0.0
709692,0.0
709693,0.0
709694,0.0
709695,0.0
709696,0.0
709697,0.0
709698,0.0
709699,0.0
709700,0.0
709701,0.0
709702,0.0
709703,0.0
709704,0.0
709705,0.0
709706,0.0
709707,0.0
709708,0.0
709709,0.0
709710,0.0
709711,0.0
709712,0.0
709713,0.0
709714,0.0
709715,0.0
709716,0.0
709717,0.0
709718,0.0
709719,0.0
709720,0.0
709721,0.0
709722,0.0
709723,0.0
709724,0.0
709725,0.0
709726,0.0
709727,0.0
709728,0.0
709729,0.0
709730,0.0
709731,0.0
709732,0.0
709733,0.0
709734,0.0
709735,0.0
709736,5.66737e-39
709737,0.0
709738,0.0
709739,0.0
709740,0.0
709741,0.0
709742,0.0
709743,0.0
709744,0.0
709745,0.0
709746,0.0
709747,0.0
709748,0.0
709749,0.0
709750,0.0
709751,0.0
709752,0.0
709753,0.0
709754,0.0
709755,0.0
709756,0.0
709757,0.0
709758,0.0
709759,0.0
709760,0.0
709761,0.0
709762,0.0
709763,0.0
709764,0.0
709765,0.0
709766,0.0
709767,0.0
709768,0.0
709769,0.0
709770,0.0
709771,0.0
709772,0.0
709773,0.0
709774,0.0
709775,0.0
709776,0.0
709777,0.0
709778,0.0
709779,0.0
709780,0.0
709781,0.0
709782,0.0
709783,0.0
709784,0.0
709785,0.0
709786,0.0
709787,0.0
709788,0.0
709789,0.0
709790,0.0
709791,0.0
709792,0.0
709793,0.0
709794,0.012453892
709795,0.0
709796,0.0
709797,0.0
709798,0.0
709799,0.0
709800,0.0
709801,0.0
709802,0.0
709803,0.0
709804,0.0
709805,0.0
709806,0.0
709807,0.0
709808,0.0
709809,0.0
709810,0.0
709811,0.0
709812,0.0
709813,0.0
709814,0.0
709815,0.0
709816,0.0
709817,0.0
709818,0.0
709819,0.0
709820,0.0
709821,0.0
709822,0.0
709823,0.0
709824,0.0
709825,0.0
709826,0.0
709827,0.0
709828,0.0
709829,0.0
709830,0.0
709831,0.0
709832,0.0
709833,0.0
709834,0.0
709835,0.0
709836,0.0
709837,0.0
709838,0.0
709839,0.0
709840,0.0
709841,0.0
709842,0.0
709843,0.0
709844,0.0
709845,0.0
709846,0.0
709847,0.0
709848,0.0
709849,0.0
709850,0.0
709851,0.0
709852,0.0
709853,0.0
709854,0.0
709855,0.0
709856,0.0
709857,0.0
709858,0.0
709859,0.0
709860,0.0
709861,0.0
709862,0.0
709863,0.0
709864,2.199831e-21
709865,0.0
709866,0.0
709867,0.0
709868,0.0
709869,0.0
709870,0.0
709871,0.0
709872,0.0
709873,0.0
709874,0.0
709875,0.0
709876,0.0
709877,0.0
709878,0.0
709879,0.0
709880,0.0
709881,0.0
709882,0.0
709883,0.0
709884,0.0
709885,0.0
709886,0.0
709887,0.0
709888,0.0
709889,0.0
709890,0.0
709891,0.0
709892,0.0
709893,0.0
709894,0.0
709895,0.0
709896,0.0
709897,0.0
709898,0.0
709899,0.0
709900,0.0
709901,0.0
709902,0.0
709903,0.0
709904,0.0
709905,0.0
709906,0.0
709907,0.0
709908,0.0
709909,0.0
709910,0.0
709911,0.0
709912,0.0
709913,0.0
709914,0.0
709915,0.0
709916,0.0
709917,0.0
709918,0.0
709919,0.0
709920,0.0
709921,0.0
709922,0.0
709923,0.0
709924,0.0
709925,0.0
709926,0.0
709927,0.0
709928,0.0
709929,0.0
709930,0.0
709931,0.0
709932,0.0
709933,0.0
709934,0.0
709935,0.0
709936,0.0
709937,0.02775357
709938,0.0
709939,0.0
709940,0.0
709941,0.0
709942,0.0
709943,0.0
709944,0.0
709945,0.0
709946,0.0
709947,0.0
709948,0.12458377
709949,0.0
709950,0.0
709951,0.0
709952,0.0
709953,0.0
709954,0.0
709955,0.0
709956,0.0
709957,0.0
709958,0.0
709959,0.0
709960,0.0
709961,0.0
709962,0.0
709963,0.0
709964,0.0
709965,0.0
709966,0.0
709967,0.0
709968,0.0
709969,0.0
709970,0.0
709971,0.0
709972,0.0
709973,0.0
709974,0.0
709975,0.0
709976,0.0
709977,0.0
709978,0.0
709979,0.0
709980,0.0
709981,0.0
709982,0.0
709983,0.0
709984,0.0
709985,0.0
709986,0.0
709987,0.0
709988,0.0
709989,0.0
709990,0.0
709991,0.0
709992,0.0
709993,0.0
709994,0.0
709995,0.0
709996,0.0
709997,0.0
709998,0.0
709999,0.0
710000,0.0
710001,0.0
710002,0.0
710003,0.0
710004,0.0
710005,0.0
710006,0.0
710007,0.0
710008,0.0
710009,0.0
710010,0.0
710011,0.0
710012,0.0
710013,0.0
710014,0.0
710015,0.0
710016,0.0
710017,0.0
710018,0.0
710019,0.0
710020,0.0
710021,0.0
710022,0.0
710023,0.0
710024,0.0
710025,0.0
710026,0.0
710027,0.0
710028,0.0
710029,0.0
710030,0.0
710031,0.0
710032,0.0
710033,0.0
710034,0.0
710035,0.0
710036,0.0
710037,0.0
710038,0.0
710039,0.0
710040,0.0
710041,0.0
710042,0.0
710043,0.0
710044,0.0
710045,0.0
710046,0.0
710047,0.0
710048,0.0
710049,0.0
710050,0.0
710051,0.0
710052,0.0
710053,0.0
710054,0.0
710055,0.0
710056,0.0
710057,0.0
710058,0.0
710059,0.0
710060,0.0
710061,1.9815575e-16
710062,0.0
710063,0.0
710064,0.0
710065,0.0
710066,0.0
710067,0.0
710068,0.0
710069,0.0
710070,0.0
710071,0.0
710072,0.0
710073,0.0
710074,0.0
710075,0.0
710076,0.0
710077,0.0
710078,0.0
710079,0.0
710080,0.0
710081,0.0
710082,0.0
710083,0.0
710084,0.0
710085,0.0
710086,0.0
710087,0.0
710088,0.0
710089,0.0
710090,0.0
710091,0.0
710092,0.0
710093,0.0
710094,0.0
710095,0.0
710096,0.0
710097,0.0
710098,0.0
710099,0.0
710100,0.0
710101,0.0
710102,0.0
710103,0.0
710104,0.0
710105,0.0
710106,0.0
710107,0.0
710108,0.0
710109,0.0
710110,0.0
710111,0.0
710112,0.0
710113,0.0
710114,0.0
710115,0.0
710116,0.0
710117,0.0
710118,0.0
710119,0.0
710120,0.0
710121,0.0
710122,1.3831953e-26
710123,0.0
710124,0.0
710125,0.0
710126,0.0
710127,0.0
710128,0.0
710129,0.0
710130,0.0
710131,0.0
710132,0.0
710133,0.0
710134,0.0
710135,0.0
710136,0.0
710137,0.0
710138,0.0
710139,0.0
710140,0.0
710141,0.0
710142,0.0
710143,0.0
710144,0.0
710145,0.0
710146,0.0
710147,0.0
710148,0.0
710149,0.0
710150,0.0
710151,0.0
710152,0.0
710153,0.0
710154,0.0
710155,0.0
710156,0.0
710157,0.0
710158,0.0
710159,0.0
710160,0.0
710161,0.0
710162,0.0
710163,0.0
710164,0.0
710165,0.0
710166,0.0
710167,0.0
710168,0.0
710169,0.0
710170,0.0
710171,0.0
710172,0.0
710173,0.0
710174,0.0
710175,0.0
710176,0.0
710177,0.0
710178,0.0
710179,0.0
710180,0.0
710181,0.0
710182,0.0
710183,0.0
710184,0.0
710185,0.0
710186,0.0
710187,0.0
710188,0.0
710189,2.758183e-30
710190,0.0
710191,0.0
710192,0.0
710193,0.0
710194,0.0
710195,0.0
710196,0.0
710197,0.0
710198,0.0
710199,0.0
710200,0.0
710201,0.0
710202,0.0
710203,0.0
710204,0.0
710205,0.0
710206,0.0
710207,0.0
710208,0.0
710209,0.0
710210,0.0
710211,0.0
710212,0.0
710213,0.0
710214,0.0
710215,0.0
710216,0.0
710217,0.0
710218,0.0
710219,0.0
710220,0.0
710221,0.0
710222,0.0
710223,0.0
710224,0.0
710225,0.0
710226,0.0
710227,0.0
710228,3.057196e-08
710229,0.0
710230,0.0
710231,0.0
710232,0.0
710233,0.0
710234,0.0
710235,0.0
710236,0.0
710237,0.0
710238,0.0
710239,0.0
710240,0.0
710241,0.0
710242,0.0
710243,0.0
710244,0.0
710245,0.0
710246,0.0
710247,0.0
710248,0.0
710249,0.0
710250,0.0
710251,0.0
710252,0.0
710253,0.0
710254,0.0
710255,0.0
710256,0.0
710257,0.0
710258,0.0
710259,0.0
710260,0.0
710261,0.0
710262,0.0
710263,0.0
710264,0.0
710265,0.0
710266,0.0
710267,0.0
710268,0.0
710269,0.0
710270,0.0
710271,0.0
710272,0.0
710273,0.0
710274,0.0
710275,0.0
710276,0.0
710277,0.0
710278,0.0
710279,0.0
710280,0.0
710281,0.0
710282,0.0
710283,0.0
710284,0.0
710285,0.0
710286,0.0
710287,0.0
710288,0.0
710289,0.0
710290,0.0
710291,0.0
710292,0.0
710293,0.0
710294,0.0
710295,0.0
710296,0.0
710297,0.0
710298,0.0
710299,0.0
710300,0.0
710301,0.0
710302,0.0
710303,0.0
710304,0.0
710305,0.0
710306,0.0
710307,0.0
710308,0.0
710309,0.0
710310,0.0
710311,0.0
710312,0.0
710313,0.0
710314,0.0
710315,0.0
710316,0.0
710317,0.0
710318,0.0
710319,0.0
710320,0.0
710321,0.0
710322,0.0
710323,0.0
710324,0.0
710325,0.0
710326,0.0
710327,0.0
710328,0.0
710329,0.0
710330,0.0
710331,0.0
710332,0.0
710333,0.0
710334,0.0
710335,0.0
710336,0.0
710337,0.0
710338,0.0
710339,0.0
710340,0.0
710341,0.0
710342,0.0
710343,0.0
710344,0.0
710345,0.0
710346,0.0
710347,0.0
710348,0.0
710349,0.0
710350,0.0
710351,0.0
710352,0.0
710353,0.0
710354,0.0
710355,0.0
710356,0.0
710357,0.0
710358,0.0
710359,0.0
710360,0.0
710361,0.0
710362,0.0
710363,0.0
710364,0.0
710365,0.0
710366,0.0
710367,0.0
710368,0.0
710369,0.0
710370,0.0
710371,0.0
710372,0.0
710373,0.0
710374,0.0
710375,0.0
710376,0.0
710377,0.0
710378,0.0
710379,0.0
710380,0.0
710381,0.0
710382,0.0
710383,0.0
710384,0.0
710385,0.0
710386,0.0
710387,0.0
710388,0.0
710389,7.416609e-25
710390,0.0
710391,0.0
710392,0.0
710393,0.0
710394,0.0
710395,0.0
710396,0.0
710397,0.0
710398,0.0
710399,0.0
710400,0.0
710401,0.0
710402,0.0
710403,0.0
710404,0.0
710405,0.0
710406,0.0
710407,0.0
710408,0.0
710409,0.0
710410,0.0
710411,0.0
710412,0.0
710413,0.0
710414,0.0
710415,0.0
710416,0.0
710417,0.0
710418,0.0
710419,0.0
710420,0.0
710421,0.0
710422,0.0
710423,0.0
710424,0.0
710425,0.0
710426,0.0
710427,0.0
710428,1.5469454e-13
710429,0.0
710430,0.0
710431,0.0
710432,0.0
710433,0.0
710434,0.0
710435,0.0
710436,0.0
710437,0.0
710438,0.0
710439,0.0
710440,0.0
710441,0.0
710442,0.0
710443,0.0
710444,0.0
710445,0.0
710446,0.0
710447,0.0
710448,0.0
710449,0.0
710450,0.0
710451,0.0
710452,0.0
710453,0.0
710454,0.0
710455,0.0
710456,0.0
710457,0.0
710458,0.0
710459,0.0
710460,0.0
710461,0.0
710462,0.0
710463,0.0
710464,0.0
710465,0.0
710466,0.0
710467,0.0
710468,0.0
710469,4.0172493e-13
710470,0.0
710471,0.0
710472,0.0
710473,0.0
710474,0.0
710475,0.0
710476,0.0
710477,0.0
710478,0.0
710479,0.0
710480,0.0
710481,0.0
710482,0.0
710483,0.0
710484,0.0
710485,0.0
710486,0.0
710487,0.0
710488,0.0
710489,0.0
710490,0.0
710491,0.0
710492,0.0
710493,0.0
710494,0.0
710495,0.0
710496,0.0
710497,0.0
710498,0.0
710499,0.0
710500,0.0
710501,0.0
710502,0.0
710503,0.0
710504,0.0
710505,0.0
710506,0.0
710507,0.0
710508,0.0
710509,0.0
710510,0.0
710511,0.0
710512,0.0
710513,0.0
710514,0.0
710515,0.0
710516,0.0
710517,0.0
710518,1.1604658e-25
710519,0.0
710520,0.0
710521,0.0
710522,0.0
710523,0.0
710524,0.0
710525,0.0
710526,0.0
710527,0.0
710528,0.0
710529,0.0
710530,0.0
710531,0.0
710532,0.0
710533,0.0
710534,0.0
710535,0.0
710536,0.0
710537,0.0
710538,0.0
710539,0.0
710540,0.0
710541,0.0
710542,0.0
710543,0.0
710544,0.0
710545,0.0
710546,0.0
710547,0.0
710548,0.0
710549,0.0
710550,0.0
710551,0.0
710552,0.0
710553,0.0
710554,0.0
710555,0.0
710556,0.0
710557,0.0
710558,0.0
710559,0.0
710560,0.0
710561,0.0
710562,0.0
710563,1.4494925e-27
710564,0.0
710565,0.0
710566,0.0
710567,0.0
710568,0.0
710569,0.0
710570,0.0
710571,0.0
710572,0.0
710573,0.0
710574,0.0
710575,0.0
710576,0.0
710577,0.0
710578,0.0
710579,0.0
710580,0.0
710581,0.0
710582,0.0
710583,0.0
710584,0.0
710585,0.0
710586,0.0
710587,0.0
710588,0.0
710589,0.0
710590,0.0
710591,0.0
710592,0.0
710593,0.0
710594,0.0
710595,0.0
710596,0.0
710597,0.0
710598,0.0
710599,0.0
710600,0.0
710601,0.0
710602,0.0
710603,0.0
710604,0.0
710605,0.0
710606,0.0
710607,0.0
710608,0.0
710609,0.0
710610,0.0
710611,0.0
710612,0.0
710613,0.0
710614,0.0
710615,0.0
710616,0.0
710617,0.0
710618,0.0
710619,0.0
710620,0.0
710621,0.0
710622,0.0
710623,0.0
710624,0.0
710625,0.0
710626,0.0
710627,0.0
710628,0.0
710629,0.0
710630,0.0
710631,0.0
710632,0.0
710633,0.0
710634,0.0
710635,0.0
710636,0.0
710637,0.0
710638,0.0
710639,0.0
710640,0.0
710641,0.023530835
710642,0.0
710643,0.0
710644,0.0
710645,0.0
710646,0.0
710647,0.0
710648,0.0
710649,0.0
710650,0.0
710651,0.0
710652,0.0
710653,0.0
710654,0.0
710655,0.0
710656,0.0
710657,0.0
710658,0.0
710659,0.0
710660,0.0
710661,0.0
710662,0.0
710663,0.0
710664,0.0
710665,0.0
710666,0.0
710667,0.0
710668,0.0
710669,0.0
710670,0.0
710671,0.0
710672,0.0
710673,0.0
710674,0.0
710675,0.0
710676,0.0
710677,0.0
710678,0.0
710679,0.0
710680,0.0
710681,0.0
710682,0.0
710683,0.0
710684,0.0
710685,0.0
710686,0.0
710687,0.0
710688,0.0
710689,0.0
710690,0.0
710691,0.0
710692,0.0
710693,0.0
710694,0.0
710695,0.0
710696,0.0
710697,0.0
710698,0.0
710699,0.0
710700,0.0
710701,0.0
710702,0.0
710703,0.0
710704,0.0
710705,0.0
710706,0.0
710707,0.0
710708,0.0
710709,0.0
710710,0.0
710711,0.0
710712,0.0
710713,0.0
710714,0.0
710715,0.0
710716,0.0
710717,0.0
710718,0.0
710719,0.0
710720,0.0
710721,0.0
710722,0.0
710723,0.0
710724,0.0
710725,0.0
710726,0.0
710727,0.0
710728,0.0
710729,0.0
710730,0.0
710731,0.0
710732,0.0
710733,0.0
710734,0.0
710735,0.0
710736,0.0
710737,0.0
710738,0.0
710739,0.0
710740,0.0
710741,0.0
710742,0.0
710743,0.0
710744,0.0
710745,0.0
710746,0.0
710747,0.0
710748,0.0
710749,0.0
710750,0.0
710751,0.0
710752,0.0
710753,0.0
710754,0.0
710755,0.0
710756,0.0
710757,0.0
710758,0.0
710759,0.0
710760,0.0
710761,0.0
710762,0.0
710763,0.0
710764,0.0
710765,0.0
710766,0.0
710767,0.0
710768,0.0
710769,0.0
710770,0.0
710771,0.0
710772,0.0
710773,0.0
710774,0.0
710775,0.0
710776,0.0
710777,0.0
710778,0.0
710779,0.0
710780,0.0
710781,0.0
710782,0.0
710783,0.0
710784,0.0
710785,0.0
710786,0.0
710787,0.0
710788,0.0
710789,0.0
710790,0.0
710791,0.0
710792,0.0
710793,0.0
710794,0.0
710795,0.0
710796,0.0
710797,0.0
710798,0.0
710799,0.0
710800,0.0
710801,0.0
710802,0.0
710803,0.0
710804,0.0
710805,0.0
710806,0.0
710807,0.0
710808,0.0
710809,0.0
710810,0.0
710811,0.0
710812,0.0
710813,0.0
710814,0.0
710815,0.0
710816,0.0
710817,0.0
710818,0.0
710819,0.0
710820,0.0
710821,0.0
710822,0.0
710823,0.0
710824,0.0
710825,0.0
710826,0.0
710827,0.0
710828,0.0
710829,0.0
710830,0.0
710831,0.0
710832,0.0
710833,0.0
710834,0.0
710835,0.0
710836,0.0
710837,0.0
710838,0.0
710839,0.0
710840,0.0
710841,0.0
710842,0.0
710843,0.0
710844,0.0
710845,0.0
710846,0.0
710847,0.0
710848,0.0
710849,0.0
710850,0.0
710851,0.0
710852,0.0
710853,0.0
710854,0.0
710855,0.0
710856,0.0
710857,0.0
710858,0.0
710859,0.0
710860,0.0
710861,0.0
710862,0.0
710863,0.0
710864,0.0
710865,0.0
710866,0.0
710867,0.0
710868,0.0
710869,0.0
710870,3.510572e-23
710871,0.0
710872,0.0
710873,0.0
710874,0.0
710875,0.0
710876,0.0
710877,0.0
710878,0.0
710879,0.0
710880,0.0
710881,0.0
710882,0.0
710883,0.0
710884,0.0
710885,0.0
710886,0.0
710887,0.0
710888,0.0
710889,0.0
710890,0.0
710891,0.0
710892,0.0
710893,0.0
710894,0.0
710895,0.0
710896,0.0
710897,0.0
710898,0.0
710899,0.0
710900,0.0
710901,0.0
710902,0.0
710903,0.0
710904,0.0
710905,0.0
710906,0.0
710907,0.0
710908,0.0
710909,0.0
710910,0.0
710911,0.0
710912,0.0
710913,0.0
710914,0.0
710915,0.0
710916,0.0
710917,0.0
710918,0.0
710919,0.0
710920,0.0
710921,0.0
710922,0.0
710923,0.0
710924,0.0
710925,0.0
710926,0.0
710927,0.0
710928,0.0
710929,0.0
710930,0.0
710931,0.0
710932,0.0
710933,0.0
710934,0.0
710935,0.0
710936,0.0
710937,0.0
710938,0.0
710939,0.0
710940,0.0
710941,0.0
710942,0.0
710943,0.0
710944,0.0
710945,0.0
710946,0.0
710947,0.0
710948,0.0
710949,0.0
710950,0.0
710951,0.0
710952,0.0
710953,0.0
710954,0.0
710955,0.0
710956,0.0
710957,0.0
710958,0.0
710959,0.0
710960,0.0
710961,0.0
710962,0.0
710963,0.0
710964,0.0
710965,0.0
710966,0.0
710967,0.0
710968,0.0
710969,0.0
710970,0.0
710971,0.0
710972,0.0
710973,0.0
710974,0.0
710975,0.0
710976,0.0
710977,0.0
710978,0.0
710979,0.0
710980,0.0
710981,0.0
710982,0.0
710983,0.0
710984,0.0
710985,0.0
710986,0.0
710987,0.0
710988,0.0
710989,0.0
710990,0.0
710991,0.0
710992,0.0
710993,0.0
710994,0.0
710995,0.0
710996,0.0
710997,0.0
710998,0.0
710999,0.0
711000,0.0
711001,0.0
711002,0.0
711003,0.0
711004,0.0
711005,0.0
711006,0.0
711007,0.0
711008,0.0
711009,0.0
711010,0.0
711011,0.0
711012,0.0
711013,0.0
711014,0.0
711015,0.0
711016,0.0
711017,0.0
711018,0.0
711019,0.0
711020,0.0
711021,0.0
711022,0.0
711023,0.0
711024,0.0
711025,0.0
711026,0.0
711027,0.0
711028,0.0
711029,0.0
711030,0.0
711031,0.0
711032,0.0
711033,0.0
711034,0.0
711035,0.0
711036,0.0
711037,0.0
711038,0.0
711039,0.0
711040,0.0
711041,0.0
711042,0.0
711043,0.0
711044,0.0
711045,4.5352503e-35
711046,0.0
711047,0.0
711048,0.0
711049,0.0
711050,0.0
711051,0.0
711052,0.0
711053,0.0
711054,0.0
711055,0.0
711056,0.0
711057,0.0
711058,0.0
711059,0.0
711060,0.0
711061,0.0
711062,0.0
711063,0.0
711064,0.0
711065,0.0
711066,0.0
711067,0.0
711068,0.0
711069,0.0
711070,0.0
711071,0.0
711072,0.0
711073,0.0
711074,0.0
711075,0.0
711076,0.0
711077,0.0
711078,0.0
711079,0.0
711080,0.0
711081,0.0
711082,0.0
711083,0.0
711084,0.0
711085,0.0
711086,0.0
711087,0.0
711088,0.0
711089,0.0
711090,0.0
711091,0.0
711092,0.0
711093,0.0
711094,0.0
711095,0.0
711096,0.0
711097,0.0
711098,0.0
711099,0.0
711100,0.0
711101,0.0
711102,0.0
711103,0.0
711104,0.0
711105,0.0
711106,0.0
711107,0.0
711108,0.0
711109,0.0
711110,0.0
711111,0.0
711112,0.0
711113,0.0
711114,0.0
711115,0.0
711116,0.0
711117,0.0
711118,0.0
711119,0.0
711120,0.0
711121,0.0
711122,0.0
711123,0.0
711124,0.0
711125,0.0
711126,0.0
711127,0.0
711128,0.0
711129,0.0
711130,0.0
711131,0.0
711132,0.0
711133,0.0
711134,0.0
711135,0.0
711136,0.0
711137,0.0
711138,0.0
711139,0.0
711140,0.0
711141,0.0
711142,0.0
711143,0.0
711144,0.0
711145,0.0
711146,0.0
711147,0.0
711148,0.0
711149,0.0
711150,0.0
711151,0.0
711152,0.0
711153,0.0
711154,0.0
711155,0.0
711156,0.0
711157,0.0
711158,0.0
711159,0.0
711160,0.0
711161,0.0
711162,0.0
711163,0.0
711164,0.0
711165,0.0
711166,0.0
711167,0.0
711168,0.0
711169,0.0
711170,0.0
711171,0.0
711172,0.0
711173,0.0
711174,0.0
711175,0.0
711176,0.0
711177,0.0
711178,0.0
711179,0.0
711180,0.0
711181,0.0
711182,0.0
711183,0.0
711184,0.0
711185,0.0
711186,0.0
711187,0.0
711188,0.0
711189,0.0
711190,0.0
711191,0.0
711192,0.0
711193,0.0
711194,0.0
711195,0.0
711196,0.0
711197,0.0
711198,0.0
711199,0.0
711200,0.0
711201,0.0
711202,0.0
711203,0.0
711204,0.0
711205,0.0
711206,0.0
711207,0.0
711208,0.0
711209,0.0
711210,0.0
711211,0.0
711212,0.0
711213,0.0
711214,0.0
711215,0.0
711216,0.36242384
711217,0.0
711218,0.0
711219,0.0
711220,0.0
711221,0.0
711222,0.0
711223,0.0
711224,0.0
711225,0.0
711226,0.0
711227,0.0
711228,0.0
711229,0.0
711230,0.0
711231,0.0
711232,0.0
711233,0.0
711234,0.0
711235,0.0
711236,0.0
711237,0.0
711238,0.0
711239,0.0
711240,0.0
711241,0.0
711242,0.0
711243,0.0
711244,0.0
711245,0.0
711246,0.0
711247,0.0
711248,0.0
711249,0.0
711250,0.0
711251,0.0
711252,0.0
711253,0.0
711254,0.0
711255,0.0
711256,0.0
711257,0.0
711258,0.0
711259,0.0
711260,0.0
711261,0.0
711262,0.0
711263,0.0
711264,0.0
711265,0.0
711266,0.0
711267,0.0
711268,0.0
711269,0.0
711270,0.0
711271,0.0
711272,0.0
711273,0.0
711274,0.0
711275,0.0
711276,0.0
711277,0.0
711278,0.0
711279,0.0
711280,0.0
711281,0.0
711282,0.0
711283,0.0
711284,0.0
711285,0.0
711286,0.0
711287,0.0
711288,0.0
711289,0.0
711290,0.0
711291,0.0
711292,0.0
711293,0.0
711294,0.0
711295,0.0
711296,0.0
711297,0.0
711298,0.0
711299,0.0
711300,0.0
711301,0.0
711302,0.0
711303,0.0
711304,0.0
711305,0.0
711306,0.0
711307,0.0
711308,0.0
711309,0.0
711310,0.0
711311,0.0
711312,0.0
711313,0.0
711314,0.0
711315,0.0
711316,0.0
711317,0.0
711318,0.0
711319,0.0
711320,0.0
711321,0.0
711322,0.0
711323,0.0
711324,0.0
711325,0.0
711326,0.0
711327,0.0
711328,0.0
711329,0.0
711330,0.0
711331,0.0
711332,0.0
711333,0.0
711334,0.0
711335,0.0
711336,0.0
711337,0.0
711338,0.0
711339,0.0
711340,0.0
711341,0.0
711342,0.0
711343,0.0
711344,0.0
711345,0.0
711346,0.14629926
711347,0.0
711348,0.0
711349,0.0
711350,0.0
711351,0.0
711352,0.0
711353,0.0
711354,0.0
711355,0.0
711356,0.0
711357,0.0
711358,0.0
711359,0.0
711360,0.0
711361,0.0
711362,0.0
711363,0.0
711364,0.0
711365,0.0
711366,0.0
711367,0.0
711368,0.0
711369,0.0
711370,0.0
711371,0.0
711372,0.0
711373,0.0
711374,0.0
711375,0.0
711376,0.0
711377,0.0
711378,0.0
711379,0.0
711380,0.0
711381,0.0
711382,0.0
711383,0.0
711384,0.0
711385,0.0
711386,0.0
711387,0.0
711388,0.0
711389,0.0
711390,0.0
711391,0.0
711392,0.0
711393,0.0
711394,0.0
711395,0.0
711396,0.0
711397,0.0
711398,0.0
711399,0.0
711400,0.0
711401,0.0
711402,0.0
711403,0.0
711404,0.0
711405,0.0
711406,0.0
711407,0.0
711408,0.0
711409,0.0
711410,0.0
711411,0.0
711412,0.0
711413,0.0
711414,0.0
711415,0.0
711416,0.0
711417,0.0
711418,0.0
711419,0.0
711420,0.0
711421,0.0
711422,0.0
711423,0.0
711424,0.0
711425,0.0
711426,0.0
711427,0.0
711428,0.0
711429,0.0
711430,0.0
711431,0.0
711432,0.0
711433,0.0
711434,0.0
711435,0.0
711436,0.0
711437,0.0
711438,0.0
711439,0.0
711440,0.0
711441,0.0
711442,0.0
711443,0.0
711444,0.0
711445,0.0
711446,0.0
711447,0.0
711448,0.0
711449,0.0
711450,0.0
711451,0.0
711452,0.0
711453,0.0
711454,0.0
711455,0.0
711456,0.0
711457,0.0
711458,0.0
711459,0.0
711460,0.0
711461,0.0
711462,0.0
711463,0.0
711464,0.0
711465,0.0
711466,0.0
711467,0.0
711468,0.0
711469,0.0
711470,0.0
711471,0.0
711472,0.0
711473,0.0
711474,0.0
711475,0.0
711476,0.0
711477,0.0
711478,0.0
711479,0.0
711480,0.0
711481,0.0
711482,0.0
711483,0.0
711484,0.0
711485,0.0
711486,0.0
711487,0.0
711488,0.0
711489,0.0
711490,0.0
711491,0.0
711492,0.0
711493,0.0
711494,0.0
711495,0.0
711496,0.0
711497,0.0
711498,0.0
711499,0.0
711500,0.0
711501,0.0
711502,0.0
711503,0.0
711504,0.0
711505,0.0
711506,0.0
711507,0.0
711508,0.0
711509,0.0
711510,0.0
711511,0.0
711512,0.0
711513,0.0
711514,0.0
711515,0.0
711516,0.0
711517,0.0
711518,0.0
711519,0.0
711520,0.0
711521,0.0
711522,0.0
711523,0.0
711524,0.0
711525,0.0
711526,0.0
711527,0.0
711528,0.0
711529,0.0
711530,0.0
711531,0.0
711532,0.0
711533,0.0
711534,0.0
711535,0.0
711536,0.0
711537,0.0
711538,0.0
711539,0.0
711540,0.0
711541,0.0
711542,0.0
711543,0.0
711544,0.0
711545,0.0
711546,0.0
711547,0.0
711548,0.0
711549,0.0
711550,0.0
711551,0.0
711552,0.0
711553,0.0
711554,0.0
711555,0.0
711556,0.0
711557,0.0
711558,0.0
711559,0.0
711560,0.0
711561,0.0
711562,0.0
711563,0.0
711564,0.0
711565,0.0
711566,0.0
711567,0.0
711568,0.0
711569,0.0
711570,0.0
711571,0.0
711572,0.0
711573,0.0
711574,0.0
711575,0.0
711576,0.0
711577,0.0
711578,0.0
711579,0.0
711580,0.0
711581,0.0
711582,0.0
711583,0.0
711584,0.0
711585,0.0
711586,0.0
711587,0.0
711588,0.0
711589,0.0
711590,0.0
711591,0.0
711592,0.0
711593,0.0
711594,0.0
711595,0.0
711596,0.0
711597,0.0
711598,0.0
711599,0.0
711600,0.0
711601,0.0
711602,0.0
711603,0.0
711604,0.0
711605,0.0
711606,0.0
711607,0.0
711608,0.0
711609,0.0
711610,0.0
711611,0.0
711612,0.0
711613,0.0
711614,0.0
711615,0.0
711616,0.0
711617,0.0
711618,0.0
711619,0.0
711620,0.0
711621,0.0
711622,0.0
711623,0.0
711624,0.0
711625,0.0
711626,0.0
711627,0.0
711628,0.0
711629,0.0
711630,0.0
711631,0.0
711632,0.0
711633,0.0
711634,0.0
711635,0.0
711636,0.0
711637,0.0
711638,0.0
711639,0.0
711640,0.0
711641,0.0
711642,0.0
711643,0.0
711644,0.0
711645,0.0
711646,0.0
711647,0.0
711648,0.0
711649,0.0
711650,0.0
711651,0.0
711652,0.0
711653,0.0
711654,0.0
711655,0.0
711656,0.0
711657,0.0
711658,0.0
711659,0.0
711660,0.0
711661,0.0
711662,0.0
711663,0.0
711664,0.0
711665,0.0
711666,0.0
711667,0.0
711668,0.0
711669,0.0
711670,0.0
711671,0.0
711672,0.0
711673,0.0
711674,0.0
711675,0.0
711676,1.3679978e-35
711677,0.0
711678,0.0
711679,0.0
711680,0.0
711681,0.0
711682,0.0
711683,0.0
711684,0.0
711685,0.0
711686,0.0
711687,0.0
711688,0.0
711689,0.0
711690,0.0
711691,0.0
711692,0.0
711693,0.0
711694,0.0
711695,0.0
711696,0.0
711697,0.0
711698,0.0
711699,0.0
711700,0.0
711701,0.0
711702,0.0
711703,0.0
711704,0.0
711705,0.0
711706,0.0
711707,0.0
711708,0.0
711709,0.0
711710,0.0
711711,0.0
711712,0.0012527114
711713,0.0
711714,0.0
711715,0.0
711716,0.0
711717,0.0
711718,0.0
711719,0.0
711720,0.0
711721,0.0
711722,0.0
711723,0.0
711724,0.0
711725,0.0
711726,0.0
711727,0.0
711728,0.0
711729,0.0
711730,0.0
711731,0.0
711732,0.0
711733,0.0
711734,0.0
711735,0.0
711736,0.0
711737,0.0
711738,0.0
711739,0.0
711740,0.0
711741,0.0
711742,0.0
711743,0.0
711744,0.0
711745,0.0
711746,0.0
711747,0.0
711748,0.0
711749,0.0
711750,0.0
711751,0.0
711752,0.0
711753,0.0
711754,0.0
711755,0.0
711756,0.0
711757,5.3055925e-24
711758,0.0
711759,0.0
711760,0.0
711761,0.0
711762,0.0
711763,0.0
711764,0.0
711765,0.0
711766,0.0
711767,0.0
711768,0.0
711769,0.0
711770,0.0
711771,0.0
711772,0.0
711773,0.0
711774,0.0
711775,0.0
711776,0.0
711777,0.0
711778,0.0
711779,0.0
711780,0.0
711781,0.0
711782,0.0
711783,0.0
711784,0.0
711785,0.0
711786,0.0
711787,0.0
711788,0.0
711789,0.0
711790,0.0
711791,0.0
711792,0.0
711793,0.0
711794,0.0
711795,0.0
711796,0.0
711797,0.0
711798,0.0
711799,0.0
711800,0.0
711801,0.0
711802,0.0
711803,0.0
711804,0.0
711805,0.0
711806,0.0
711807,0.0
711808,0.0
711809,0.0
711810,0.0
711811,0.0
711812,0.0
711813,0.0
711814,0.0
711815,0.0
711816,0.0
711817,0.0
711818,0.0
711819,0.0
711820,0.0
711821,0.0
711822,0.0
711823,0.0
711824,0.0
711825,0.0
711826,0.0
711827,0.0
711828,0.0
711829,0.0
711830,0.0
711831,0.0
711832,0.0
711833,0.0
711834,0.0
711835,0.0
711836,0.0
711837,0.0
711838,0.0
711839,0.0
711840,0.0
711841,0.0
711842,0.0
711843,0.0
711844,0.0
711845,0.0
711846,0.0
711847,0.0
711848,0.0
711849,0.0
711850,0.0
711851,0.0
711852,0.0
711853,0.0
711854,0.0
711855,0.0
711856,0.0
711857,0.0
711858,0.0
711859,0.0
711860,0.0
711861,0.0
711862,0.0
711863,0.0
711864,0.0
711865,0.0
711866,0.0
711867,0.0
711868,0.0
711869,0.0
711870,0.0
711871,0.0
711872,0.0
711873,0.0
711874,0.0
711875,0.0
711876,0.0
711877,0.0
711878,0.0
711879,0.0
711880,0.0
711881,0.0
711882,0.0
711883,0.0
711884,0.0
711885,0.0
711886,0.0
711887,0.0
711888,0.0
711889,0.0
711890,0.0
711891,0.0
711892,0.0
711893,0.0
711894,0.0
711895,0.0
711896,0.0
711897,0.0
711898,0.0
711899,0.0
711900,0.0
711901,0.0
711902,0.0
711903,0.0
711904,0.0
711905,0.0
711906,0.0
711907,0.0
711908,0.0
711909,0.0
711910,0.0
711911,0.0
711912,0.0
711913,0.0
711914,0.0
711915,0.0
711916,0.0
711917,0.0
711918,0.0
711919,0.0
711920,0.0
711921,0.0
711922,0.0
711923,0.0
711924,0.0
711925,0.0
711926,0.0
711927,0.0
711928,0.0
711929,0.0
711930,0.0
711931,0.0
711932,0.0
711933,0.0
711934,0.0
711935,0.0
711936,0.0
711937,0.0
711938,0.0
711939,0.0
711940,0.0
711941,0.0
711942,0.0
711943,0.0
711944,0.0
711945,0.0
711946,0.0
711947,0.0
711948,0.0
711949,0.0
711950,0.0
711951,0.0
711952,0.0
711953,0.0
711954,0.0
711955,0.0
711956,0.0
711957,0.0
711958,0.0
711959,0.0
711960,0.0
711961,0.0
711962,0.0
711963,0.0
711964,0.0
711965,0.0
711966,0.0
711967,0.0
711968,0.0
711969,0.0
711970,0.0
711971,0.0
711972,1.1482704e-36
711973,0.0
711974,0.0
711975,0.0
711976,0.0
711977,0.0
711978,0.0
711979,0.0
711980,0.0
711981,0.0
711982,0.0
711983,0.0
711984,0.0
711985,0.0
711986,0.0
711987,0.0
711988,0.0
711989,0.0
711990,0.0
711991,0.0
711992,0.0
711993,0.0
711994,0.0
711995,0.0
711996,0.0
711997,0.0
711998,0.0
711999,0.0
712000,0.0
712001,0.0
712002,0.0
712003,0.0
712004,0.0
712005,0.0
712006,0.0
712007,0.0
712008,0.0
712009,0.0
712010,0.0
712011,0.0
712012,0.0
712013,0.0
712014,0.0
712015,0.0
712016,0.0
712017,0.0
712018,0.0
712019,0.0
712020,0.0
712021,0.0
712022,0.0
712023,0.0
712024,0.0
712025,0.0
712026,0.0
712027,0.0
712028,0.0
712029,0.0
712030,0.0
712031,0.0
712032,0.0
712033,0.0
712034,0.0
712035,0.0
712036,0.0
712037,0.0
712038,0.0
712039,0.0
712040,0.0
712041,0.0
712042,0.0
712043,0.0
712044,0.0
712045,0.0
712046,0.0
712047,0.0
712048,0.0
712049,0.0
712050,0.0
712051,0.0
712052,0.0
712053,0.0
712054,0.0
712055,0.0
712056,0.0
712057,0.0
712058,0.0
712059,0.0
712060,0.0
712061,0.0
712062,0.0
712063,0.0
712064,0.0
712065,0.0
712066,0.0
712067,0.0
712068,0.0
712069,0.0
712070,0.0
712071,0.0
712072,0.0
712073,0.0
712074,0.0
712075,1.689316e-20
712076,0.0
712077,0.0
712078,0.0
712079,0.0
712080,0.0
712081,0.0
712082,0.0
712083,0.0
712084,0.0
712085,0.0
712086,0.0
712087,0.0
712088,0.0
712089,0.0
712090,0.0
712091,0.0
712092,0.0
712093,0.0
712094,0.0
712095,0.0
712096,0.0
712097,0.0
712098,0.0
712099,0.0
712100,0.0
712101,0.0
712102,0.0
712103,0.0
712104,0.0
712105,0.0
712106,0.0
712107,0.0
712108,0.0
712109,0.0
712110,0.0
712111,0.0
712112,0.0
712113,0.0
712114,0.0
712115,0.0
712116,0.0
712117,0.0
712118,0.0
712119,0.0
712120,0.0
712121,0.0
712122,0.0
712123,0.0
712124,0.0
712125,0.0
712126,0.0
712127,0.0
712128,0.0
712129,0.0
712130,0.0
712131,0.0
712132,0.0
712133,0.0
712134,0.0
712135,0.0
712136,0.0
712137,0.0
712138,0.0
712139,0.0
712140,0.0
712141,0.0
712142,0.0
712143,0.0
712144,0.0
712145,0.0
712146,0.0
712147,0.0
712148,0.0
712149,0.0
712150,0.0
712151,0.0
712152,0.0
712153,0.0
712154,0.0
712155,0.0
712156,0.0
712157,0.0
712158,0.0
712159,0.0
712160,0.0
712161,0.0
712162,0.0
712163,0.0
712164,0.0
712165,0.0
712166,0.0
712167,0.0
712168,0.0
712169,0.0
712170,0.0
712171,0.0
712172,0.0
712173,0.0
712174,0.0
712175,0.0
712176,0.0
712177,0.0
712178,0.0
712179,0.0
712180,0.0
712181,0.0
712182,0.0
712183,0.0
712184,0.0
712185,0.0
712186,0.0
712187,0.0
712188,0.0
712189,0.0
712190,0.0
712191,0.0
712192,0.0
712193,0.0
712194,0.0
712195,0.0
712196,0.0
712197,0.0
712198,0.0
712199,2.5625006e-36
712200,0.0
712201,0.0
712202,0.0
712203,0.0
712204,0.0
712205,0.0
712206,0.0
712207,0.0
712208,0.0
712209,0.0
712210,0.0
712211,0.0
712212,0.0
712213,0.0
712214,0.0
712215,0.0
712216,0.0
712217,0.0
712218,0.0
712219,0.0
712220,0.0
712221,0.0
712222,0.0
712223,0.0
712224,0.0
712225,0.0
712226,0.0
712227,0.0
712228,0.0
712229,0.0
712230,0.0
712231,0.0
712232,0.0
712233,0.0
712234,0.0
712235,0.0
712236,0.0
712237,0.0
712238,0.0
712239,0.0
712240,0.0
712241,0.0
712242,0.0
712243,0.0
712244,0.0
712245,0.0
712246,0.0
712247,0.0
712248,0.0
712249,0.0
712250,0.0
712251,0.0
712252,0.0
712253,0.0
712254,0.0
712255,0.0
712256,0.0
712257,0.0
712258,0.0
712259,0.0
712260,0.0
712261,0.0
712262,0.0
712263,0.0
712264,0.0
712265,4.530466e-25
712266,0.0
712267,0.0
712268,0.0
712269,0.0
712270,0.0
712271,0.0
712272,0.0
712273,0.0
712274,0.0
712275,0.0
712276,0.0
712277,0.0
712278,0.0
712279,0.0
712280,0.0
712281,0.0
712282,7.706083e-10
712283,0.0
712284,0.0
712285,0.0
712286,0.0
712287,0.0
712288,0.0
712289,0.0
712290,0.0
712291,0.0
712292,0.0
712293,1.2665045e-35
712294,0.0
712295,0.0
712296,0.0
712297,0.0
712298,0.0
712299,0.0
712300,0.0
712301,0.0
712302,0.0
712303,0.0
712304,0.0
712305,0.0
712306,0.0
712307,0.0
712308,0.0
712309,0.0
712310,0.0
712311,0.0
712312,0.0
712313,0.0
712314,0.0
712315,0.0
712316,0.0
712317,0.0
712318,0.0
712319,0.0
712320,0.0
712321,0.0
712322,0.0
712323,0.0
712324,0.0
712325,0.0
712326,0.0
712327,0.0
712328,0.0
712329,0.0
712330,0.0
712331,0.0
712332,0.0
712333,0.0
712334,0.0
712335,0.0
712336,0.0
712337,0.0
712338,0.0
712339,0.0
712340,0.0
712341,0.0
712342,1.1720221e-28
712343,0.0
712344,0.0
712345,0.0
712346,0.0
712347,0.0
712348,0.0
712349,0.0
712350,0.0
712351,0.0
712352,0.0
712353,0.0
712354,0.0
712355,0.0
712356,0.0
712357,0.0
712358,0.0
712359,0.0
712360,0.0
712361,0.0
712362,0.0
712363,0.0
712364,0.0
712365,0.0
712366,0.0
712367,0.0
712368,0.0
712369,0.0
712370,0.0
712371,0.0
712372,0.0
712373,0.0
712374,0.0
712375,0.0
712376,0.0
712377,0.0
712378,0.0
712379,0.0
712380,0.0
712381,0.0
712382,0.0
712383,0.0
712384,0.0
712385,0.0
712386,0.0
712387,0.0
712388,0.0
712389,0.0
712390,0.0
712391,0.0
712392,0.0
712393,0.0
712394,0.0
712395,0.0
712396,0.0
712397,0.0
712398,0.0
712399,0.0
712400,0.0
712401,0.0
712402,0.0
712403,0.0
712404,0.0
712405,0.0
712406,0.0
712407,0.0
712408,0.0
712409,0.0
712410,0.0
712411,0.0
712412,0.0
712413,0.0
712414,0.0
712415,0.0
712416,0.0
712417,0.0
712418,0.0
712419,0.0
712420,0.0
712421,0.0
712422,0.0
712423,0.0
712424,0.0
712425,0.0
712426,0.0
712427,0.0
712428,0.0
712429,0.0
712430,0.0
712431,0.0
712432,0.0
712433,0.0
712434,0.0
712435,0.0
712436,0.0
712437,0.0
712438,0.0
712439,0.0
712440,0.0
712441,0.0
712442,0.0
712443,0.0
712444,0.0
712445,0.0
712446,0.0
712447,0.0
712448,0.0
712449,0.0
712450,0.0
712451,0.0
712452,0.0
712453,0.0
712454,0.0
712455,0.0
712456,0.0
712457,0.0
712458,0.0
712459,0.0
712460,0.0
712461,0.0
712462,0.0
712463,0.0
712464,0.0
712465,0.0
712466,0.0
712467,0.0
712468,1.7599681e-31
712469,0.0
712470,0.0
712471,0.0
712472,0.0
712473,0.0
712474,0.0
712475,0.0
712476,0.0
712477,0.0
712478,0.0
712479,0.0
712480,0.0
712481,0.0
712482,0.0
712483,0.0
712484,0.0
712485,0.0
712486,0.0
712487,0.0
712488,0.0
712489,0.0
712490,0.0
712491,0.0
712492,0.0
712493,0.0
712494,0.0
712495,0.0
712496,0.0
712497,0.0
712498,0.0
712499,0.0
712500,0.0
712501,0.0
712502,0.0
712503,0.0
712504,0.0
712505,0.0
712506,0.0
712507,0.0
712508,0.0
712509,0.0
712510,0.0
712511,0.0
712512,0.0
712513,0.0
712514,0.0
712515,0.0
712516,0.0
712517,0.0
712518,0.0
712519,0.0
712520,0.0
712521,0.0
712522,0.0
712523,0.0
712524,0.0
712525,0.0
712526,0.0
712527,0.0
712528,0.0
712529,0.0
712530,0.0
712531,0.0
712532,0.0
712533,0.0
712534,0.0
712535,0.0
712536,0.0
712537,0.0
712538,0.0
712539,0.0
712540,0.0
712541,0.0
712542,0.0
712543,2.748588e-19
712544,0.0
712545,0.0
712546,0.0
712547,0.0
712548,0.0
712549,0.0
712550,0.0
712551,0.0
712552,0.0
712553,0.0
712554,0.0
712555,0.0
712556,0.0
712557,0.0
712558,0.0
712559,0.0
712560,0.0
712561,0.0
712562,0.0
712563,0.0
712564,0.0
712565,0.0
712566,0.0
712567,0.0
712568,0.0
712569,0.0
712570,0.0
712571,0.0
712572,0.0
712573,0.0
712574,0.0
712575,0.0
712576,0.0
712577,0.0
712578,0.0
712579,0.0
712580,0.0
712581,0.0
712582,0.0
712583,0.0
712584,0.0
712585,0.0
712586,0.0
712587,0.0
712588,0.0
712589,0.0
712590,0.0
712591,0.0
712592,0.0
712593,0.0
712594,0.0
712595,0.0
712596,0.0
712597,0.0
712598,0.0
712599,0.0
712600,0.0
712601,0.0
712602,0.0
712603,0.0
712604,0.0
712605,0.0
712606,0.0
712607,0.0
712608,0.0
712609,0.0
712610,0.0
712611,0.0
712612,0.0
712613,0.0
712614,0.0
712615,0.0
712616,0.0
712617,0.0
712618,0.0
712619,0.0
712620,0.0
712621,0.0
712622,0.0
712623,0.0
712624,0.0
712625,0.0
712626,0.0
712627,0.0
712628,0.0
712629,0.0
712630,0.0
712631,0.0
712632,0.0
712633,0.0
712634,0.0
712635,0.0
712636,0.0
712637,0.0
712638,0.0
712639,0.0
712640,0.0
712641,0.0
712642,0.0
712643,0.0
712644,0.0
712645,0.0
712646,0.0
712647,0.0
712648,0.0
712649,0.0
712650,0.0
712651,0.0
712652,0.0
712653,0.0
712654,0.0
712655,0.0
712656,0.0
712657,0.0
712658,0.0
712659,0.0
712660,0.0
712661,0.0
712662,0.0
712663,0.0
712664,0.0
712665,0.0
712666,0.0
712667,0.0
712668,0.0
712669,0.0
712670,0.0
712671,0.0
712672,0.0
712673,0.0
712674,0.0
712675,0.0
712676,0.0
712677,0.0
712678,0.0
712679,0.0
712680,0.0
712681,0.0
712682,0.0
712683,0.0
712684,0.0
712685,0.0
712686,0.0
712687,0.0
712688,0.0
712689,0.0
712690,0.0
712691,0.0
712692,0.0
712693,0.0
712694,0.0
712695,0.0
712696,0.0
712697,0.0
712698,0.0
712699,0.0
712700,0.0
712701,0.0
712702,0.0
712703,0.0
712704,0.0
712705,0.0
712706,0.0
712707,0.0
712708,0.0
712709,0.0
712710,0.0
712711,0.0
712712,0.0
712713,0.0
712714,0.0
712715,0.0
712716,0.0
712717,0.0
712718,0.0
712719,0.0
712720,0.0
712721,0.0
712722,0.0
712723,0.0
712724,0.0
712725,0.0
712726,0.0
712727,0.0
712728,0.0
712729,0.0
712730,0.0
712731,0.0
712732,0.0
712733,0.0
712734,0.0
712735,0.0
712736,0.0
712737,0.0
712738,0.0
712739,0.0
712740,0.0
712741,0.0
712742,0.0
712743,0.0
712744,0.0
712745,0.0
712746,0.0
712747,0.0
712748,0.0
712749,0.0
712750,0.0
712751,0.0
712752,0.0
712753,0.0
712754,0.0
712755,0.0
712756,0.0
712757,0.0
712758,0.0
712759,0.0
712760,0.0
712761,0.0
712762,0.0
712763,0.0
712764,0.0
712765,0.0
712766,0.0
712767,0.0
712768,0.0
712769,0.0
712770,0.0
712771,0.0
712772,0.0
712773,0.0
712774,0.0
712775,0.0
712776,0.0
712777,0.0
712778,0.0
712779,0.0
712780,0.0
712781,0.0
712782,0.0
712783,0.0
712784,0.0
712785,0.0
712786,0.0
712787,0.0
712788,0.0
712789,0.0
712790,0.0
712791,0.0
712792,0.0
712793,0.0
712794,0.0
712795,0.0
712796,0.0
712797,0.0
712798,0.0
712799,0.0
712800,0.0
712801,0.0
712802,0.0
712803,0.0
712804,0.0
712805,0.0
712806,0.0
712807,0.0
712808,0.0
712809,0.0
712810,0.0
712811,0.0
712812,0.0
712813,0.0
712814,0.0
712815,0.0
712816,0.0
712817,0.0
712818,0.0
712819,0.0
712820,7.76041e-28
712821,0.0
712822,0.0
712823,0.0
712824,0.0
712825,0.0
712826,0.0
712827,0.0
712828,0.0
712829,0.0
712830,0.0
712831,0.0
712832,0.0
712833,0.0
712834,0.0
712835,0.0
712836,0.0
712837,0.0
712838,0.0
712839,0.0
712840,0.0
712841,0.0
712842,0.0
712843,0.0
712844,0.0
712845,0.0
712846,0.0
712847,0.0
712848,0.0
712849,0.0
712850,0.0
712851,0.0
712852,0.0
712853,0.0
712854,0.0
712855,0.0
712856,0.0
712857,0.0
712858,0.0
712859,0.0
712860,0.0
712861,0.0
712862,0.0
712863,0.0
712864,0.0
712865,0.0
712866,0.0
712867,0.0
712868,0.0
712869,0.0
712870,0.0
712871,0.0
712872,0.0
712873,0.0
712874,0.0
712875,0.0
712876,0.0
712877,0.0
712878,0.0
712879,0.0
712880,0.0
712881,0.0
712882,0.0
712883,0.0
712884,0.0
712885,0.0
712886,0.0
712887,0.0
712888,0.0
712889,0.0
712890,0.0
712891,0.0
712892,0.0
712893,0.0
712894,0.0
712895,0.0
712896,0.0
712897,0.0
712898,0.0
712899,0.0
712900,0.0
712901,0.0
712902,0.0
712903,0.0
712904,0.0
712905,0.0
712906,0.0
712907,0.0
712908,0.0
712909,0.0
712910,0.0
712911,0.0
712912,0.0
712913,0.0
712914,0.0
712915,0.0
712916,0.0
712917,0.0
712918,0.0
712919,0.0
712920,0.0
712921,0.0
712922,0.0
712923,0.0
712924,0.0
712925,0.0
712926,0.0
712927,0.0
712928,0.0
712929,0.0
712930,0.0
712931,5.384228e-18
712932,0.0
712933,0.0
712934,0.0
712935,0.0
712936,0.0
712937,0.0
712938,0.0
712939,0.0
712940,0.0
712941,0.0
712942,0.0
712943,0.0
712944,0.0
712945,0.0
712946,0.0
712947,0.0
712948,0.0
712949,0.0
712950,0.0
712951,0.0
712952,0.0
712953,0.0
712954,0.0
712955,0.0
712956,0.0
712957,0.0
712958,0.0
712959,0.0
712960,0.0
712961,0.0
712962,0.0
712963,0.0
712964,0.0
712965,0.0
712966,0.0
712967,0.0
712968,0.0
712969,0.0
712970,0.0
712971,0.0
712972,0.0
712973,0.0
712974,0.0
712975,0.0
712976,0.0
712977,0.0
712978,0.0
712979,0.0
712980,0.0
712981,0.0
712982,0.0
712983,0.0
712984,0.0
712985,0.0
712986,0.0
712987,0.0
712988,0.0
712989,0.0
712990,0.0
712991,0.0
712992,0.0
712993,0.0
712994,0.0
712995,0.0
712996,0.0
712997,0.0
712998,0.0
712999,0.0
713000,0.0
713001,0.0
713002,0.0
713003,0.0
713004,0.0
713005,0.0
713006,0.0
713007,0.0
713008,0.0
713009,0.0
713010,0.0
713011,0.0
713012,0.0
713013,0.0
713014,0.0
713015,0.0
713016,0.0
713017,0.0
713018,0.0
713019,0.0
713020,0.0
713021,0.0
713022,0.0
713023,0.0
713024,0.0
713025,0.0
713026,0.0
713027,0.0
713028,0.0
713029,0.0
713030,0.0
713031,0.0
713032,0.0
713033,0.0
713034,0.0
713035,0.0
713036,0.0
713037,0.0
713038,0.0
713039,0.0
713040,0.0
713041,0.0
713042,0.0
713043,0.0
713044,0.0
713045,0.0
713046,0.0
713047,0.0
713048,0.0
713049,0.0
713050,0.0
713051,0.0
713052,0.0
713053,0.0
713054,0.0
713055,0.0
713056,0.0
713057,0.0
713058,0.0
713059,0.0
713060,0.0
713061,5.856214e-27
713062,0.0
713063,0.0
713064,1.4922186e-24
713065,0.0
713066,0.0
713067,0.0
713068,0.0
713069,0.0
713070,0.0
713071,0.0
713072,0.0
713073,0.0
713074,0.0
713075,0.0
713076,0.0
713077,0.0
713078,0.0
713079,0.0
713080,0.0
713081,0.0
713082,0.0
713083,0.0
713084,0.0
713085,0.0
713086,0.0
713087,0.0
713088,0.0
713089,0.0
713090,0.0
713091,0.0
713092,0.0
713093,0.0
713094,0.0
713095,0.0
713096,0.0
713097,0.0
713098,0.0
713099,0.0
713100,0.0
713101,0.0
713102,0.0
713103,0.0
713104,0.0
713105,0.0
713106,0.0
713107,0.0
713108,0.36242384
713109,0.0
713110,0.0
713111,0.0
713112,0.0
713113,0.0
713114,0.0
713115,0.0
713116,0.0
713117,0.0
713118,0.0
713119,0.0
713120,0.0
713121,0.0
713122,0.0
713123,0.0
713124,0.0
713125,0.0
713126,0.0
713127,0.0
713128,0.0
713129,0.0
713130,0.0
713131,0.0006125485
713132,0.0
713133,0.0
713134,0.0
713135,0.0
713136,0.0
713137,0.0
713138,0.0
713139,0.0
713140,0.0
713141,5.5426675e-28
713142,0.0
713143,0.0
713144,0.0
713145,0.0
713146,0.0
713147,0.0
713148,0.0
713149,0.0
713150,0.0
713151,0.0
713152,0.0
713153,0.0
713154,0.0
713155,0.0
713156,0.0
713157,0.0
713158,0.0
713159,0.0
713160,0.0
713161,0.0
713162,0.0
713163,0.0
713164,0.0
713165,0.0
713166,0.0
713167,0.0
713168,0.0
713169,0.0
713170,0.0
713171,0.0
713172,0.0
713173,0.0
713174,0.0
713175,0.0
713176,0.0
713177,0.0
713178,0.0
713179,0.0
713180,0.0
713181,0.0
713182,0.0
713183,0.0
713184,0.0
713185,0.0
713186,0.0
713187,0.0
713188,0.0
713189,0.0
713190,0.0
713191,0.0
713192,0.0
713193,0.0
713194,0.0
713195,0.0
713196,0.0
713197,0.0
713198,0.0
713199,0.0
713200,0.0
713201,0.0
713202,0.0
713203,0.0
713204,0.0
713205,0.0
713206,0.0
713207,0.0
713208,0.0
713209,0.0
713210,0.0
713211,0.0
713212,0.0
713213,0.0
713214,0.0
713215,0.0
713216,0.0
713217,0.0
713218,0.0
713219,0.0
713220,0.0
713221,0.0
713222,0.0
713223,0.0
713224,0.0
713225,0.0
713226,0.0
713227,0.0
713228,0.0
713229,0.0
713230,0.0
713231,0.0
713232,0.0
713233,0.0
713234,0.0
713235,0.0
713236,0.0
713237,0.0
713238,0.0
713239,2.292324e-24
713240,0.0
713241,0.0
713242,0.0
713243,0.0
713244,0.0
713245,0.0
713246,0.0
713247,0.0
713248,0.0
713249,0.0
713250,0.0
713251,0.0
713252,0.0
713253,0.0
713254,0.0
713255,0.0
713256,0.0
713257,0.0
713258,0.0
713259,0.0
713260,0.0
713261,0.0
713262,0.0
713263,0.0
713264,0.0
713265,0.0
713266,0.0
713267,0.0
713268,0.0
713269,0.0
713270,0.0
713271,0.0
713272,0.0
713273,1.2800624e-25
713274,0.0
713275,0.0
713276,0.0
713277,0.0
713278,0.0
713279,0.0
713280,0.0
713281,0.0
713282,0.0
713283,0.0
713284,0.0
713285,0.0
713286,0.0
713287,0.0
713288,0.0
713289,0.0
713290,0.0
713291,0.0
713292,0.0
713293,0.0
713294,0.0
713295,0.0
713296,0.0
713297,0.0
713298,0.0
713299,0.0
713300,0.0
713301,0.0
713302,0.0
713303,0.0
713304,0.0
713305,0.0
713306,0.0
713307,0.0
713308,0.0
713309,0.0
713310,0.0
713311,0.0
713312,0.0
713313,0.0
713314,0.0
713315,0.0
713316,0.0
713317,0.0
713318,0.0
713319,0.0
713320,0.0
713321,0.0
713322,0.0
713323,0.0
713324,0.0
713325,0.0
713326,0.0
713327,0.0
713328,0.0
713329,0.0
713330,0.0
713331,0.0
713332,0.0
713333,0.0
713334,0.0
713335,0.0
713336,0.0
713337,0.0
713338,0.0
713339,0.0
713340,5.475213e-07
713341,3.6283793e-26
713342,0.0
713343,0.0
713344,0.0
713345,0.0
713346,0.0
713347,0.0
713348,0.0
713349,0.0
713350,0.0
713351,0.0
713352,0.0
713353,0.0
713354,0.0
713355,0.0
713356,0.0
713357,0.0
713358,0.0
713359,0.0
713360,0.0
713361,0.0
713362,0.0
713363,0.0
713364,0.0
713365,0.0
713366,0.0
713367,0.0
713368,0.0
713369,0.0
713370,4.7782235e-28
713371,0.0
713372,0.0
713373,0.0
713374,0.0
713375,0.0
713376,0.0
713377,0.0
713378,0.0
713379,0.0
713380,0.0
713381,0.0
713382,0.0
713383,0.0
713384,0.0
713385,0.0
713386,0.0
713387,0.0
713388,0.0
713389,0.0
713390,0.0
713391,0.0
713392,0.0
713393,0.0
713394,0.0
713395,0.0
713396,0.0
713397,0.0
713398,0.0
713399,0.0
713400,0.0
713401,0.0
713402,0.0
713403,0.0
713404,0.0
713405,0.0
713406,0.0
713407,0.0
713408,0.0
713409,0.0
713410,0.0
713411,0.0
713412,0.0
713413,0.0
713414,0.0
713415,0.0
713416,0.0
713417,0.0
713418,0.0
713419,0.0
713420,0.0
713421,0.0
713422,0.0
713423,0.0
713424,0.0
713425,0.0
713426,0.0
713427,0.0
713428,0.0
713429,0.0
713430,0.0
713431,0.0
713432,0.0
713433,0.0
713434,0.0
713435,0.0
713436,0.0
713437,0.0
713438,0.0
713439,0.0
713440,0.0
713441,0.0
713442,0.0
713443,0.0
713444,0.0
713445,0.0
713446,0.0
713447,0.0
713448,0.0
713449,0.0
713450,0.0
713451,0.0
713452,0.0
713453,0.0
713454,0.0
713455,0.0
713456,0.0
713457,0.0
713458,0.0
713459,0.0
713460,0.0
713461,0.0
713462,0.0
713463,0.0
713464,0.0
713465,0.0
713466,1.2317961e-11
713467,0.0
713468,0.0
713469,0.0
713470,0.0
713471,0.0
713472,0.0
713473,0.0
713474,0.0
713475,0.0
713476,0.0
713477,0.0
713478,0.0
713479,0.0
713480,0.0
713481,0.0
713482,0.0
713483,0.0
713484,0.0
713485,0.0
713486,0.0
713487,0.0
713488,0.0
713489,0.0
713490,0.0
713491,0.0
713492,0.0
713493,0.0
713494,0.0
713495,0.0
713496,0.0
713497,0.0
713498,0.0
713499,0.0
713500,0.0
713501,0.0
713502,0.0
713503,0.0
713504,0.0
713505,0.0
713506,0.0
713507,0.0
713508,0.0
713509,0.0
713510,0.0
713511,0.0
713512,0.0
713513,0.0
713514,0.0
713515,0.0
713516,0.0
713517,0.0
713518,0.0
713519,0.0
713520,0.0
713521,0.0
713522,0.0
713523,0.0
713524,0.0
713525,0.0
713526,0.0
713527,0.0
713528,0.0
713529,0.0
713530,0.0
713531,0.0
713532,0.0
713533,0.0
713534,0.0
713535,0.0
713536,0.0
713537,0.0
713538,0.0
713539,0.0
713540,0.0
713541,0.0
713542,0.0
713543,0.0
713544,0.0
713545,0.0
713546,0.0
713547,0.0
713548,0.0
713549,0.0
713550,0.0
713551,0.0
713552,0.0
713553,0.0
713554,0.0
713555,0.0
713556,0.0
713557,0.0
713558,0.0
713559,0.0
713560,0.0
713561,0.0
713562,0.0
713563,0.0
713564,0.0
713565,0.0
713566,0.0
713567,0.0
713568,0.0
713569,0.0
713570,0.0
713571,0.0
713572,0.0
713573,0.0
713574,0.0
713575,0.0
713576,0.0
713577,0.0
713578,0.0
713579,0.0
713580,0.0
713581,0.0
713582,0.0
713583,0.0
713584,0.0
713585,0.0
713586,0.0
713587,0.0
713588,2.7912066e-30
713589,0.0
713590,0.0
713591,0.0
713592,0.0
713593,0.0
713594,0.0
713595,0.0
713596,0.0
713597,0.0
713598,0.0
713599,0.0
713600,0.0
713601,0.0
713602,0.0
713603,0.0
713604,0.0
713605,0.0
713606,0.0
713607,0.0
713608,0.0
713609,0.0
713610,0.0
713611,0.0
713612,0.0
713613,0.0
713614,0.0
713615,0.0
713616,0.0
713617,0.0
713618,0.0
713619,0.0
713620,0.0
713621,0.0
713622,0.0
713623,0.0
713624,0.0
713625,0.0
713626,0.0
713627,0.0
713628,0.0
713629,0.0
713630,0.0
713631,0.0
713632,0.0
713633,0.0
713634,0.0
713635,0.0
713636,0.0
713637,0.0
713638,0.0
713639,0.0
713640,0.0
713641,0.0
713642,0.0
713643,0.0
713644,0.0
713645,0.0
713646,0.0
713647,0.0
713648,0.0
713649,0.0
713650,0.0
713651,0.0
713652,0.0
713653,0.0
713654,0.0
713655,0.0
713656,0.0
713657,0.0
713658,0.0
713659,0.0
713660,0.0
713661,0.0
713662,0.0
713663,0.0
713664,0.0
713665,0.0
713666,0.0
713667,0.0
713668,0.0
713669,0.0
713670,0.0
713671,0.0
713672,0.0
713673,0.0
713674,0.0
713675,0.0
713676,0.0
713677,0.0
713678,0.0
713679,0.0
713680,0.0
713681,0.0
713682,0.0
713683,0.0
713684,0.0
713685,0.0
713686,0.0
713687,0.0
713688,0.0
713689,0.0
713690,0.0
713691,0.0
713692,0.0
713693,0.0
713694,0.0
713695,0.0
713696,0.0
713697,0.0
713698,0.0
713699,0.0
713700,0.0
713701,0.0
713702,0.0
713703,0.0
713704,0.0
713705,0.0
713706,0.0
713707,0.0
713708,0.0
713709,0.0
713710,0.0
713711,0.0
713712,0.0
713713,0.0
713714,0.0
713715,0.0
713716,0.0
713717,0.0
713718,0.0
713719,0.0
713720,0.0
713721,0.0
713722,0.0
713723,0.0
713724,0.0
713725,0.0
713726,0.0
713727,0.0
713728,0.0
713729,0.0
713730,0.0
713731,0.0
713732,1.8406404e-18
713733,0.0
713734,0.0
713735,0.0
713736,0.0
713737,0.0
713738,0.0
713739,0.0
713740,0.0
713741,0.0
713742,0.0
713743,0.0
713744,0.0
713745,0.0
713746,0.0
713747,0.0
713748,0.0
713749,0.0
713750,0.0
713751,0.0
713752,0.0
713753,0.0
713754,0.0
713755,6.0750524e-32
713756,0.0
713757,0.0
713758,0.0
713759,0.0
713760,0.0
713761,0.0
713762,0.0
713763,0.0
713764,0.0
713765,0.0
713766,0.0
713767,0.0
713768,0.0
713769,0.0
713770,0.0
713771,0.0
713772,0.0
713773,0.0
713774,0.0
713775,0.0
713776,0.0
713777,0.0
713778,0.0
713779,0.0
713780,0.0
713781,0.0
713782,0.0
713783,0.0
713784,0.0
713785,0.0
713786,0.0
713787,0.0
713788,0.0
713789,0.0
713790,0.0
713791,0.0
713792,0.0
713793,0.0
713794,0.0
713795,0.0
713796,0.0
713797,0.0
713798,0.0
713799,0.0
713800,0.0
713801,0.0
713802,1.3206919e-31
713803,0.0
713804,0.0
713805,0.0
713806,0.0
713807,0.0
713808,0.0
713809,0.0
713810,0.0
713811,0.0
713812,0.0
713813,0.0
713814,0.0
713815,0.0
713816,0.0
713817,0.0
713818,0.0
713819,0.0
713820,0.0
713821,0.0
713822,0.0
713823,0.0
713824,0.0
713825,0.0
713826,0.0
713827,0.0
713828,0.0
713829,0.0
713830,0.0
713831,0.0
713832,0.0
713833,0.0
713834,0.0
713835,0.0
713836,0.0
713837,0.0
713838,0.0
713839,0.0
713840,0.0
713841,0.0
713842,0.0
713843,0.0
713844,0.0
713845,0.0
713846,0.0
713847,0.0
713848,0.0
713849,0.0
713850,0.0
713851,0.0
713852,0.0
713853,0.0
713854,0.0
713855,0.0
713856,0.0
713857,0.0
713858,0.0
713859,0.0
713860,0.0
713861,0.0
713862,0.0
713863,0.0
713864,0.0
713865,0.0
713866,0.0
713867,0.0
713868,0.0
713869,0.0
713870,0.0
713871,0.0
713872,0.0
713873,0.0
713874,0.0
713875,0.0
713876,0.0
713877,0.0
713878,0.0
713879,0.0
713880,0.0
713881,0.0
713882,0.0
713883,0.0
713884,0.0
713885,0.0
713886,0.0
713887,0.0
713888,0.0
713889,0.0
713890,0.0
713891,0.0
713892,0.0
713893,0.0
713894,0.0
713895,0.0
713896,0.0
713897,0.0
713898,0.0
713899,3.656801e-07
713900,2.4380467e-15
713901,0.0
713902,0.0
713903,0.0
713904,0.0
713905,0.0
713906,0.0
713907,0.0
713908,0.0
713909,0.0
713910,0.0
713911,0.0
713912,0.0
713913,0.0
713914,0.0
713915,0.0
713916,0.0
713917,0.0
713918,0.0
713919,0.0
713920,0.0
713921,0.0
713922,0.0
713923,0.0
713924,0.0
713925,0.0
713926,0.0
713927,0.0
713928,0.0
713929,0.0
713930,0.0
713931,0.0
713932,0.0
713933,0.0
713934,0.0
713935,0.0
713936,0.0
713937,0.0
713938,0.0
713939,0.00025983492
713940,0.0
713941,0.0
713942,0.0
713943,0.0
713944,0.0
713945,0.0
713946,0.0
713947,0.0
713948,0.0
713949,0.0
713950,0.0
713951,0.0
713952,0.0
713953,0.0
713954,0.0
713955,0.0
713956,0.0
713957,0.0
713958,0.0
713959,0.0
713960,0.0
713961,0.0
713962,0.0
713963,0.0
713964,0.0
713965,0.0
713966,0.0
713967,0.0
713968,0.0
713969,0.0
713970,0.0
713971,0.0
713972,0.0
713973,0.0
713974,0.0
713975,0.0
713976,0.0
713977,0.0
713978,0.0
713979,0.0
713980,0.0
713981,0.0
713982,0.0
713983,0.0
713984,0.0
713985,0.0
713986,0.0
713987,0.0
713988,0.0
713989,0.0
713990,0.0
713991,0.0
713992,0.0
713993,0.0
713994,0.0
713995,0.0
713996,0.0
713997,0.0
713998,0.0
713999,0.0
714000,0.0
714001,0.0
714002,0.0
714003,0.0
714004,0.0
714005,0.0
714006,0.0
714007,0.0
714008,0.0
714009,0.0
714010,0.0
714011,0.0
714012,0.0
714013,0.0
714014,0.0
714015,0.0
714016,0.0
714017,0.0
714018,0.0
714019,0.020462302
714020,0.0
714021,0.0
714022,0.0
714023,0.0
714024,0.0
714025,0.0
714026,0.0
714027,0.0
714028,0.0
714029,0.0
714030,0.0
714031,0.0
714032,0.0
714033,0.0
714034,0.0
714035,0.0
714036,0.0
714037,0.0
714038,0.0
714039,0.0
714040,0.0
714041,0.0
714042,0.0
714043,0.0
714044,0.0
714045,0.0
714046,0.0
714047,0.0
714048,0.0
714049,0.0
714050,0.0
714051,0.0
714052,0.0
714053,0.0
714054,0.0
714055,0.0
714056,0.0
714057,0.0
714058,0.0
714059,0.0
714060,0.0
714061,0.0
714062,0.0
714063,0.0
714064,7.80583e-37
714065,0.0
714066,0.0
714067,0.0
714068,0.0
714069,0.0
714070,0.0
714071,0.0
714072,0.0
714073,0.0
714074,0.0
714075,0.0
714076,0.0
714077,2.441126e-16
714078,0.0
714079,0.0
714080,0.0
714081,0.0
714082,0.0
714083,0.0
714084,0.0
714085,0.0
714086,0.0
714087,0.0
714088,0.0
714089,0.0
714090,0.0
714091,0.0
714092,0.0
714093,0.0
714094,0.0
714095,0.0
714096,0.0
714097,0.0
714098,0.0
714099,0.0
714100,0.0
714101,0.0
714102,0.0
714103,0.0
714104,0.0
714105,0.0
714106,0.0
714107,0.0
714108,0.0
714109,0.0
714110,0.0
714111,0.0
714112,0.0
714113,0.0
714114,0.0
714115,0.0
714116,0.0
714117,0.0
714118,0.0
714119,0.0
714120,0.0
714121,0.0
714122,0.0
714123,0.0
714124,0.0
714125,0.0
714126,0.0
714127,0.0
714128,0.0
714129,0.0
714130,0.0
714131,0.0
714132,0.0
714133,0.0
714134,0.0
714135,0.0
714136,0.0
714137,0.0
714138,0.0
714139,0.0
714140,0.0
714141,0.0
714142,0.0
714143,0.0
714144,0.0
714145,0.0
714146,0.0
714147,0.0
714148,0.0
714149,0.0
714150,0.0
714151,0.0
714152,0.0
714153,0.0
714154,0.0
714155,0.0
714156,0.0
714157,0.0
714158,0.0
714159,0.0
714160,0.0
714161,0.0
714162,0.0
714163,0.0
714164,0.0
714165,0.0
714166,0.0
714167,0.0
714168,0.0
714169,0.0
714170,0.0
714171,0.0
714172,0.0
714173,0.0
714174,0.0
714175,0.0
714176,0.0
714177,0.0
714178,0.0
714179,0.0
714180,0.0
714181,0.0
714182,0.0
714183,0.0
714184,0.0
714185,0.0
714186,0.0
714187,0.0
714188,0.0
714189,0.0
714190,0.0
714191,0.0
714192,0.0
714193,0.0
714194,0.0
714195,0.0
714196,0.0
714197,0.0
714198,0.0
714199,0.0
714200,0.0
714201,0.0
714202,0.0
714203,0.0
714204,0.0
714205,0.0
714206,0.0
714207,0.0
714208,0.0
714209,0.0
714210,0.0
714211,0.0
714212,0.0
714213,0.0
714214,0.0
714215,0.0
714216,0.0
714217,0.0
714218,0.0
714219,0.0
714220,0.0
714221,0.0
714222,0.0
714223,0.0
714224,0.0
714225,0.0
714226,0.0
714227,0.0
714228,0.0
714229,0.0
714230,0.0
714231,0.0
714232,0.0
714233,0.0
714234,0.0
714235,0.0
714236,0.0
714237,0.0
714238,0.0
714239,0.0
714240,0.0
714241,0.0
714242,0.0
714243,0.0
714244,0.0
714245,0.0
714246,0.0
714247,0.0
714248,0.0
714249,0.0
714250,0.0
714251,0.0
714252,0.0
714253,0.0
714254,0.0
714255,0.0
714256,0.0
714257,0.0
714258,0.0
714259,0.0
714260,0.0
714261,0.0
714262,0.0
714263,0.0
714264,0.0
714265,0.0
714266,0.0
714267,0.0
714268,0.0
714269,0.0
714270,0.0
714271,0.0
714272,0.0
714273,0.0
714274,0.0
714275,0.0
714276,0.0
714277,0.0
714278,0.0
714279,0.0
714280,0.0
714281,0.0
714282,0.0
714283,0.0
714284,0.0
714285,0.0
714286,0.0
714287,0.0
714288,0.0
714289,0.0
714290,0.0
714291,0.0
714292,0.0
714293,0.0
714294,0.0
714295,0.0
714296,0.0
714297,0.0
714298,0.0
714299,0.0
714300,0.0
714301,0.0
714302,0.0
714303,0.0
714304,0.0
714305,0.0
714306,0.0
714307,0.0
714308,0.0
714309,0.0
714310,0.0
714311,0.0
714312,0.0
714313,0.0
714314,0.0
714315,0.0
714316,0.0
714317,0.0
714318,0.0
714319,0.0
714320,0.0
714321,0.0
714322,0.0
714323,0.0
714324,0.0
714325,0.0
714326,0.0
714327,0.0
714328,0.0
714329,0.0
714330,0.0
714331,0.0
714332,0.0
714333,0.0
714334,0.0
714335,0.0
714336,3.447827e-21
714337,0.0
714338,0.0
714339,0.0
714340,0.0
714341,0.0
714342,0.0
714343,0.0
714344,0.0
714345,0.0
714346,0.0
714347,0.0
714348,0.0
714349,0.0
714350,0.0
714351,0.0
714352,0.36242384
714353,0.0
714354,0.0
714355,0.0
714356,0.0
714357,0.0
714358,0.0
714359,0.0
714360,0.0
714361,0.0
714362,0.0
714363,0.0
714364,0.0
714365,0.0
714366,0.0
714367,0.0
714368,0.0
714369,0.0
714370,0.0
714371,0.0
714372,0.0
714373,0.0
714374,0.0
714375,0.0
714376,0.0
714377,0.0
714378,0.0
714379,0.0
714380,0.0
714381,0.0
714382,0.0
714383,0.0
714384,0.0
714385,0.0
714386,0.0
714387,0.0
714388,0.0
714389,0.0
714390,0.0
714391,0.0
714392,0.0
714393,0.0
714394,0.0
714395,0.0
714396,0.0
714397,0.0
714398,0.0
714399,0.0
714400,0.0
714401,0.0
714402,0.0
714403,0.0
714404,0.0
714405,0.0
714406,0.0
714407,0.0
714408,0.0
714409,0.0
714410,0.0
714411,0.0
714412,0.0
714413,0.0
714414,0.0
714415,0.0
714416,0.0
714417,0.0
714418,0.0
714419,0.0
714420,3.3905977e-34
714421,0.0
714422,0.0
714423,0.0
714424,0.0
714425,0.0
714426,0.0
714427,0.0
714428,0.0
714429,0.0
714430,0.0
714431,0.0
714432,0.0
714433,0.0
714434,0.0
714435,0.0
714436,0.0
714437,0.0
714438,0.0
714439,0.0
714440,0.0
714441,0.0
714442,0.0
714443,0.0
714444,0.0
714445,0.0
714446,0.0
714447,0.0
714448,0.0
714449,0.0
714450,0.0
714451,0.0
714452,0.0
714453,0.0
714454,0.1704562
714455,0.0
714456,0.0
714457,0.0
714458,0.0
714459,0.0
714460,0.0
714461,0.0
714462,0.0
714463,0.0
714464,0.0
714465,0.0
714466,0.0
714467,0.0
714468,0.0
714469,0.0
714470,0.0
714471,0.0
714472,0.0
714473,0.0
714474,0.0
714475,0.0
714476,0.0
714477,0.0
714478,0.0
714479,0.0
714480,0.0
714481,0.0
714482,0.0
714483,0.0
714484,0.0
714485,0.0
714486,0.0
714487,0.0
714488,0.0
714489,0.0
714490,0.0
714491,0.0
714492,0.0
714493,0.0
714494,0.0
714495,0.0
714496,0.0
714497,0.0
714498,0.0
714499,0.0
714500,0.0
714501,0.0
714502,0.0
714503,0.0
714504,0.0
714505,0.0
714506,0.0
714507,0.0
714508,0.0
714509,0.0
714510,0.0
714511,0.0
714512,0.0
714513,0.0
714514,0.0
714515,0.0
714516,0.0
714517,0.0
714518,0.0
714519,0.0
714520,0.0
714521,0.0
714522,0.0
714523,0.0
714524,0.0
714525,0.0
714526,0.0
714527,0.0
714528,0.0
714529,0.0
714530,0.0
714531,0.0
714532,0.0
714533,0.0
714534,0.0
714535,0.0
714536,0.0
714537,0.0
714538,0.0
714539,0.0
714540,0.0
714541,0.0
714542,0.0
714543,0.0
714544,0.0
714545,0.0
714546,0.0
714547,0.0
714548,0.0
714549,0.0
714550,0.0
714551,0.0
714552,0.0
714553,0.0
714554,0.0
714555,0.0
714556,0.0
714557,0.0
714558,0.0
714559,0.0
714560,0.0
714561,0.0
714562,0.0
714563,0.0
714564,0.0
714565,0.0
714566,0.0
714567,0.0
714568,0.0
714569,0.0
714570,0.0
714571,0.0
714572,0.0
714573,7.981512e-33
714574,0.0
714575,0.0
714576,0.0
714577,0.0
714578,0.0
714579,0.0
714580,0.0
714581,0.0
714582,0.0
714583,0.0
714584,0.0
714585,0.0
714586,0.0
714587,0.0
714588,0.0
714589,0.0
714590,0.0
714591,0.0
714592,0.0
714593,0.0
714594,0.0
714595,0.0
714596,0.0
714597,0.0
714598,0.0
714599,0.0
714600,0.0
714601,0.0
714602,0.0
714603,0.0
714604,0.0
714605,0.0
714606,0.0
714607,0.0
714608,0.0
714609,0.0
714610,0.0
714611,0.0
714612,0.0
714613,0.0
714614,0.0
714615,0.0
714616,0.0
714617,0.0
714618,0.0
714619,0.0
714620,0.0
714621,0.0
714622,0.0
714623,0.0
714624,0.0
714625,0.0
714626,0.0
714627,0.0
714628,0.0
714629,0.0
714630,0.0
714631,0.0
714632,0.0
714633,0.0
714634,0.0
714635,0.0
714636,0.0
714637,0.0
714638,0.0
714639,0.0
714640,0.0
714641,0.0
714642,0.0
714643,0.0
714644,0.0
714645,0.0
714646,0.0
714647,0.0
714648,0.0
714649,0.0
714650,0.0
714651,0.0
714652,0.0
714653,0.0
714654,0.0
714655,0.0
714656,0.0
714657,0.0
714658,0.0
714659,0.0
714660,0.0
714661,0.0
714662,0.0
714663,0.0
714664,0.0
714665,0.0
714666,0.0
714667,0.0
714668,0.0
714669,0.0
714670,0.0
714671,0.0
714672,0.0
714673,0.0
714674,0.0
714675,0.0
714676,0.0
714677,0.0
714678,0.0
714679,0.0
714680,0.0
714681,0.0
714682,0.0
714683,0.0
714684,0.0
714685,0.0
714686,0.0
714687,0.0
714688,0.0
714689,0.0
714690,0.0
714691,0.0
714692,0.0
714693,0.0
714694,0.0
714695,0.0
714696,0.0
714697,0.0
714698,0.0
714699,0.0
714700,0.0
714701,0.0
714702,0.0
714703,0.0
714704,0.0
714705,0.0
714706,0.0
714707,0.0
714708,0.0
714709,0.0
714710,0.0
714711,0.0
714712,0.0
714713,0.0
714714,0.0
714715,0.0
714716,0.0
714717,0.0
714718,0.0
714719,0.0
714720,0.0
714721,0.0
714722,0.0
714723,1.252209e-33
714724,0.0
714725,0.0
714726,0.0
714727,0.0
714728,0.0
714729,0.0
714730,0.0
714731,0.0
714732,0.0
714733,0.0
714734,0.0
714735,0.0
714736,0.0
714737,0.0
714738,0.0
714739,0.0
714740,0.0
714741,0.0
714742,0.0
714743,0.0
714744,0.0
714745,0.0
714746,0.0
714747,0.0
714748,0.0
714749,0.0
714750,0.0
714751,0.0
714752,0.0
714753,0.0
714754,0.0
714755,0.0
714756,0.0
714757,0.0
714758,0.0
714759,0.0
714760,0.0
714761,0.0
714762,0.0
714763,0.0
714764,2.7218015e-21
714765,0.0
714766,0.0
714767,0.0
714768,0.0
714769,0.0
714770,0.0
714771,0.0
714772,0.0
714773,0.0
714774,0.0
714775,0.0
714776,0.0
714777,0.0
714778,0.0
714779,0.0
714780,0.0
714781,0.0
714782,0.0
714783,0.0
714784,0.0
714785,0.0
714786,0.0
714787,0.0
714788,0.0
714789,0.0
714790,0.0
714791,0.0
714792,0.0
714793,0.0
714794,0.0
714795,0.0
714796,0.0
714797,0.0
714798,0.0
714799,0.0
714800,0.0
714801,0.0
714802,0.0
714803,0.0
714804,0.0
714805,0.0
714806,0.0
714807,0.0
714808,0.0
714809,0.0
714810,0.0
714811,0.0
714812,0.0
714813,0.0
714814,0.0
714815,0.0
714816,0.0
714817,0.0
714818,0.0
714819,0.0
714820,0.0
714821,0.0
714822,0.0
714823,0.0
714824,0.0
714825,0.0
714826,0.0
714827,0.0
714828,0.0
714829,0.0
714830,0.0
714831,0.0
714832,0.0
714833,0.0
714834,0.0
714835,0.0
714836,0.0
714837,0.0
714838,0.0
714839,0.0
714840,0.0
714841,0.0
714842,0.0
714843,0.0
714844,0.0
714845,0.0
714846,0.0
714847,0.0
714848,0.0
714849,0.0
714850,0.0
714851,0.0
714852,0.0
714853,0.0
714854,0.0
714855,0.0
714856,0.0
714857,0.0
714858,0.0
714859,0.0
714860,0.0
714861,0.0
714862,0.0
714863,0.0
714864,0.0
714865,0.0
714866,0.0
714867,0.0
714868,0.0
714869,0.0
714870,0.0
714871,0.0
714872,0.0
714873,0.0
714874,0.0
714875,0.0
714876,0.0
714877,0.0
714878,0.0
714879,0.0
714880,0.0
714881,0.0
714882,0.0
714883,0.0
714884,0.0
714885,0.0
714886,0.0
714887,0.0
714888,0.0
714889,0.0
714890,0.0
714891,0.0
714892,0.0
714893,0.0
714894,0.0
714895,0.0
714896,0.0
714897,0.0
714898,0.0
714899,0.0
714900,0.0
714901,0.0
714902,0.0
714903,0.0
714904,0.0
714905,0.0
714906,0.0
714907,0.0
714908,0.0
714909,0.0
714910,0.0
714911,0.0
714912,0.0
714913,0.0
714914,0.0
714915,0.0
714916,0.0
714917,0.0
714918,0.0
714919,0.0
714920,0.0
714921,0.0
714922,0.0
714923,0.0
714924,0.0
714925,0.0
714926,0.0
714927,0.0
714928,0.0
714929,0.0
714930,0.0
714931,0.0
714932,0.0
714933,0.0
714934,0.0
714935,0.0
714936,0.0
714937,0.0
714938,0.0
714939,0.0
714940,0.0
714941,0.0
714942,0.0
714943,0.0
714944,0.0
714945,0.0
714946,0.0
714947,0.0
714948,0.0
714949,0.0
714950,0.0
714951,0.0
714952,0.0
714953,0.0
714954,0.0
714955,0.0
714956,0.0
714957,0.0
714958,0.0
714959,0.0
714960,0.0
714961,0.0
714962,0.0
714963,0.0
714964,0.0
714965,0.0
714966,0.0
714967,0.0
714968,0.0
714969,0.0
714970,0.0
714971,0.0
714972,0.0
714973,0.0
714974,0.0
714975,0.0
714976,0.0
714977,0.0
714978,0.0
714979,0.0
714980,0.0
714981,0.0
714982,0.0
714983,0.0
714984,0.0
714985,0.0
714986,0.0
714987,0.0
714988,0.0
714989,0.0
714990,0.0
714991,0.0
714992,0.0
714993,0.0
714994,0.0
714995,0.0
714996,0.0
714997,0.0
714998,0.0
714999,0.0
715000,0.0
715001,0.0
715002,0.0
715003,0.0
715004,0.0
715005,0.0
715006,0.0
715007,0.0
715008,0.0
715009,0.0
715010,0.0
715011,0.0
715012,0.0
715013,0.0
715014,0.0
715015,0.0
715016,0.0
715017,0.0
715018,0.0
715019,0.0
715020,0.0
715021,0.0
715022,0.0
715023,0.0
715024,0.0
715025,0.0
715026,0.0
715027,0.07579712
715028,0.0
715029,0.0
715030,0.0
715031,0.0
715032,0.0
715033,0.0
715034,0.0
715035,0.0
715036,0.0
715037,0.0
715038,0.0
715039,0.0
715040,0.0
715041,0.0
715042,0.0
715043,0.0
715044,0.0
715045,0.0
715046,0.0
715047,0.0
715048,0.0
715049,0.0
715050,0.0
715051,0.0
715052,0.0
715053,0.0
715054,0.0
715055,0.0
715056,0.0
715057,0.0
715058,0.0
715059,0.0
715060,0.0
715061,0.0
715062,0.0
715063,0.0
715064,0.0
715065,0.0
715066,0.0
715067,0.0
715068,0.0
715069,0.0
715070,0.0
715071,0.0
715072,0.0
715073,0.0
715074,0.0
715075,0.00073615625
715076,0.0
715077,0.0
715078,0.0
715079,0.0
715080,0.0
715081,0.0
715082,0.0
715083,0.0
715084,0.0
715085,0.0
715086,1.143772e-21
715087,0.0
715088,0.0
715089,0.0
715090,0.0
715091,0.0
715092,0.0
715093,0.0
715094,0.0
715095,0.0
715096,0.0
715097,0.0
715098,0.0
715099,0.0
715100,0.0
715101,0.0
715102,0.0
715103,0.0
715104,0.0
715105,0.0
715106,0.0
715107,0.0
715108,0.0
715109,0.0
715110,0.0
715111,0.0
715112,0.0
715113,0.0
715114,0.0
715115,0.0
715116,0.0
715117,0.0
715118,0.0
715119,0.0
715120,0.0
715121,0.0
715122,0.0
715123,0.0
715124,0.0
715125,0.0
715126,0.0
715127,0.0
715128,0.0
715129,0.0
715130,0.0
715131,0.0
715132,0.0
715133,0.0
715134,0.0
715135,0.0
715136,0.0
715137,0.0
715138,0.0
715139,0.0
715140,0.0
715141,0.0
715142,0.0
715143,0.0
715144,0.0
715145,0.0
715146,0.0
715147,0.0
715148,0.0
715149,0.0
715150,0.0
715151,0.0
715152,0.0
715153,0.0
715154,0.0
715155,0.0
715156,0.0
715157,0.0
715158,0.0
715159,0.0
715160,0.0
715161,0.0
715162,0.0
715163,0.0
715164,0.0
715165,0.0
715166,0.0
715167,0.0
715168,0.0
715169,0.0
715170,0.0
715171,0.0
715172,0.0
715173,0.0
715174,0.0
715175,0.0
715176,0.0
715177,0.0
715178,0.0
715179,0.0
715180,0.0
715181,0.0
715182,0.0
715183,0.0
715184,0.0
715185,0.0
715186,0.0
715187,0.0
715188,0.0
715189,0.0
715190,0.0
715191,0.0
715192,0.0
715193,0.0
715194,0.0
715195,0.0
715196,0.0
715197,0.0
715198,0.0
715199,0.0
715200,0.0
715201,0.0
715202,0.0
715203,0.0
715204,0.0
715205,0.0
715206,0.0
715207,0.0
715208,0.0
715209,0.0
715210,0.0
715211,0.0
715212,0.0
715213,0.0
715214,0.0
715215,0.0
715216,0.0
715217,0.0
715218,0.0
715219,0.0
715220,0.0
715221,0.0
715222,0.0
715223,0.0
715224,0.0
715225,0.0
715226,0.0
715227,0.0
715228,0.0
715229,0.0
715230,0.0
715231,0.0
715232,0.0
715233,0.0
715234,0.0
715235,0.0
715236,0.0
715237,0.0037939728
715238,0.0
715239,0.0
715240,0.0
715241,0.0
715242,0.0
715243,0.0
715244,0.0
715245,0.0
715246,0.0
715247,0.0
715248,0.0
715249,0.0
715250,0.0
715251,0.0
715252,0.0
715253,0.0
715254,0.0
715255,0.0
715256,0.0
715257,0.0
715258,0.0
715259,0.0
715260,0.0
715261,0.0
715262,0.0
715263,0.0
715264,0.0
715265,0.0
715266,0.0
715267,0.0
715268,0.0
715269,0.0
715270,0.0
715271,0.0
715272,0.0
715273,0.0
715274,0.0
715275,0.0
715276,0.0
715277,0.0
715278,0.0
715279,0.0
715280,0.0
715281,0.0
715282,0.0
715283,0.0
715284,0.0
715285,0.0
715286,0.0
715287,0.0
715288,0.0
715289,0.0
715290,0.0
715291,0.0
715292,0.0
715293,0.0
715294,0.0
715295,0.0
715296,0.0
715297,0.0
715298,0.0
715299,0.0
715300,0.0
715301,0.0
715302,0.0
715303,0.0
715304,0.0
715305,0.0
715306,0.0
715307,0.0
715308,0.0
715309,0.0
715310,0.0
715311,0.0
715312,0.0
715313,0.0
715314,0.0
715315,0.0
715316,0.0
715317,0.0
715318,0.0
715319,0.0
715320,0.0
715321,0.0
715322,0.0
715323,0.0
715324,0.0
715325,0.0
715326,0.0
715327,0.0
715328,0.0
715329,0.0
715330,0.0
715331,0.0
715332,0.0
715333,0.0
715334,0.0
715335,0.0
715336,0.0
715337,0.0
715338,0.0
715339,0.0
715340,0.0
715341,0.0
715342,0.0
715343,0.0
715344,0.0
715345,0.0
715346,0.0
715347,0.0
715348,0.0
715349,0.0
715350,0.0
715351,0.0
715352,0.0
715353,0.0
715354,0.0
715355,0.0
715356,0.0
715357,0.0
715358,0.0
715359,0.0
715360,0.0
715361,0.0
715362,0.0
715363,0.0
715364,0.0
715365,0.0
715366,0.0
715367,0.0
715368,0.0
715369,0.0
715370,0.0
715371,0.0
715372,0.0
715373,0.0
715374,0.0
715375,0.0
715376,0.0
715377,0.0
715378,0.0
715379,0.0
715380,0.0
715381,0.0
715382,0.0
715383,0.0
715384,0.0
715385,0.0
715386,0.0
715387,0.0
715388,0.0
715389,0.0
715390,0.0
715391,0.0
715392,0.0
715393,0.0
715394,0.0
715395,0.0
715396,0.0
715397,0.0
715398,0.0
715399,0.0
715400,0.0
715401,0.0
715402,0.0
715403,0.0
715404,0.0
715405,0.0
715406,0.0
715407,0.0
715408,0.0
715409,0.0
715410,0.0
715411,0.0
715412,0.0
715413,0.0
715414,0.0
715415,0.0
715416,0.0
715417,0.0
715418,0.0
715419,0.0
715420,0.0
715421,0.0
715422,0.0
715423,0.0
715424,0.0
715425,0.0
715426,0.0
715427,0.0
715428,0.0
715429,0.0
715430,0.0
715431,0.0
715432,0.0
715433,0.0
715434,0.0
715435,0.0
715436,0.0
715437,0.0
715438,0.0
715439,0.0
715440,0.0
715441,0.0
715442,0.0
715443,0.0
715444,0.0
715445,0.0
715446,0.0
715447,0.0
715448,0.0
715449,0.0
715450,0.0
715451,0.0
715452,0.0
715453,0.0
715454,0.0
715455,0.36242384
715456,0.0
715457,0.0
715458,0.0
715459,0.0
715460,0.0
715461,0.0
715462,0.0
715463,0.0
715464,0.0
715465,0.0
715466,0.0
715467,0.0
715468,0.0
715469,0.0
715470,0.0
715471,0.0
715472,1.013947e-31
715473,0.0
715474,0.0
715475,0.0
715476,0.0
715477,0.0
715478,0.0
715479,0.0
715480,0.0
715481,0.0
715482,0.0
715483,0.0
715484,0.0
715485,0.0
715486,0.0
715487,0.0
715488,0.0
715489,0.0
715490,0.0
715491,0.0
715492,0.0
715493,0.0
715494,0.0
715495,0.0
715496,0.0
715497,0.0
715498,0.0
715499,0.0
715500,0.0
715501,0.0
715502,0.0
715503,0.0
715504,0.0
715505,0.0
715506,0.0
715507,0.0
715508,0.0
715509,0.0
715510,0.0
715511,0.0
715512,0.0
715513,4.607986e-36
715514,0.0
715515,0.0
715516,0.0
715517,0.0
715518,0.0
715519,0.0
715520,0.0
715521,0.0
715522,0.0
715523,0.0
715524,0.0
715525,0.0
715526,0.0
715527,0.0
715528,0.0
715529,0.0
715530,0.0
715531,0.0
715532,0.0
715533,0.0
715534,0.0
715535,0.0
715536,0.0
715537,0.0
715538,0.0
715539,0.0
715540,0.0
715541,0.0
715542,0.0
715543,0.0
715544,0.0
715545,0.0
715546,0.0
715547,0.0
715548,0.0
715549,0.0
715550,0.0
715551,0.0
715552,0.0
715553,0.0
715554,0.0
715555,0.0
715556,0.0
715557,0.0
715558,0.0
715559,0.0
715560,0.0
715561,0.0
715562,0.0
715563,0.0
715564,0.0
715565,0.0
715566,0.36242384
715567,0.0
715568,0.0
715569,0.0
715570,0.0
715571,0.0
715572,0.0
715573,0.0
715574,0.0
715575,0.0
715576,0.0
715577,0.0
715578,0.0
715579,0.0
715580,0.0
715581,0.0
715582,0.0
715583,0.0
715584,0.0
715585,0.0
715586,0.0
715587,0.0
715588,0.0
715589,0.0
715590,0.0
715591,0.0
715592,0.0
715593,0.0
715594,0.0
715595,0.0
715596,0.0
715597,0.0
715598,0.0
715599,0.0
715600,0.0
715601,0.0
715602,0.0
715603,0.0
715604,0.0
715605,0.0
715606,0.0
715607,0.0
715608,0.0
715609,0.0
715610,0.0
715611,0.0
715612,0.0
715613,5.7145583e-34
715614,0.0
715615,0.0
715616,0.0
715617,0.0
715618,0.0
715619,0.0
715620,0.0
715621,0.0
715622,0.0
715623,0.0
715624,0.0
715625,0.0
715626,0.0
715627,0.0
715628,0.0
715629,0.0
715630,0.0
715631,0.0
715632,0.0
715633,5.1201113e-20
715634,0.0
715635,0.0
715636,0.0
715637,0.0
715638,0.0
715639,0.0
715640,0.0
715641,0.0
715642,0.0
715643,0.0
715644,0.0
715645,0.0
715646,0.0
715647,0.0
715648,0.0
715649,0.0
715650,0.0
715651,0.0
715652,0.0
715653,0.0
715654,0.0
715655,0.0
715656,0.0
715657,0.0
715658,0.0
715659,0.0
715660,0.0
715661,0.0
715662,0.0
715663,0.0
715664,0.0
715665,0.0
715666,0.0
715667,0.0
715668,0.0
715669,0.0
715670,0.0
715671,0.0
715672,0.0
715673,0.0
715674,0.0
715675,0.0
715676,0.0
715677,0.0
715678,0.0
715679,0.0
715680,0.0
715681,0.0
715682,0.0
715683,0.0
715684,0.0
715685,0.0
715686,0.0
715687,0.0
715688,0.0
715689,0.0
715690,0.0
715691,0.0
715692,0.0
715693,0.0
715694,0.0
715695,0.0
715696,0.0
715697,0.0
715698,0.0
715699,0.0
715700,0.0
715701,0.0
715702,0.0
715703,0.0
715704,0.0
715705,0.0
715706,1.5576841e-28
715707,0.0
715708,0.0
715709,0.0
715710,0.0
715711,0.0
715712,0.0
715713,0.0
715714,0.0
715715,0.0
715716,0.0
715717,0.0
715718,0.0
715719,0.0
715720,0.0
715721,0.0
715722,0.0
715723,0.0
715724,0.0
715725,0.0
715726,0.0
715727,0.0
715728,0.0
715729,0.0
715730,0.0
715731,0.0
715732,0.0
715733,0.0
715734,0.0
715735,0.0
715736,0.0
715737,0.0
715738,0.0
715739,0.0
715740,0.0
715741,0.0
715742,0.0
715743,0.0
715744,0.0
715745,0.0
715746,0.0
715747,0.0
715748,0.0
715749,0.0
715750,0.0
715751,0.0
715752,0.0
715753,0.0
715754,0.0
715755,0.0
715756,0.0
715757,0.0
715758,0.0
715759,0.0
715760,0.0
715761,0.0
715762,0.0
715763,0.0
715764,0.0
715765,0.0
715766,0.0
715767,0.0
715768,0.0
715769,0.0
715770,0.0
715771,0.0
715772,0.0
715773,0.0
715774,0.0
715775,0.0
715776,0.0
715777,0.0
715778,0.0
715779,0.0
715780,0.0
715781,0.0
715782,0.0
715783,0.0
715784,0.0
715785,0.0
715786,0.0
715787,0.0
715788,0.0
715789,0.0
715790,0.0
715791,0.0
715792,0.0
715793,0.0
715794,0.0
715795,0.0
715796,0.0
715797,0.0
715798,0.0
715799,0.0
715800,0.0
715801,0.0
715802,0.0
715803,0.0
715804,3.466408e-10
715805,0.0
715806,0.0
715807,0.0
715808,0.0
715809,0.0
715810,0.0
715811,0.0
715812,0.0
715813,0.0
715814,0.0
715815,0.0
715816,0.0
715817,0.0
715818,0.0
715819,0.0
715820,0.0
715821,0.0
715822,0.0
715823,0.0
715824,0.0
715825,0.0
715826,0.0
715827,0.0
715828,0.0
715829,0.0
715830,0.0
715831,0.0
715832,0.0
715833,0.0
715834,0.0
715835,0.0
715836,0.0
715837,0.0
715838,0.0
715839,0.0
715840,0.0
715841,0.0
715842,0.0
715843,0.0
715844,0.0
715845,0.0
715846,0.0
715847,0.0
715848,0.0
715849,0.0
715850,0.0
715851,0.0
715852,0.0
715853,0.0
715854,0.0
715855,0.0
715856,0.0
715857,0.0
715858,0.0
715859,0.0
715860,0.0
715861,0.0
715862,0.0
715863,0.0
715864,0.0
715865,0.0
715866,0.0
715867,0.0
715868,0.0
715869,0.0
715870,0.0
715871,0.0
715872,0.0
715873,0.0
715874,0.0
715875,0.0
715876,0.0
715877,0.0
715878,0.0
715879,0.0
715880,0.0
715881,0.0
715882,0.0
715883,0.0
715884,3.9632968e-28
715885,0.0
715886,0.0
715887,0.0
715888,0.0
715889,0.0
715890,0.0
715891,0.0
715892,0.0
715893,0.0
715894,0.0
715895,0.0
715896,0.0
715897,0.0
715898,0.0
715899,0.0
715900,0.0
715901,0.0
715902,0.0
715903,0.0
715904,0.0
715905,0.0
715906,0.0
715907,0.0
715908,0.0
715909,0.0
715910,0.0
715911,0.0
715912,0.0
715913,0.0
715914,0.0
715915,0.0
715916,0.0
715917,0.0
715918,0.0
715919,0.0
715920,0.0
715921,0.0
715922,0.0
715923,0.0
715924,0.0
715925,0.0
715926,0.0
715927,0.0
715928,0.0
715929,0.0
715930,0.0
715931,0.0
715932,0.0
715933,0.002678651
715934,0.0
715935,0.0
715936,0.0
715937,0.0
715938,0.0
715939,0.0
715940,0.0
715941,0.0
715942,0.0
715943,0.0
715944,0.0
715945,0.0
715946,0.0
715947,0.0
715948,0.0
715949,0.0
715950,0.0
715951,0.0
715952,0.0
715953,0.0
715954,0.0
715955,0.0
715956,0.0
715957,0.0
715958,0.0
715959,0.0
715960,0.0
715961,0.0
715962,0.0
715963,0.0
715964,0.0
715965,0.0
715966,0.0
715967,0.0
715968,0.0
715969,0.0
715970,0.0
715971,0.0
715972,0.0
715973,0.0
715974,0.0
715975,0.0
715976,0.0
715977,0.0
715978,0.0
715979,0.0
715980,0.0
715981,0.0
715982,0.0
715983,0.0
715984,0.0
715985,0.0
715986,0.0
715987,0.0
715988,0.0
715989,0.0
715990,0.0
715991,0.0
715992,0.0
715993,0.0
715994,0.0
715995,0.0
715996,0.0
715997,0.0
715998,0.0
715999,0.0
716000,0.0
716001,0.0
716002,1.7414627e-23
716003,0.0
716004,0.0
716005,0.0
716006,0.0
716007,0.0
716008,0.0
716009,0.0
716010,0.0
716011,0.0
716012,0.0
716013,0.0
716014,0.0
716015,4.438359e-36
716016,0.0
716017,0.0
716018,0.0
716019,0.0
716020,0.0
716021,0.0
716022,0.0
716023,0.0
716024,0.0
716025,0.0
716026,0.0
716027,0.0
716028,0.0
716029,0.0
716030,0.0
716031,0.0
716032,0.0
716033,0.0
716034,0.0
716035,0.0
716036,0.0
716037,0.0
716038,0.0
716039,0.0
716040,0.0
716041,0.0
716042,0.0
716043,0.0
716044,0.0
716045,0.0
716046,0.0
716047,0.0
716048,0.0
716049,0.0
716050,0.0
716051,0.0
716052,0.0
716053,0.0
716054,0.0
716055,0.0
716056,0.0
716057,0.0
716058,0.0
716059,0.0
716060,0.0
716061,0.0
716062,0.0
716063,0.0
716064,0.0
716065,0.0
716066,0.0
716067,0.0
716068,0.0
716069,0.0
716070,0.0
716071,0.0
716072,0.0
716073,0.0
716074,0.0
716075,0.0
716076,0.0
716077,0.0
716078,0.0
716079,0.0
716080,0.0
716081,0.0
716082,0.0
716083,0.0
716084,0.0
716085,0.0
716086,0.0
716087,0.0
716088,0.0
716089,0.0
716090,0.0
716091,0.0
716092,0.0
716093,0.0
716094,0.0
716095,0.0
716096,1.964039e-30
716097,0.0
716098,0.0
716099,0.0
716100,0.0
716101,0.0
716102,0.0
716103,0.0
716104,0.0
716105,0.0
716106,0.0
716107,0.0
716108,0.0
716109,0.0
716110,0.0
716111,0.0
716112,0.0
716113,0.0
716114,0.0
716115,0.0
716116,0.0
716117,0.0
716118,0.0
716119,0.0
716120,0.0
716121,0.0
716122,0.0
716123,0.0
716124,0.0
716125,0.0
716126,0.0
716127,0.0
716128,0.0
716129,0.0
716130,0.0
716131,0.0
716132,0.0
716133,0.0
716134,0.0
716135,0.0
716136,0.0
716137,0.0
716138,0.0
716139,0.0
716140,0.0
716141,0.0
716142,0.0
716143,0.0
716144,0.0
716145,0.0
716146,0.0
716147,0.0
716148,0.0
716149,0.0
716150,0.0
716151,0.0
716152,0.0
716153,0.0
716154,0.0
716155,0.0
716156,0.0
716157,0.0
716158,0.0
716159,0.0
716160,0.0
716161,0.0
716162,0.0
716163,0.0
716164,0.0
716165,0.0
716166,0.0
716167,0.0
716168,0.0
716169,0.0
716170,0.0
716171,0.0
716172,0.0
716173,0.0
716174,0.0
716175,0.0
716176,0.0
716177,0.0
716178,0.0
716179,0.0
716180,0.0
716181,0.0
716182,0.0
716183,0.0
716184,0.0
716185,0.0
716186,0.0
716187,0.0
716188,0.0
716189,0.0
716190,4.5004953e-32
716191,0.0
716192,0.0
716193,0.0
716194,0.0
716195,0.0
716196,0.0
716197,0.0
716198,0.0
716199,0.0
716200,0.0
716201,0.0
716202,0.0
716203,0.0
716204,0.0
716205,0.0
716206,0.0
716207,0.0
716208,0.0
716209,0.0
716210,0.0
716211,0.0
716212,0.0
716213,0.0
716214,0.0
716215,0.0
716216,0.0
716217,0.0
716218,0.0
716219,0.0
716220,0.0
716221,0.0
716222,0.0
716223,0.0
716224,0.0
716225,0.0
716226,0.0
716227,0.0
716228,0.0
716229,0.0
716230,0.0
716231,0.0
716232,0.0
716233,0.0
716234,0.0
716235,0.0
716236,0.0
716237,0.0
716238,0.0
716239,0.0
716240,0.0
716241,0.0
716242,1.08272e-05
716243,0.0
716244,0.0
716245,0.0
716246,0.0
716247,0.0
716248,0.0
716249,0.0
716250,0.0
716251,0.0
716252,0.0
716253,0.0
716254,0.0
716255,0.0
716256,0.0
716257,0.0
716258,0.0
716259,0.0
716260,0.0
716261,0.0
716262,0.0
716263,0.0
716264,0.0
716265,0.0
716266,0.0
716267,0.0
716268,0.0
716269,0.0
716270,0.0
716271,0.0
716272,0.0
716273,0.0
716274,0.0
716275,0.0
716276,0.0
716277,0.0
716278,0.0
716279,0.0
716280,0.0
716281,0.0
716282,0.0
716283,0.0
716284,0.0
716285,0.0
716286,0.0
716287,0.0
716288,0.0
716289,0.0
716290,0.0
716291,0.0
716292,0.0
716293,0.0
716294,0.0
716295,0.0
716296,0.0
716297,0.0
716298,0.0
716299,0.0
716300,0.0
716301,0.0
716302,0.0
716303,0.0
716304,0.0
716305,0.0
716306,0.0
716307,0.0
716308,0.0
716309,0.0
716310,0.0
716311,0.0
716312,0.0
716313,0.0
716314,0.0
716315,0.0
716316,0.0
716317,0.0
716318,0.0
716319,0.0
716320,0.0
716321,0.0
716322,0.0
716323,0.0
716324,0.0
716325,0.0
716326,0.0
716327,0.0
716328,0.0
716329,0.0
716330,0.0
716331,0.0
716332,0.0
716333,0.0
716334,0.0
716335,0.0
716336,0.0
716337,0.0
716338,0.0
716339,0.0
716340,0.0
716341,0.0
716342,0.0
716343,0.0
716344,0.0
716345,0.0
716346,0.0
716347,0.0
716348,0.0
716349,0.0
716350,0.0
716351,0.0
716352,0.0
716353,0.0
716354,0.0
716355,0.0
716356,0.0
716357,0.0
716358,0.0
716359,0.0
716360,0.0
716361,0.0
716362,0.0
716363,0.0
716364,0.0
716365,0.0
716366,0.0
716367,1.3538184e-11
716368,0.0
716369,0.0
716370,0.0
716371,0.0
716372,3.1684418e-23
716373,0.0
716374,0.0
716375,0.0
716376,0.0
716377,0.0
716378,0.0
716379,0.0
716380,0.0
716381,0.0
716382,0.0
716383,0.0
716384,0.0
716385,0.0
716386,0.0
716387,0.0
716388,0.0
716389,0.0
716390,0.0
716391,0.0
716392,0.0
716393,0.0
716394,0.0
716395,0.0
716396,0.0
716397,0.0
716398,0.0
716399,0.0
716400,0.0
716401,0.0
716402,0.0
716403,0.0
716404,0.0
716405,0.0
716406,0.0
716407,0.0
716408,0.0
716409,0.0
716410,0.0
716411,0.0
716412,0.0
716413,0.0
716414,0.0
716415,0.0
716416,0.0
716417,0.0
716418,0.0
716419,0.0
716420,0.0
716421,0.0
716422,0.0
716423,0.0
716424,0.0
716425,0.0
716426,0.0
716427,0.0
716428,0.0
716429,0.0
716430,0.0
716431,0.0
716432,0.0
716433,0.0
716434,0.0
716435,0.0
716436,0.0
716437,0.0
716438,0.0
716439,0.0
716440,0.0
716441,0.0
716442,0.0
716443,0.0
716444,0.0
716445,0.0
716446,0.0
716447,0.0
716448,0.0
716449,0.0
716450,0.0
716451,0.0
716452,0.0
716453,0.0
716454,0.0
716455,0.0
716456,0.0
716457,0.0
716458,0.0
716459,0.0
716460,0.0
716461,0.0
716462,0.0
716463,0.0
716464,0.0
716465,0.0
716466,0.0
716467,0.0
716468,0.0
716469,0.0
716470,0.0
716471,0.0
716472,0.0
716473,0.0
716474,0.0
716475,0.0
716476,0.0
716477,0.0
716478,0.0
716479,0.0
716480,0.0
716481,0.0
716482,0.0
716483,0.0
716484,0.0
716485,0.0
716486,0.0
716487,0.0
716488,0.0
716489,0.0
716490,0.0
716491,0.0
716492,0.0
716493,0.0
716494,0.0
716495,0.0
716496,0.0
716497,0.0
716498,0.0
716499,0.0
716500,0.0
716501,0.0
716502,0.0
716503,0.0
716504,0.0
716505,0.0
716506,0.0
716507,0.0
716508,0.0
716509,0.0
716510,0.0012536854
716511,0.0
716512,0.0
716513,0.0
716514,0.0
716515,0.0
716516,0.0
716517,0.0
716518,0.0
716519,0.0
716520,0.0
716521,0.0
716522,0.0
716523,0.0
716524,0.0
716525,0.0
716526,0.0
716527,0.0
716528,0.0
716529,0.0
716530,0.0
716531,0.0
716532,0.0
716533,0.0
716534,0.0
716535,0.0
716536,0.0
716537,0.0
716538,0.0
716539,0.0
716540,0.0
716541,0.0
716542,0.0
716543,0.0
716544,0.0
716545,0.0
716546,0.0
716547,0.0
716548,0.0
716549,0.0
716550,0.0
716551,0.0
716552,0.0
716553,0.0
716554,0.0
716555,0.0
716556,0.0
716557,0.0
716558,0.0
716559,0.0
716560,0.0
716561,0.0
716562,0.0
716563,0.0
716564,0.0
716565,0.0
716566,0.0
716567,0.0
716568,0.0
716569,0.028707067
716570,0.0
716571,0.0
716572,0.0
716573,0.0
716574,0.0
716575,0.0
716576,0.0
716577,0.0
716578,0.0
716579,0.0
716580,0.0
716581,0.0
716582,0.0
716583,0.0
716584,0.0
716585,0.0
716586,0.0
716587,0.0
716588,0.0
716589,0.0
716590,0.0
716591,0.0
716592,1.522558e-36
716593,0.0
716594,0.0
716595,0.0
716596,0.0
716597,0.0
716598,0.0
716599,0.0
716600,0.0
716601,0.0
716602,0.0
716603,0.0
716604,0.0
716605,0.0
716606,0.0
716607,0.0
716608,0.0
716609,0.0
716610,0.0
716611,0.0
716612,0.0
716613,0.0
716614,0.0
716615,0.0
716616,0.0
716617,0.0
716618,0.0
716619,0.0
716620,0.0
716621,0.0
716622,0.0
716623,0.0
716624,0.0
716625,0.0
716626,0.0
716627,0.0
716628,0.0
716629,0.0
716630,0.0
716631,0.0
716632,0.0
716633,0.0
716634,0.09334502
716635,0.0
716636,0.0
716637,0.0
716638,0.0
716639,0.0
716640,0.0
716641,0.0
716642,0.0
716643,0.0
716644,0.0
716645,0.0
716646,0.0
716647,0.0
716648,0.0
716649,0.0
716650,0.0
716651,0.0
716652,0.0
716653,0.0
716654,0.0
716655,0.0
716656,0.0
716657,0.0
716658,0.0
716659,0.0
716660,0.0
716661,0.0
716662,0.0
716663,0.0
716664,0.0
716665,0.0
716666,0.0
716667,0.0
716668,0.0
716669,0.0
716670,0.0
716671,0.0
716672,0.0
716673,0.0
716674,0.0
716675,0.0
716676,0.0
716677,0.0
716678,0.0
716679,0.0
716680,0.0
716681,0.0
716682,0.0
716683,0.0
716684,0.0
716685,0.0
716686,0.0
716687,0.0
716688,0.0
716689,0.0
716690,0.0
716691,0.0
716692,0.0
716693,0.0
716694,0.0
716695,0.0
716696,0.0
716697,0.0
716698,0.0
716699,0.0
716700,0.0
716701,0.0
716702,0.0
716703,0.0
716704,0.404947
716705,0.0
716706,0.0
716707,0.0
716708,0.0
716709,0.0
716710,0.0
716711,0.0
716712,0.0
716713,0.0
716714,0.0
716715,0.0
716716,0.0
716717,0.0
716718,0.0
716719,0.0
716720,0.0
716721,0.0
716722,0.0
716723,0.0
716724,0.0
716725,0.0
716726,0.0
716727,0.0
716728,0.0
716729,0.0
716730,0.0
716731,0.0
716732,0.0
716733,0.0
716734,0.0
716735,1.0945545e-11
716736,0.0
716737,0.0
716738,0.0
716739,0.0
716740,0.0
716741,0.0
716742,0.0
716743,0.0
716744,0.0
716745,0.0
716746,0.0
716747,0.0
716748,0.0
716749,0.0
716750,0.0
716751,0.0
716752,0.0
716753,0.0
716754,0.0
716755,0.0
716756,0.0
716757,0.0
716758,0.0
716759,0.0
716760,0.0
716761,0.0
716762,0.0
716763,0.0
716764,0.0
716765,0.0
716766,0.0
716767,0.0
716768,0.0
716769,0.0
716770,0.0
716771,0.0
716772,0.0
716773,0.0
716774,0.0
716775,0.0
716776,0.0
716777,0.0
716778,0.0
716779,0.0
716780,0.0
716781,0.0
716782,0.0
716783,0.0
716784,0.0
716785,0.0
716786,0.0
716787,0.0
716788,0.0
716789,0.0
716790,0.0
716791,0.0
716792,0.0
716793,0.0
716794,0.0
716795,0.0
716796,0.0
716797,0.0
716798,0.0
716799,0.0
716800,0.0
716801,0.0
716802,0.0
716803,0.0
716804,0.0
716805,0.0
716806,0.0
716807,0.0
716808,0.0
716809,0.0
716810,0.0
716811,0.0
716812,0.0
716813,0.0
716814,0.0
716815,0.0
716816,0.0
716817,0.0
716818,0.0
716819,0.0
716820,0.0
716821,0.0
716822,0.0
716823,0.0
716824,0.0
716825,0.0
716826,0.0
716827,0.0
716828,0.0
716829,0.0
716830,0.0
716831,0.0
716832,0.0
716833,0.0
716834,0.0
716835,0.0
716836,0.0
716837,0.0
716838,0.0
716839,0.0
716840,0.0
716841,0.0
716842,0.0
716843,0.0
716844,0.0
716845,0.0
716846,0.0
716847,0.0
716848,0.0
716849,0.0
716850,0.0
716851,0.0
716852,0.0
716853,0.0
716854,0.0
716855,0.0
716856,0.0
716857,0.0
716858,0.0
716859,0.0
716860,0.0
716861,0.0
716862,0.0
716863,0.0
716864,0.0
716865,0.0
716866,0.0
716867,0.0
716868,0.0
716869,0.0
716870,0.0
716871,0.0
716872,0.0
716873,0.0
716874,0.0
716875,0.0
716876,0.0
716877,0.0
716878,0.0
716879,0.0
716880,0.0
716881,0.0
716882,0.0
716883,0.0
716884,0.0
716885,0.0
716886,0.0
716887,0.0
716888,0.0
716889,0.0
716890,0.0
716891,0.0
716892,0.0
716893,0.0
716894,0.0
716895,0.0
716896,0.0
716897,0.0
716898,0.0
716899,0.0
716900,0.0
716901,0.0
716902,0.0
716903,0.0
716904,0.0
716905,0.0
716906,0.0
716907,0.0
716908,0.0
716909,0.0
716910,0.0
716911,0.0
716912,0.0
716913,0.0
716914,0.0
716915,0.0
716916,0.0
716917,0.0
716918,0.0
716919,0.0
716920,0.0
716921,0.0
716922,0.0
716923,0.0
716924,0.0
716925,0.0
716926,0.0
716927,0.0
716928,0.0
716929,0.0
716930,0.0
716931,0.0
716932,0.0
716933,0.0
716934,0.0
716935,0.0
716936,0.0
716937,0.0
716938,0.0
716939,0.0
716940,0.0
716941,0.0
716942,0.0
716943,0.0
716944,0.0
716945,0.0
716946,0.0
716947,0.0
716948,0.0
716949,0.0
716950,3.364278e-33
716951,0.0
716952,0.0
716953,0.0
716954,5.7172565e-36
716955,0.0
716956,0.0
716957,0.0
716958,0.0
716959,0.0
716960,0.0
716961,0.0
716962,0.0
716963,0.0
716964,0.0
716965,0.0
716966,0.0
716967,0.0
716968,0.0015850851
716969,0.0
716970,0.0
716971,0.0
716972,0.0
716973,0.0
716974,0.0
716975,0.0
716976,0.0
716977,0.0
716978,0.0
716979,0.0
716980,0.0
716981,0.0
716982,0.0
716983,0.0
716984,0.0
716985,0.0
716986,0.0
716987,0.0
716988,0.0
716989,0.0
716990,0.0
716991,0.0
716992,0.0
716993,0.0
716994,0.0
716995,0.0
716996,0.0
716997,0.0
716998,0.0
716999,0.0
717000,0.0
717001,0.0
717002,0.0
717003,0.0
717004,0.0
717005,0.0
717006,0.0
717007,0.0
717008,0.0
717009,0.0
717010,0.0
717011,0.0
717012,0.0
717013,0.0
717014,0.0
717015,0.0
717016,0.0
717017,0.0
717018,0.0
717019,0.0
717020,0.0
717021,0.0
717022,0.0
717023,0.0
717024,0.0
717025,0.0
717026,0.0
717027,0.0
717028,0.0
717029,0.0
717030,0.0
717031,0.0
717032,0.0
717033,0.0
717034,0.0
717035,0.0
717036,0.0
717037,0.29368684
717038,0.0
717039,0.0
717040,0.0
717041,0.0
717042,0.0
717043,0.0
717044,0.0
717045,0.0
717046,0.0
717047,0.0
717048,0.0
717049,0.0
717050,0.0
717051,0.0
717052,0.0
717053,0.0
717054,0.0
717055,0.0
717056,0.0
717057,0.0
717058,0.0
717059,0.0
717060,0.0
717061,0.0
717062,0.0
717063,0.0
717064,0.0
717065,0.0
717066,0.0
717067,0.0
717068,0.0
717069,0.0
717070,0.0
717071,0.0
717072,0.0
717073,0.0
717074,0.0
717075,0.0
717076,0.0
717077,0.0
717078,0.0
717079,0.0
717080,0.0
717081,0.0
717082,0.0
717083,0.0
717084,0.0
717085,0.0
717086,0.0
717087,0.0
717088,0.0
717089,0.0
717090,0.0
717091,0.0
717092,0.0
717093,0.0
717094,0.0
717095,0.0
717096,0.0
717097,0.0
717098,0.0
717099,0.0
717100,0.0
717101,0.0
717102,0.0
717103,0.0
717104,0.0
717105,0.0
717106,0.0
717107,0.0
717108,0.0
717109,0.0
717110,0.0
717111,0.0
717112,0.0
717113,0.0
717114,0.0
717115,0.0
717116,0.0
717117,0.0
717118,0.0
717119,0.0
717120,0.0
717121,0.0
717122,0.0
717123,0.0
717124,0.0
717125,0.0
717126,0.0
717127,0.0
717128,0.0
717129,0.0
717130,0.0
717131,0.0
717132,0.0
717133,0.0
717134,0.0
717135,0.0
717136,0.0
717137,0.0
717138,0.0
717139,0.0
717140,0.0
717141,0.0
717142,0.0
717143,0.0
717144,0.0
717145,0.0
717146,0.0
717147,0.0
717148,0.0
717149,0.0
717150,0.0
717151,0.0
717152,0.0
717153,0.0
717154,0.0
717155,0.0
717156,0.0
717157,3.4433272e-31
717158,0.0
717159,0.0
717160,0.0
717161,0.0
717162,0.0
717163,0.0
717164,0.0
717165,0.0
717166,0.0
717167,0.0
717168,0.0
717169,0.0
717170,0.0
717171,0.0
717172,0.0
717173,0.0
717174,0.0
717175,0.0
717176,0.0
717177,0.0
717178,0.0
717179,0.0
717180,0.0
717181,0.0
717182,0.0
717183,0.0
717184,0.0
717185,0.0
717186,0.0
717187,0.0
717188,0.0
717189,0.0
717190,0.0
717191,0.0
717192,0.0
717193,0.0
717194,0.0
717195,0.0
717196,0.0
717197,0.0
717198,0.0
717199,0.0
717200,0.0
717201,0.0
717202,0.0
717203,0.0
717204,0.0
717205,0.0
717206,0.0
717207,0.0
717208,0.0
717209,0.0
717210,0.0
717211,0.0
717212,0.0
717213,0.0
717214,0.0
717215,0.0
717216,0.0
717217,0.0
717218,0.0
717219,0.0
717220,0.0
717221,0.0
717222,0.0
717223,0.0
717224,0.0
717225,0.0
717226,0.0
717227,0.0
717228,0.0
717229,0.0
717230,0.0
717231,0.0
717232,0.0
717233,0.0
717234,0.0
717235,0.0
717236,0.0
717237,0.0
717238,0.0
717239,0.0
717240,0.0
717241,0.0
717242,0.0
717243,0.0
717244,0.0
717245,0.0
717246,0.0
717247,0.0
717248,0.0
717249,0.0
717250,0.0
717251,0.0
717252,0.0
717253,0.0
717254,0.0
717255,0.0
717256,0.0
717257,0.0
717258,0.0
717259,0.0
717260,0.0
717261,0.0
717262,0.0
717263,0.0
717264,0.0
717265,0.0
717266,0.0
717267,0.0
717268,0.0
717269,0.0
717270,0.0
717271,0.0
717272,0.0
717273,0.0
717274,0.0
717275,0.0
717276,0.0
717277,0.0
717278,0.0
717279,0.0
717280,0.0
717281,0.0
717282,0.0
717283,0.0
717284,0.0
717285,0.0
717286,0.0
717287,0.0
717288,0.0
717289,0.0
717290,0.0
717291,0.0
717292,0.0
717293,0.0
717294,0.0
717295,0.0
717296,0.0
717297,0.0
717298,0.0
717299,0.0
717300,0.0
717301,0.0
717302,0.0
717303,0.0
717304,0.0
717305,0.0
717306,0.0
717307,0.0
717308,0.0
717309,0.0
717310,0.0
717311,0.0
717312,0.0
717313,0.0
717314,0.0
717315,0.0
717316,0.0
717317,0.0
717318,0.0
717319,0.0
717320,0.0
717321,0.0
717322,0.0
717323,0.0
717324,0.0
717325,0.0
717326,0.0
717327,0.0
717328,0.0
717329,0.0
717330,0.0
717331,0.0
717332,0.0
717333,0.0
717334,0.0
717335,0.0
717336,0.0
717337,0.0
717338,0.0
717339,0.0
717340,0.0
717341,0.0
717342,0.0
717343,0.0
717344,0.0
717345,0.0
717346,0.0
717347,0.0
717348,0.0
717349,0.0
717350,0.0
717351,0.0
717352,0.0
717353,0.0
717354,0.0
717355,0.0
717356,0.0
717357,0.0
717358,0.0
717359,0.0
717360,0.0
717361,0.0
717362,0.0
717363,0.0
717364,0.0
717365,0.0
717366,0.0
717367,0.0
717368,0.0
717369,0.0
717370,0.0
717371,0.0
717372,0.0
717373,0.0
717374,0.0
717375,0.0
717376,0.0
717377,0.0
717378,0.0
717379,0.0
717380,0.0
717381,0.0
717382,0.0
717383,0.0
717384,0.0
717385,0.0
717386,0.0
717387,0.0
717388,0.0
717389,0.0
717390,0.0
717391,0.0
717392,0.0
717393,0.0
717394,0.0
717395,0.0
717396,0.0
717397,0.0
717398,0.0
717399,0.0
717400,0.0
717401,0.0
717402,0.0
717403,0.0
717404,0.0
717405,0.0
717406,0.0
717407,0.0
717408,0.0
717409,0.0
717410,0.0
717411,0.0
717412,0.0
717413,0.0
717414,0.0
717415,0.0
717416,0.0
717417,0.0
717418,0.0
717419,0.0
717420,0.0
717421,0.0
717422,0.0
717423,0.0
717424,0.0
717425,0.0
717426,0.0
717427,0.0
717428,0.0
717429,0.0
717430,0.0
717431,0.0
717432,0.0
717433,0.0
717434,0.0
717435,0.0
717436,0.0
717437,0.0
717438,0.0
717439,0.0
717440,0.0
717441,0.0
717442,0.0
717443,0.0
717444,0.0
717445,0.0
717446,0.0
717447,0.0
717448,0.0
717449,0.0
717450,0.0
717451,0.0
717452,0.0
717453,0.0
717454,0.0
717455,0.0
717456,0.0
717457,0.0
717458,0.0
717459,0.0
717460,0.0
717461,0.0
717462,0.0
717463,0.0
717464,0.0
717465,0.0
717466,0.0
717467,0.0
717468,0.0
717469,0.0
717470,0.0
717471,0.0
717472,0.0
717473,0.0
717474,0.0
717475,0.0
717476,0.0
717477,0.0
717478,0.0
717479,0.0
717480,0.0
717481,0.0
717482,0.0
717483,0.0
717484,0.0
717485,0.0
717486,0.0
717487,0.0
717488,0.0
717489,0.0
717490,0.0
717491,0.0
717492,0.0
717493,0.0
717494,0.0
717495,0.0
717496,0.0
717497,0.0
717498,0.0
717499,0.0
717500,0.0
717501,0.0
717502,0.0
717503,0.0
717504,0.0
717505,0.0
717506,0.0
717507,0.0
717508,0.0
717509,0.0
717510,0.0
717511,0.0
717512,0.0
717513,0.0
717514,0.0
717515,0.0
717516,0.0
717517,0.0
717518,0.0
717519,0.0
717520,0.0
717521,0.0
717522,0.0
717523,0.0
717524,0.0
717525,0.0
717526,0.0
717527,0.0
717528,0.0
717529,0.0
717530,0.0
717531,0.0
717532,0.0
717533,0.0
717534,0.0
717535,0.0
717536,0.0
717537,0.0
717538,0.0
717539,0.0
717540,0.0
717541,0.0
717542,0.0
717543,0.0
717544,0.0
717545,0.0
717546,0.0
717547,0.0
717548,0.0
717549,0.0
717550,0.0
717551,0.0
717552,0.0
717553,0.0
717554,0.0
717555,0.0
717556,0.0
717557,0.0
717558,0.0
717559,0.0
717560,0.0
717561,1.6609047e-15
717562,0.0
717563,0.0
717564,0.0
717565,0.0
717566,0.0
717567,0.0
717568,0.0
717569,0.0
717570,0.0
717571,0.0
717572,0.0
717573,0.0
717574,0.0
717575,0.0
717576,0.0
717577,0.0
717578,0.0
717579,0.0
717580,0.0
717581,0.0
717582,0.0
717583,0.0
717584,0.0
717585,6.2348145e-26
717586,0.0
717587,0.0
717588,0.0
717589,0.0
717590,0.0
717591,0.0
717592,0.0
717593,0.0
717594,0.0
717595,0.0
717596,0.0
717597,0.0
717598,0.0
717599,0.0
717600,0.0
717601,0.0
717602,0.0
717603,0.0
717604,0.0
717605,0.0
717606,0.0
717607,0.0
717608,0.0
717609,0.0
717610,0.0
717611,0.0
717612,0.0
717613,0.0
717614,0.0
717615,0.0
717616,0.0
717617,0.0
717618,0.0
717619,0.0
717620,0.0
717621,0.0
717622,0.0
717623,0.0
717624,0.0
717625,0.0
717626,0.0
717627,0.0
717628,0.0
717629,0.0
717630,0.0
717631,0.0
717632,0.0
717633,0.0
717634,0.0
717635,0.0
717636,0.0
717637,0.0
717638,0.0
717639,0.0
717640,0.0
717641,0.0
717642,0.0
717643,0.0
717644,0.0
717645,0.0
717646,0.0
717647,0.0
717648,0.0
717649,0.0
717650,0.0
717651,0.0
717652,0.0
717653,0.0
717654,0.0
717655,0.0
717656,0.0
717657,0.0
717658,0.0
717659,0.0
717660,0.0
717661,0.0
717662,0.0
717663,0.0
717664,0.0
717665,0.0
717666,0.0
717667,0.0
717668,0.0
717669,0.0
717670,0.0
717671,0.0
717672,0.0
717673,0.0
717674,0.0
717675,0.0
717676,0.0
717677,0.0
717678,0.0
717679,0.0
717680,0.0
717681,0.0
717682,0.0
717683,0.0
717684,0.0
717685,0.0
717686,0.0
717687,0.0
717688,0.0
717689,0.0
717690,0.0
717691,0.0
717692,0.0
717693,0.0
717694,0.0
717695,0.0
717696,0.0
717697,0.0
717698,0.0
717699,0.0
717700,0.0
717701,0.0
717702,0.0
717703,0.0
717704,6.060958e-31
717705,0.0
717706,0.0
717707,0.0
717708,0.0
717709,0.0
717710,0.0
717711,0.0
717712,0.0
717713,0.0
717714,0.0
717715,0.0
717716,0.0
717717,0.0
717718,0.0
717719,0.0
717720,0.0
717721,3.1791678e-06
717722,0.0
717723,0.0
717724,0.0
717725,0.0
717726,1.5423494e-07
717727,0.0
717728,0.0
717729,0.0
717730,0.0
717731,0.0
717732,0.0
717733,0.0
717734,0.0
717735,0.0
717736,0.0
717737,0.0
717738,0.0
717739,0.0
717740,0.0
717741,0.0
717742,0.0
717743,0.0
717744,0.0
717745,5.250774e-36
717746,0.0
717747,0.0
717748,0.0
717749,0.0
717750,0.0
717751,0.0
717752,1.07401256e-07
717753,0.0
717754,0.0
717755,0.0
717756,0.0
717757,0.0
717758,0.0
717759,0.0
717760,0.0
717761,0.0
717762,0.0
717763,0.0
717764,0.0
717765,0.0
717766,0.0
717767,0.0
717768,0.0
717769,0.0
717770,0.0
717771,0.0
717772,0.0
717773,0.0
717774,0.0
717775,0.0
717776,0.0
717777,0.0
717778,0.0
717779,0.0
717780,0.0
717781,0.0
717782,0.0
717783,0.0
717784,0.0
717785,0.0
717786,0.0
717787,0.0
717788,0.0
717789,0.0
717790,0.0
717791,0.0
717792,0.0
717793,0.0
717794,0.0
717795,0.0
717796,0.0
717797,0.0
717798,0.0
717799,0.0
717800,0.0
717801,0.0
717802,0.0
717803,0.0
717804,0.0
717805,0.0
717806,0.0
717807,0.0
717808,0.0
717809,0.0
717810,0.0
717811,0.0
717812,0.0
717813,0.0
717814,0.0
717815,0.0
717816,0.0
717817,0.0
717818,0.0
717819,0.0
717820,0.0
717821,0.0
717822,0.0
717823,0.0
717824,0.0
717825,0.0
717826,0.0
717827,0.0
717828,3.7122452e-32
717829,0.0
717830,0.0
717831,0.0
717832,0.0
717833,0.0
717834,0.0
717835,0.0
717836,0.0
717837,0.0
717838,0.0
717839,0.0
717840,0.0
717841,0.0
717842,0.0
717843,0.0
717844,0.0
717845,0.0
717846,0.0
717847,0.0
717848,0.0
717849,0.0
717850,0.0
717851,0.0
717852,0.0
717853,0.0
717854,0.0
717855,0.0
717856,0.0
717857,0.0
717858,0.0
717859,0.0
717860,0.0
717861,0.0
717862,0.0
717863,0.0
717864,0.0
717865,0.0
717866,0.0
717867,0.0
717868,0.0
717869,0.0
717870,0.0
717871,0.0
717872,0.0
717873,0.0
717874,0.0
717875,0.0
717876,0.0
717877,0.0
717878,0.0
717879,0.0
717880,0.0
717881,0.0
717882,0.0
717883,0.0
717884,0.0
717885,0.0
717886,0.0
717887,0.0
717888,0.0
717889,0.0
717890,0.0
717891,0.0
717892,0.0
717893,0.0
717894,0.0
717895,0.0
717896,0.0
717897,0.0
717898,0.0
717899,0.0
717900,0.0
717901,0.0
717902,0.0
717903,0.0
717904,0.0
717905,0.0
717906,0.0
717907,0.0
717908,0.0
717909,0.0
717910,0.0
717911,2.7054362e-13
717912,9.280953e-34
717913,0.0
717914,0.0
717915,0.0
717916,0.0
717917,1.1238122e-21
717918,0.0
717919,0.0
717920,0.0
717921,0.0
717922,0.0
717923,0.0
717924,0.0
717925,0.0
717926,0.0
717927,0.0
717928,0.0
717929,0.0
717930,0.0
717931,0.0
717932,2.5536376e-23
717933,0.0
717934,0.0
717935,0.0
717936,0.0
717937,0.0
717938,0.0
717939,0.0
717940,0.0
717941,0.0
717942,0.0
717943,0.0
717944,0.0
717945,0.0
717946,0.0
717947,0.0
717948,0.0
717949,0.0
717950,0.0
717951,0.0
717952,0.0
717953,0.0
717954,0.0
717955,0.0
717956,0.0
717957,0.0
717958,0.0
717959,0.0
717960,0.0
717961,0.0
717962,0.0
717963,0.0
717964,0.0
717965,0.0
717966,0.0
717967,0.0
717968,0.0
717969,0.0
717970,0.0
717971,0.0
717972,0.0
717973,0.0
717974,0.0
717975,0.0
717976,0.0
717977,0.0
717978,0.0
717979,0.0
717980,0.0
717981,0.0
717982,0.0
717983,0.0
717984,0.99474794
717985,0.0
717986,0.0
717987,0.0
717988,0.0
717989,0.0
717990,0.0
717991,0.0
717992,0.0
717993,0.0
717994,0.0
717995,0.0
717996,0.0
717997,0.0
717998,0.0
717999,0.0
718000,0.0
718001,0.0
718002,0.0
718003,0.0
718004,0.0
718005,0.0
718006,0.0
718007,0.0
718008,0.0
718009,0.0
718010,0.0
718011,0.0
718012,0.0
718013,0.0
718014,0.0
718015,0.0
718016,0.0
718017,0.0
718018,0.0
718019,0.0
718020,0.0
718021,0.0
718022,0.0
718023,0.0
718024,0.0
718025,0.0
718026,0.0
718027,0.0
718028,0.0
718029,0.0
718030,0.0
718031,0.0
718032,0.0
718033,0.0
718034,0.0
718035,2.3277347e-09
718036,0.0
718037,0.0
718038,0.0
718039,0.0
718040,0.0
718041,0.0
718042,0.0
718043,0.0
718044,0.0
718045,0.0
718046,0.0
718047,0.0
718048,0.0
718049,0.0
718050,0.0
718051,0.0
718052,0.0
718053,0.0
718054,0.0
718055,0.0
718056,0.0
718057,0.0
718058,0.0
718059,0.0
718060,0.0
718061,0.0
718062,0.0
718063,0.0
718064,0.0
718065,0.0
718066,0.0
718067,0.0
718068,0.0
718069,0.0
718070,0.0
718071,0.0
718072,0.0
718073,0.0
718074,0.0
718075,0.0
718076,0.0
718077,0.0
718078,0.0
718079,0.0
718080,0.0
718081,0.0
718082,0.0
718083,0.0
718084,0.0
718085,0.0
718086,0.0
718087,0.0
718088,0.0
718089,0.0
718090,0.0
718091,0.0
718092,0.0
718093,0.0
718094,0.0
718095,0.0
718096,0.0
718097,0.0
718098,0.0
718099,0.0
718100,0.0
718101,0.0
718102,0.0
718103,0.0
718104,0.0
718105,0.0
718106,0.0
718107,0.0
718108,0.0
718109,0.0
718110,0.0
718111,0.0
718112,0.0
718113,0.0
718114,0.0
718115,0.0
718116,0.0
718117,0.0
718118,0.0
718119,0.0
718120,0.0
718121,0.0
718122,0.0
718123,0.0
718124,0.0
718125,0.0
718126,0.0
718127,0.0
718128,0.0
718129,0.0
718130,0.0
718131,0.0
718132,0.0
718133,0.0
718134,0.0
718135,0.0
718136,0.0
718137,0.0
718138,0.0
718139,0.0
718140,0.0
718141,0.0
718142,0.0
718143,0.0
718144,0.0
718145,0.0
718146,0.0
718147,0.0
718148,0.0
718149,0.0
718150,0.0
718151,0.0
718152,0.0
718153,0.0
718154,0.0
718155,0.0
718156,0.0
718157,0.0
718158,0.0
718159,0.0
718160,0.0
718161,0.0
718162,0.0
718163,0.0
718164,0.0
718165,0.0
718166,0.0
718167,0.0
718168,0.0
718169,0.0
718170,0.0
718171,0.0
718172,0.0
718173,0.0
718174,0.0
718175,0.0
718176,0.0
718177,0.0
718178,0.0
718179,0.0
718180,0.0
718181,0.0
718182,0.0
718183,0.0
718184,0.0
718185,0.0
718186,0.0
718187,0.0
718188,0.0
718189,0.0
718190,0.0
718191,0.0
718192,0.0
718193,0.0
718194,0.0
718195,0.0
718196,0.0
718197,0.0
718198,0.0
718199,0.0
718200,0.0
718201,0.0
718202,0.0
718203,0.0
718204,0.0
718205,0.0
718206,0.0
718207,0.0
718208,0.0
718209,0.0
718210,0.0
718211,0.0
718212,0.0
718213,0.0
718214,0.0
718215,0.0
718216,0.0
718217,0.0
718218,0.0
718219,0.0
718220,0.0
718221,0.0
718222,0.0
718223,0.0
718224,0.0
718225,0.0
718226,0.0
718227,0.0
718228,0.0
718229,0.0
718230,0.0
718231,0.0
718232,0.0
718233,0.0
718234,0.0
718235,0.0
718236,0.0
718237,0.0
718238,0.0
718239,0.0
718240,0.0
718241,0.0
718242,0.0
718243,0.0
718244,0.0
718245,0.0
718246,0.0
718247,0.0
718248,0.0
718249,0.0
718250,0.0
718251,0.0
718252,0.0
718253,0.0
718254,0.0
718255,0.0
718256,0.0
718257,0.0
718258,0.0
718259,0.0
718260,0.0
718261,0.0
718262,0.0
718263,0.0
718264,0.0
718265,0.0
718266,0.0
718267,0.0
718268,0.0
718269,0.0
718270,0.0
718271,0.0
718272,0.0
718273,0.0
718274,0.0
718275,0.0
718276,0.0
718277,0.0
718278,0.0
718279,0.0
718280,0.0
718281,0.0
718282,0.0
718283,0.0
718284,0.0
718285,0.0
718286,0.0
718287,0.0
718288,0.0
718289,0.0
718290,0.0
718291,0.0
718292,0.0
718293,0.0
718294,0.0
718295,0.0
718296,0.0
718297,0.0
718298,0.0
718299,0.0
718300,0.0
718301,0.0
718302,0.0
718303,0.0
718304,0.0
718305,0.0
718306,0.0
718307,0.0
718308,0.0
718309,0.0
718310,0.0
718311,0.0
718312,0.0
718313,1.2910559e-27
718314,0.0
718315,0.0
718316,0.0
718317,0.0
718318,0.0
718319,0.0
718320,0.0
718321,0.0
718322,0.0
718323,0.0
718324,0.0
718325,0.0
718326,0.0
718327,0.0
718328,0.0
718329,0.0
718330,0.0
718331,0.0
718332,0.0
718333,0.0
718334,0.0
718335,0.0
718336,0.0
718337,0.0
718338,0.0
718339,0.0
718340,0.0
718341,0.0
718342,0.0
718343,0.0
718344,0.0
718345,0.0
718346,0.0
718347,0.0
718348,0.0
718349,0.0
718350,0.0
718351,0.0
718352,0.0
718353,0.0
718354,0.0
718355,0.0
718356,0.0
718357,0.0
718358,0.0
718359,0.0
718360,0.0
718361,0.0
718362,0.0
718363,0.0
718364,0.0
718365,0.0
718366,0.0
718367,4.2836463e-09
718368,0.0
718369,0.0
718370,0.0
718371,0.0
718372,0.0
718373,0.0
718374,0.0
718375,0.0
718376,0.0
718377,0.0
718378,0.0
718379,0.0
718380,0.0
718381,0.0
718382,0.0
718383,0.0
718384,0.0
718385,0.0
718386,0.0
718387,0.0
718388,0.0
718389,0.0
718390,0.0
718391,0.0
718392,0.0
718393,0.0
718394,0.0
718395,0.0
718396,0.0
718397,0.0
718398,0.0
718399,0.0
718400,0.0
718401,0.0
718402,0.0
718403,0.0
718404,0.0
718405,0.0
718406,0.0
718407,0.0
718408,8.253194e-05
718409,0.0
718410,0.0
718411,0.0
718412,0.0
718413,0.0
718414,0.0
718415,0.0
718416,0.0
718417,0.0
718418,0.0
718419,0.0
718420,0.0
718421,0.0
718422,0.0
718423,0.0
718424,0.0
718425,0.0
718426,0.0
718427,0.0
718428,0.0
718429,0.0
718430,0.0
718431,0.0
718432,0.0
718433,0.0
718434,0.0
718435,0.0
718436,0.0
718437,0.0
718438,0.0
718439,0.0
718440,0.0
718441,0.0
718442,0.0
718443,0.0
718444,0.0
718445,0.0
718446,0.0
718447,0.0
718448,0.0
718449,0.0
718450,0.0
718451,0.0
718452,0.0
718453,0.0
718454,0.0
718455,0.0
718456,0.0
718457,0.0
718458,0.0
718459,0.0
718460,0.0
718461,0.0
718462,0.0
718463,0.0
718464,0.0
718465,0.0
718466,0.0
718467,0.0
718468,0.0
718469,0.0
718470,0.0
718471,0.0
718472,0.0
718473,0.0
718474,0.0
718475,0.0
718476,0.0
718477,0.0
718478,0.0
718479,0.0
718480,0.0
718481,0.0
718482,0.0
718483,0.0
718484,0.0
718485,0.0
718486,0.0
718487,0.0
718488,0.0
718489,0.0003073323
718490,0.0
718491,0.0
718492,0.0
718493,0.0
718494,0.0
718495,0.0
718496,0.0
718497,0.0
718498,0.0
718499,0.0
718500,0.0
718501,0.0
718502,0.0
718503,0.0
718504,0.0
718505,0.0
718506,0.0
718507,0.0
718508,0.0
718509,0.0
718510,0.0
718511,0.0
718512,0.0
718513,0.0
718514,0.0
718515,0.0
718516,0.0
718517,0.0
718518,0.0
718519,0.0
718520,0.0
718521,0.0
718522,0.0
718523,0.0
718524,0.0
718525,0.0
718526,0.0
718527,0.0
718528,0.0
718529,0.0
718530,0.0
718531,0.0
718532,0.0
718533,0.0
718534,0.0
718535,0.0
718536,0.0
718537,2.7559268e-34
718538,0.0
718539,0.0
718540,0.0
718541,0.0
718542,0.0
718543,0.0
718544,0.0
718545,0.0
718546,0.0
718547,0.0
718548,0.0
718549,0.0
718550,0.0
718551,0.0
718552,0.0
718553,0.0
718554,0.0
718555,0.0
718556,0.0
718557,0.0
718558,0.0
718559,0.0
718560,0.0
718561,3.838736e-36
718562,0.0
718563,0.0
718564,0.0
718565,0.0
718566,0.0
718567,0.0
718568,0.0
718569,0.0
718570,0.0
718571,0.0
718572,0.0
718573,0.0
718574,0.0
718575,0.0
718576,0.0
718577,0.0
718578,0.0
718579,0.0
718580,0.0
718581,0.0
718582,0.0
718583,0.0
718584,0.0
718585,0.0
718586,0.0
718587,0.0
718588,0.0
718589,0.0
718590,0.0
718591,0.0
718592,0.0
718593,0.0
718594,0.0
718595,0.0
718596,0.0
718597,4.438572e-13
718598,0.0
718599,0.0
718600,0.0
718601,0.0
718602,0.0
718603,0.0
718604,0.0
718605,0.0
718606,0.0
718607,0.0
718608,0.0
718609,0.0
718610,0.0
718611,0.0
718612,0.0
718613,0.0
718614,0.0
718615,0.0
718616,0.0
718617,0.0
718618,0.0
718619,0.0
718620,0.0
718621,0.0
718622,0.0
718623,0.0
718624,0.0
718625,0.0
718626,0.0
718627,0.0
718628,0.0
718629,0.0
718630,0.0
718631,1.4699441e-28
718632,0.0
718633,0.0
718634,0.0
718635,0.0
718636,0.0
718637,0.0
718638,0.0
718639,0.0
718640,0.0
718641,0.0
718642,0.0
718643,0.0
718644,0.0
718645,0.0
718646,0.0
718647,0.0
718648,0.0
718649,0.0
718650,0.0
718651,0.0
718652,0.0
718653,0.0
718654,0.0
718655,0.0
718656,0.0
718657,0.0
718658,0.0
718659,0.0
718660,0.0
718661,0.0
718662,0.0
718663,0.0
718664,0.0
718665,0.0
718666,0.0
718667,0.0
718668,0.0
718669,0.0
718670,0.0
718671,0.0
718672,0.0
718673,0.0
718674,0.0
718675,0.0
718676,0.0
718677,0.0
718678,0.0
718679,0.0
718680,0.0
718681,0.0
718682,0.0
718683,0.0
718684,0.0
718685,0.0
718686,0.0
718687,0.0
718688,0.0
718689,0.0
718690,0.0
718691,0.0
718692,0.0
718693,0.0
718694,0.0
718695,0.0
718696,0.0
718697,0.0
718698,0.0
718699,0.0
718700,0.0
718701,0.0
718702,0.0
718703,0.0
718704,0.0
718705,0.0
718706,0.0
718707,0.0
718708,0.0
718709,0.0
718710,0.0
718711,0.0
718712,0.0
718713,0.0
718714,0.0
718715,0.0
718716,0.0
718717,0.0
718718,0.0
718719,0.0
718720,0.0
718721,0.0
718722,0.0
718723,0.0
718724,0.0
718725,0.0
718726,0.0
718727,0.0
718728,0.0
718729,0.0
718730,0.0
718731,0.0
718732,0.0
718733,0.0
718734,0.0
718735,0.0
718736,0.0
718737,0.0
718738,0.0
718739,0.0
718740,0.0
718741,0.0
718742,0.0
718743,0.0
718744,0.0
718745,0.0
718746,0.0
718747,0.0
718748,0.0
718749,0.0
718750,0.0
718751,0.0
718752,0.0
718753,0.0
718754,0.0
718755,0.0
718756,0.0
718757,0.0
718758,0.0
718759,0.0
718760,0.0
718761,0.0
718762,0.0
718763,0.0
718764,0.0
718765,0.0
718766,0.0
718767,0.0
718768,0.0
718769,0.0
718770,0.0
718771,0.0
718772,0.0
718773,0.0
718774,0.0
718775,0.0
718776,0.0
718777,0.0
718778,0.0
718779,0.0
718780,0.0
718781,0.0
718782,0.0
718783,0.0
718784,0.0
718785,0.0
718786,0.0
718787,0.0
718788,0.0
718789,0.0
718790,0.0
718791,0.0
718792,0.0
718793,0.0
718794,0.0
718795,0.0
718796,0.0
718797,0.0
718798,0.0
718799,0.0
718800,0.0
718801,0.0
718802,0.0
718803,0.0
718804,0.0
718805,0.0
718806,0.0
718807,0.0
718808,0.0
718809,0.0
718810,0.0
718811,0.0
718812,0.0
718813,0.0
718814,0.0
718815,0.0
718816,0.0
718817,0.0
718818,0.0
718819,0.0
718820,0.0
718821,0.0
718822,0.0
718823,0.0
718824,0.0
718825,0.0
718826,0.0
718827,0.0
718828,0.0
718829,0.0
718830,0.0
718831,0.0
718832,0.0
718833,0.0
718834,3.6756044e-34
718835,0.0
718836,0.0
718837,0.0
718838,0.0
718839,0.0
718840,0.0
718841,0.0
718842,0.0
718843,0.0
718844,0.0
718845,0.0
718846,0.0
718847,0.0
718848,0.0
718849,0.0
718850,0.0
718851,0.0
718852,0.0
718853,0.0
718854,0.0
718855,0.0
718856,0.0
718857,0.0
718858,0.0
718859,0.0
718860,0.0
718861,0.0
718862,0.0
718863,0.0
718864,0.0
718865,0.0
718866,0.0
718867,0.0
718868,0.0
718869,0.0
718870,0.0
718871,0.0
718872,0.0
718873,0.0
718874,0.0
718875,0.0
718876,0.0
718877,0.0
718878,0.0
718879,0.0
718880,0.0
718881,0.0
718882,0.0
718883,0.0
718884,0.0
718885,0.0
718886,0.0
718887,0.0
718888,0.0
718889,0.0
718890,0.0
718891,0.0
718892,0.0
718893,0.0
718894,0.0
718895,0.0
718896,0.0
718897,0.0
718898,0.0
718899,0.0
718900,0.0
718901,0.0
718902,0.0
718903,0.0
718904,0.0
718905,0.0
718906,0.0
718907,0.0
718908,0.0
718909,0.0
718910,0.0
718911,0.0
718912,0.0
718913,0.0
718914,0.0
718915,0.0
718916,0.0
718917,0.0
718918,0.0
718919,0.0
718920,0.0
718921,0.0
718922,0.0
718923,0.0
718924,0.0
718925,0.0
718926,0.0
718927,0.0
718928,0.0
718929,0.0
718930,0.0
718931,0.0
718932,0.0
718933,0.0
718934,0.0
718935,0.0
718936,0.0
718937,0.0
718938,0.0
718939,4.066015e-24
718940,0.0
718941,0.0
718942,0.0
718943,0.0
718944,0.0
718945,0.0
718946,0.0
718947,0.0
718948,0.0
718949,0.0
718950,0.0
718951,0.0
718952,0.036003787
718953,0.0
718954,0.0
718955,0.0
718956,0.0
718957,0.0
718958,0.0
718959,0.0
718960,0.0
718961,0.0
718962,0.0
718963,0.0
718964,0.0
718965,0.0
718966,0.0
718967,0.0
718968,0.0
718969,0.0
718970,0.0
718971,0.0
718972,0.0
718973,0.0
718974,0.0
718975,0.0
718976,0.0
718977,0.0
718978,0.0
718979,0.0
718980,0.0
718981,0.0
718982,0.0
718983,0.0
718984,0.0
718985,0.0
718986,0.0
718987,0.0
718988,0.0
718989,0.0
718990,0.0
718991,0.0
718992,0.0
718993,0.0
718994,0.0
718995,0.0
718996,0.0
718997,0.0
718998,0.0
718999,0.0
719000,0.0
719001,0.0
719002,0.0
719003,0.0
719004,0.0
719005,0.0
719006,0.0
719007,0.0
719008,0.0
719009,0.0
719010,0.0
719011,0.0
719012,0.0
719013,0.0
719014,0.0
719015,0.0
719016,0.0
719017,0.0
719018,0.0
719019,0.0
719020,0.0
719021,0.0
719022,0.0
719023,0.0
719024,0.0
719025,0.0
719026,0.0
719027,0.0
719028,0.0
719029,0.0
719030,0.0
719031,0.0
719032,0.0
719033,0.0
719034,0.0
719035,0.0
719036,0.0
719037,0.0
719038,0.0
719039,0.0
719040,0.0
719041,0.0
719042,0.0
719043,0.0
719044,0.0
719045,0.0
719046,0.0
719047,0.0
719048,0.0
719049,0.0
719050,0.0
719051,0.0
719052,0.0
719053,0.0
719054,0.0
719055,0.0
719056,0.0
719057,0.0
719058,0.0
719059,0.0
719060,0.0
719061,0.0
719062,0.0
719063,0.0
719064,0.0
719065,0.0
719066,0.0
719067,0.0
719068,0.0
719069,0.0
719070,0.0
719071,0.0
719072,0.0
719073,0.0
719074,0.0
719075,0.0
719076,0.0
719077,0.0
719078,0.0
719079,0.0
719080,0.0
719081,0.0
719082,0.0
719083,0.0
719084,0.0
719085,0.0
719086,0.0
719087,0.0
719088,0.0
719089,0.0
719090,0.0
719091,0.0
719092,0.0
719093,0.0
719094,0.0
719095,0.0
719096,0.0
719097,0.0
719098,0.0
719099,0.0
719100,0.0
719101,0.0
719102,0.0
719103,0.0
719104,0.0
719105,0.0
719106,0.0
719107,0.0
719108,0.0
719109,0.0
719110,0.0
719111,0.0
719112,0.0
719113,0.0
719114,0.0
719115,0.0
719116,0.0
719117,0.0
719118,0.0
719119,0.0
719120,0.0
719121,0.0
719122,0.0
719123,0.0
719124,0.0
719125,0.0
719126,0.0
719127,0.0
719128,0.0
719129,0.0
719130,0.0
719131,0.0
719132,0.0
719133,0.0
719134,0.0
719135,0.0
719136,0.0
719137,0.0
719138,0.0
719139,0.0
719140,0.0
719141,0.0
719142,0.0
719143,0.0
719144,0.0
719145,0.0
719146,0.0
719147,0.0
719148,0.0
719149,0.0
719150,0.0
719151,0.0
719152,0.0
719153,0.0
719154,0.0
719155,0.0
719156,0.0
719157,0.0
719158,0.0
719159,0.0
719160,0.0
719161,0.0
719162,0.0
719163,0.0
719164,0.0
719165,0.0
719166,0.0
719167,0.0
719168,0.0
719169,0.0
719170,0.0
719171,0.0
719172,0.0
719173,0.0
719174,0.0
719175,0.0
719176,0.0
719177,0.0
719178,0.0
719179,0.0
719180,0.0
719181,0.0
719182,0.0
719183,0.0
719184,0.0
719185,0.11048495
719186,0.0
719187,0.0
719188,0.0
719189,0.0
719190,0.0
719191,0.0
719192,0.0007560113
719193,0.0
719194,0.0
719195,0.0
719196,0.0
719197,0.0
719198,0.0
719199,0.0
719200,0.0
719201,0.0
719202,0.0
719203,0.0
719204,0.0
719205,0.0
719206,0.0
719207,0.0
719208,4.086917e-23
719209,0.0
719210,0.0
719211,0.0
719212,0.0
719213,0.0
719214,0.0
719215,0.0
719216,0.0
719217,0.0
719218,0.0
719219,0.0
719220,0.0
719221,0.0
719222,0.0
719223,0.0
719224,0.0
719225,0.0
719226,0.0
719227,0.0
719228,0.0
719229,0.0
719230,0.0
719231,0.0
719232,0.0
719233,0.0
719234,0.0
719235,0.0
719236,0.0
719237,0.0
719238,0.0
719239,0.0
719240,0.0
719241,0.0
719242,0.0
719243,0.0
719244,0.0
719245,0.0
719246,0.0
719247,0.0
719248,1.3814491e-27
719249,0.0
719250,0.0
719251,0.0
719252,0.0
719253,0.0
719254,0.0
719255,0.0
719256,0.0
719257,0.0
719258,0.0
719259,0.0
719260,0.0
719261,0.0
719262,0.0
719263,0.0
719264,0.0
719265,0.0
719266,0.0
719267,0.0
719268,0.0
719269,0.0
719270,0.0
719271,0.0
719272,0.0
719273,0.0
719274,0.0
719275,0.0
719276,0.0
719277,0.0
719278,0.0
719279,0.0
719280,0.0
719281,0.0
719282,0.0
719283,0.0
719284,0.0
719285,0.0
719286,0.0
719287,0.0
719288,0.0
719289,0.0
719290,0.0
719291,0.0
719292,0.0
719293,0.0
719294,0.0
719295,0.0
719296,0.0
719297,0.0
719298,0.0
719299,0.0
719300,0.0
719301,0.0
719302,0.0
719303,0.0
719304,0.0
719305,0.0
719306,0.0
719307,0.0
719308,0.0
719309,0.0
719310,0.0
719311,0.0
719312,0.0
719313,0.0
719314,0.0
719315,0.0
719316,0.0
719317,0.0
719318,0.0
719319,0.0
719320,0.0
719321,0.0
719322,0.0
719323,0.0
719324,0.0
719325,0.0
719326,0.0
719327,0.0
719328,0.0
719329,0.0
719330,0.0
719331,0.0
719332,0.0
719333,0.0
719334,0.0
719335,0.0
719336,0.0
719337,0.0
719338,0.0
719339,0.0
719340,0.0
719341,0.0
719342,0.0
719343,0.0
719344,0.0
719345,0.0
719346,0.0
719347,0.0
719348,0.0
719349,0.0
719350,0.0
719351,0.0
719352,0.0
719353,0.0
719354,0.0
719355,0.0
719356,0.0
719357,0.0
719358,0.0
719359,0.0
719360,0.0
719361,0.0
719362,0.0
719363,0.0
719364,0.0
719365,0.0
719366,0.0
719367,0.0
719368,0.0
719369,0.0
719370,0.0
719371,0.0
719372,0.0
719373,0.0
719374,0.0
719375,0.0
719376,0.0
719377,0.0
719378,0.0
719379,0.0
719380,0.0
719381,0.0
719382,0.0
719383,0.0
719384,0.0
719385,0.0
719386,0.0
719387,0.0
719388,0.0
719389,0.0
719390,0.0
719391,0.0
719392,0.0
719393,0.0
719394,0.0
719395,0.0
719396,0.0
719397,0.0
719398,0.0
719399,0.0
719400,0.0
719401,0.0
719402,0.0
719403,0.0
719404,0.0
719405,0.0
719406,0.0
719407,0.0
719408,0.0
719409,0.0
719410,0.0
719411,0.0
719412,0.0
719413,0.0
719414,0.0
719415,0.0
719416,0.0
719417,0.0
719418,0.0
719419,0.0
719420,0.0
719421,0.0
719422,0.0
719423,0.0
719424,0.0
719425,0.0
719426,0.0
719427,0.0
719428,0.0
719429,0.0
719430,0.0
719431,0.0
719432,0.0
719433,0.0
719434,0.0
719435,0.0
719436,0.0
719437,0.0
719438,0.0
719439,0.0
719440,0.0
719441,0.0
719442,0.0
719443,0.0
719444,0.0
719445,0.0
719446,0.0
719447,0.0
719448,0.0
719449,0.0
719450,0.0
719451,0.0
719452,0.0
719453,0.0
719454,0.0
719455,0.0
719456,0.0
719457,0.0
719458,0.0
719459,0.0
719460,0.0
719461,0.0
719462,0.0
719463,0.0
719464,0.0
719465,0.0
719466,0.0
719467,0.0
719468,0.0
719469,0.0
719470,0.0
719471,0.0
719472,0.0
719473,0.0
719474,0.0
719475,5.5470377e-08
719476,0.0
719477,0.0
719478,0.0
719479,0.0
719480,0.0
719481,0.0
719482,0.0
719483,0.0
719484,0.0
719485,0.0
719486,0.0
719487,0.0
719488,0.0
719489,0.0
719490,0.0
719491,0.0
719492,0.0
719493,0.0
719494,0.0
719495,0.0
719496,0.0
719497,0.0
719498,0.0
719499,0.0
719500,0.0
719501,0.0
719502,0.0
719503,0.0
719504,0.0
719505,0.0
719506,0.0
719507,0.0
719508,0.0
719509,0.0
719510,0.0
719511,0.0
719512,0.0
719513,0.0
719514,0.0
719515,7.9060356e-16
719516,0.0
719517,0.0
719518,0.0
719519,0.0
719520,0.0
719521,0.0
719522,0.0
719523,0.0
719524,0.0
719525,0.0
719526,0.0
719527,0.0
719528,0.0
719529,0.0
719530,0.0
719531,0.0
719532,0.0
719533,0.0
719534,0.0
719535,0.0
719536,0.0
719537,0.0
719538,0.0
719539,0.0
719540,0.0
719541,0.0
719542,0.0
719543,0.0
719544,0.0
719545,0.0
719546,0.0
719547,0.0
719548,0.0
719549,0.0
719550,0.0
719551,0.0
719552,0.0
719553,0.0
719554,0.0
719555,0.0
719556,0.0
719557,0.0
719558,0.0
719559,0.0
719560,0.0
719561,0.0
719562,0.0
719563,0.0
719564,0.0
719565,0.0
719566,0.0
719567,0.0
719568,2.5866377e-16
719569,0.0
719570,0.0
719571,0.0
719572,0.0
719573,0.0
719574,0.0
719575,0.0
719576,0.0
719577,0.0
719578,0.0
719579,0.0
719580,0.0
719581,0.0
719582,0.0
719583,0.0
719584,0.0
719585,0.0
719586,0.0
719587,0.0
719588,0.0
719589,0.0
719590,0.0
719591,0.0
719592,0.0
719593,0.0
719594,0.0
719595,0.0
719596,0.0
719597,0.0
719598,0.0
719599,0.0
719600,0.0
719601,0.0
719602,0.0
719603,0.0
719604,0.0
719605,0.0
719606,0.0
719607,0.0
719608,0.0
719609,0.0
719610,0.0
719611,0.0
719612,0.0
719613,0.0
719614,0.0
719615,0.0
719616,0.0
719617,0.0
719618,0.0
719619,0.0
719620,0.0
719621,0.0
719622,0.0
719623,0.0
719624,3.5015248e-19
719625,0.0
719626,0.0
719627,0.0
719628,0.0
719629,0.0
719630,0.0
719631,0.0
719632,0.0
719633,0.0
719634,0.0
719635,0.0
719636,0.0
719637,0.0
719638,0.0
719639,0.0
719640,0.0
719641,0.0
719642,0.0
719643,0.0
719644,0.0
719645,0.0
719646,0.0
719647,0.0
719648,0.0
719649,0.0
719650,0.0
719651,0.0
719652,0.0
719653,0.0
719654,0.0
719655,0.0
719656,0.0
719657,0.0
719658,0.0
719659,0.0
719660,0.0
719661,0.0
719662,0.0
719663,0.0
719664,0.0
719665,0.0
719666,0.0
719667,0.0
719668,0.0
719669,0.0
719670,0.0
719671,0.0
719672,0.0
719673,0.0
719674,0.0
719675,0.0
719676,0.0
719677,0.0
719678,0.0
719679,0.0
719680,0.0
719681,0.0
719682,0.0
719683,0.0
719684,0.0
719685,0.0
719686,0.0
719687,0.0
719688,0.0
719689,0.0
719690,0.0
719691,0.0
719692,0.0
719693,0.0
719694,0.0
719695,0.0
719696,0.0
719697,0.0
719698,0.0
719699,0.0
719700,0.0
719701,0.0
719702,0.0
719703,0.0
719704,0.0
719705,0.0
719706,0.0
719707,0.0
719708,0.0
719709,0.0
719710,0.0
719711,0.0
719712,0.0
719713,0.0
719714,0.0
719715,0.0
719716,0.0
719717,0.0
719718,0.0
719719,0.0
719720,0.0
719721,1.8262615e-32
719722,0.0
719723,0.0
719724,0.0
719725,0.0
719726,0.0
719727,0.0
719728,0.0
719729,0.0
719730,0.0
719731,0.0
719732,0.0
719733,0.0
719734,0.0
719735,0.0
719736,0.0
719737,0.0
719738,0.0
719739,0.0
719740,0.0
719741,0.0
719742,0.0
719743,0.0
719744,0.0
719745,0.0
719746,0.0
719747,0.0
719748,0.0
719749,0.0
719750,0.0
719751,0.0
719752,0.0
719753,0.0
719754,0.0
719755,0.0
719756,0.0
719757,0.0
719758,0.0
719759,0.0
719760,0.0
719761,0.0
719762,0.0
719763,0.0
719764,0.0
719765,0.0
719766,0.0
719767,0.0
719768,0.0
719769,0.0
719770,0.0
719771,0.0
719772,0.0
719773,0.0
719774,0.0
719775,0.0
719776,0.0
719777,0.0
719778,0.0
719779,0.0
719780,0.0
719781,0.0
719782,0.0
719783,0.0
719784,0.0
719785,0.0
719786,0.0
719787,0.0
719788,0.0
719789,0.0
719790,0.0
719791,0.0
719792,0.0
719793,0.0
719794,0.0
719795,0.0
719796,0.0
719797,0.0
719798,0.0
719799,0.0
719800,0.0
719801,0.0
719802,0.0
719803,0.0
719804,0.0
719805,0.0
719806,0.0
719807,0.0
719808,0.0
719809,0.0
719810,0.0
719811,0.0
719812,0.0
719813,0.0
719814,0.0
719815,0.0
719816,0.0
719817,0.0
719818,0.0
719819,0.0
719820,0.0
719821,0.0
719822,0.0
719823,0.0
719824,0.0
719825,0.0
719826,0.0
719827,0.0
719828,0.0
719829,0.0
719830,0.0
719831,0.0
719832,0.0
719833,0.0
719834,0.0
719835,0.0
719836,0.0
719837,0.0
719838,0.0
719839,0.0
719840,0.0
719841,0.0
719842,0.0
719843,0.0
719844,0.0
719845,0.0
719846,0.0
719847,0.0
719848,0.0
719849,0.0
719850,0.0
719851,0.0
719852,0.0
719853,0.0
719854,0.0
719855,0.0
719856,0.0
719857,0.0
719858,0.0
719859,0.0
719860,0.0
719861,0.0
719862,0.0
719863,0.0
719864,0.0
719865,0.0
719866,0.0
719867,0.0
719868,0.0
719869,0.0
719870,0.0
719871,0.0
719872,0.0
719873,0.0
719874,0.0
719875,0.0
719876,0.0
719877,0.0
719878,0.0
719879,0.0
719880,0.0
719881,0.0
719882,0.7246392
719883,0.0
719884,0.0
719885,0.0
719886,0.0
719887,0.0
719888,0.0
719889,0.0
719890,0.0
719891,0.0
719892,0.0
719893,0.0
719894,0.0
719895,0.0
719896,0.0
719897,0.0
719898,0.0
719899,0.0
719900,0.0
719901,0.0
719902,0.0
719903,0.0
719904,0.0
719905,0.0
719906,0.0
719907,0.0
719908,0.0
719909,0.0
719910,0.0
719911,0.0
719912,0.0
719913,0.0
719914,0.0
719915,0.0
719916,0.0
719917,0.0
719918,0.0
719919,0.0
719920,0.0
719921,0.0
719922,0.0
719923,0.0
719924,0.0
719925,0.0
719926,0.0
719927,0.0
719928,0.0
719929,0.0
719930,0.0
719931,0.0
719932,0.0
719933,0.0
719934,0.0
719935,0.0
719936,0.0
719937,0.0
719938,0.0
719939,0.0
719940,0.0
719941,0.0
719942,0.0
719943,1.1034036e-31
719944,0.0
719945,0.0
719946,0.0
719947,0.0
719948,0.0
719949,0.0
719950,6.544522e-29
719951,0.0
719952,0.0
719953,0.0
719954,0.0
719955,0.0
719956,0.0
719957,0.0
719958,0.0
719959,0.0
719960,0.0
719961,0.0
719962,0.0
719963,0.0
719964,0.0
719965,0.0
719966,0.0
719967,0.0
719968,0.0
719969,0.0
719970,0.0
719971,0.0
719972,0.0
719973,0.0
719974,0.0
719975,0.0
719976,0.0
719977,0.0
719978,0.0
719979,0.0
719980,0.0
719981,0.0
719982,0.0
719983,0.0
719984,0.0
719985,0.0
719986,0.0
719987,0.0
719988,0.0
719989,0.0
719990,0.0
719991,2.910112e-07
719992,0.0
719993,0.0
719994,0.0
719995,0.0
719996,0.0
719997,0.0
719998,0.0
719999,0.0
720000,0.0
720001,0.0
720002,0.0
720003,0.0
720004,0.0
720005,0.0
720006,0.0
720007,0.0
720008,0.0
720009,0.0
720010,0.0
720011,0.0
720012,0.0
720013,0.0
720014,0.0
720015,0.0
720016,8.700176e-34
720017,0.0
720018,0.0
720019,0.0
720020,0.0
720021,0.0
720022,0.0
720023,0.0
720024,0.0
720025,0.0
720026,0.0
720027,0.0
720028,0.0
720029,0.0
720030,0.0
720031,0.0
720032,0.0
720033,0.0
720034,0.0
720035,0.0
720036,0.0
720037,0.0
720038,0.0
720039,0.0
720040,0.0
720041,0.0
720042,0.0
720043,0.0
720044,0.0
720045,0.0
720046,0.0
720047,0.0
720048,0.0
720049,0.0
720050,0.0
720051,0.0
720052,0.0
720053,0.0
720054,0.0
720055,0.0
720056,0.0
720057,0.0
720058,0.0
720059,0.0
720060,0.0
720061,0.0
720062,0.0
720063,0.0
720064,0.0
720065,0.0
720066,0.0
720067,0.0
720068,0.0
720069,0.0
720070,0.0
720071,0.0
720072,0.0
720073,0.0
720074,0.0
720075,0.0
720076,0.0
720077,0.0
720078,0.0
720079,0.0
720080,0.0
720081,0.0
720082,0.0
720083,0.0
720084,0.0
720085,0.0
720086,0.0
720087,0.0
720088,0.0
720089,0.0
720090,0.0
720091,0.0
720092,0.0
720093,0.0
720094,0.0
720095,0.0
720096,0.0
720097,0.0
720098,0.0
720099,0.0
720100,0.0
720101,0.0
720102,0.0
720103,0.0
720104,0.0
720105,0.0
720106,0.0
720107,0.0
720108,0.0
720109,0.0
720110,0.0
720111,0.0
720112,0.0
720113,0.0
720114,0.0
720115,0.0
720116,0.0
720117,0.0
720118,0.0
720119,0.0
720120,0.0
720121,0.0
720122,0.0
720123,0.0
720124,0.0
720125,0.0
720126,0.0
720127,0.0
720128,0.0
720129,0.0
720130,0.0
720131,0.0
720132,0.0
720133,0.0
720134,0.0
720135,0.0
720136,0.0
720137,0.0
720138,0.0
720139,0.0
720140,0.0
720141,0.0
720142,0.0
720143,0.0
720144,0.0
720145,0.0
720146,0.0
720147,0.0
720148,0.0
720149,0.0
720150,0.0
720151,0.0
720152,0.0
720153,0.0
720154,0.0
720155,0.0
720156,0.0
720157,0.0
720158,0.0
720159,0.0
720160,0.0
720161,0.0
720162,0.0
720163,0.0
720164,0.0
720165,0.0
720166,0.0
720167,0.0
720168,0.0
720169,0.0
720170,0.0
720171,0.0
720172,0.0
720173,0.0
720174,0.0
720175,1.9094509e-31
720176,0.0
720177,0.0
720178,0.0
720179,0.0
720180,0.0
720181,0.0
720182,0.0
720183,0.0
720184,0.0
720185,0.0
720186,0.0
720187,0.0
720188,0.0
720189,0.0
720190,0.0
720191,0.0
720192,0.0
720193,0.0
720194,0.0
720195,0.0
720196,0.0
720197,0.0
720198,0.0
720199,0.0
720200,0.0
720201,0.0
720202,0.0
720203,0.0
720204,0.0
720205,0.0
720206,0.0
720207,0.0
720208,0.0
720209,0.0
720210,0.0
720211,0.0
720212,0.0
720213,0.0
720214,0.0
720215,0.0
720216,0.0
720217,0.0
720218,0.0
720219,0.0
720220,0.0
720221,0.0
720222,0.0
720223,0.0
720224,0.0
720225,0.0
720226,0.0
720227,0.0
720228,0.0
720229,0.0
720230,0.0
720231,0.0
720232,0.0
720233,0.0
720234,0.0
720235,0.0
720236,0.0
720237,0.0
720238,0.0
720239,0.0
720240,0.0
720241,0.0
720242,0.0
720243,0.0
720244,0.0
720245,0.0
720246,0.0
720247,0.0
720248,0.0
720249,0.0
720250,0.0
720251,0.0
720252,0.0
720253,0.0
720254,0.0
720255,0.0
720256,0.0
720257,0.0
720258,0.0
720259,0.0
720260,0.0
720261,0.0
720262,0.0
720263,0.0
720264,0.0
720265,0.0
720266,0.0
720267,0.0
720268,0.0
720269,0.0
720270,0.0
720271,0.0
720272,0.0
720273,0.0
720274,0.0
720275,0.0
720276,0.0
720277,0.0
720278,0.0
720279,0.0
720280,0.0
720281,0.0
720282,0.0
720283,0.0
720284,0.0
720285,0.0
720286,0.0
720287,0.0
720288,0.0
720289,0.0
720290,0.0
720291,0.0
720292,0.0
720293,0.0
720294,0.0
720295,0.0
720296,0.0
720297,2.5760586e-11
720298,6.915566e-19
720299,0.0
720300,0.0
720301,0.0
720302,0.0
720303,0.0
720304,0.0
720305,0.0
720306,0.0
720307,0.0
720308,0.0
720309,0.0
720310,0.0
720311,0.0
720312,0.0
720313,0.0
720314,0.0
720315,0.0
720316,0.0
720317,0.0
720318,0.0
720319,0.0
720320,0.0
720321,0.0
720322,0.0
720323,0.0
720324,0.0
720325,0.0
720326,0.0
720327,0.0
720328,0.0
720329,0.0
720330,0.0
720331,0.0
720332,0.0
720333,0.0
720334,0.0
720335,0.0
720336,0.0
720337,0.0
720338,0.0
720339,0.0
720340,0.0
720341,0.0
720342,0.0
720343,0.0
720344,0.0
720345,0.0
720346,0.0
720347,0.0
720348,0.0
720349,0.0
720350,0.0
720351,0.0
720352,0.0
720353,0.0
720354,0.0
720355,0.0
720356,0.0
720357,0.0
720358,0.0
720359,0.0
720360,0.0
720361,0.0
720362,0.0
720363,0.0
720364,0.0
720365,0.0
720366,0.0
720367,0.0
720368,0.0
720369,0.0
720370,0.0
720371,0.0
720372,0.0
720373,0.0
720374,0.0
720375,0.0
720376,0.0
720377,0.0
720378,0.0
720379,0.0
720380,0.0
720381,0.0
720382,0.0
720383,0.0
720384,0.0
720385,0.0
720386,0.0
720387,0.0
720388,0.0
720389,0.0
720390,0.0
720391,0.0
720392,0.0
720393,0.0
720394,0.0
720395,0.0
720396,0.0
720397,0.0
720398,0.0
720399,0.0
720400,0.0
720401,0.0
720402,0.0
720403,0.0
720404,0.0
720405,0.0
720406,0.0
720407,0.0
720408,0.0
720409,0.0
720410,0.0
720411,0.0
720412,0.0
720413,0.0
720414,0.0
720415,0.0
720416,0.0
720417,0.0
720418,0.0
720419,0.0
720420,0.0
720421,0.0
720422,0.0
720423,0.0
720424,0.0
720425,0.0
720426,0.0
720427,0.0
720428,0.0
720429,0.0
720430,0.0
720431,0.0
720432,0.0
720433,0.0
720434,0.0
720435,0.0
720436,0.0
720437,0.0
720438,0.0
720439,0.0
720440,0.0
720441,0.0
720442,0.0
720443,0.0
720444,0.0
720445,0.0
720446,0.0
720447,0.0
720448,0.0
720449,0.0
720450,0.0
720451,0.0
720452,0.0
720453,0.0
720454,0.0
720455,0.0
720456,0.0
720457,0.0
720458,0.0
720459,0.0
720460,0.0
720461,0.0
720462,0.0
720463,0.0
720464,0.0
720465,0.0
720466,0.0
720467,0.0
720468,0.0
720469,0.0
720470,0.0
720471,0.0
720472,0.0
720473,0.0
720474,0.0
720475,0.0
720476,0.0
720477,0.0
720478,0.0
720479,0.0
720480,0.0
720481,0.0
720482,0.0
720483,0.0
720484,0.0
720485,0.0
720486,0.0
720487,0.0
720488,0.0
720489,0.0
720490,0.0
720491,0.0
720492,0.0
720493,0.0
720494,0.0
720495,0.0
720496,0.0
720497,0.0
720498,0.0
720499,0.0
720500,0.0
720501,0.0
720502,0.0
720503,0.0
720504,0.0
720505,0.0
720506,0.0
720507,0.0
720508,0.0
720509,0.0
720510,0.0
720511,0.0
720512,0.0
720513,0.0
720514,0.0
720515,0.0
720516,0.0
720517,0.0
720518,0.0
720519,0.0
720520,0.0
720521,0.0
720522,0.0
720523,0.0
720524,0.0
720525,0.0
720526,0.0
720527,0.0
720528,0.0
720529,0.0
720530,0.0
720531,0.0
720532,0.0
720533,0.0
720534,0.0
720535,0.0
720536,0.0
720537,0.0
720538,0.0
720539,0.0
720540,0.0
720541,0.0
720542,0.0
720543,0.0
720544,0.0
720545,0.0
720546,0.0
720547,0.0
720548,0.0
720549,0.0
720550,0.0
720551,0.0
720552,0.0
720553,0.0
720554,0.0
720555,0.0
720556,0.0
720557,0.0
720558,0.0
720559,0.0
720560,0.0
720561,0.0
720562,0.0
720563,0.0
720564,0.0
720565,0.0
720566,0.0
720567,0.0
720568,0.0
720569,0.0
720570,0.0
720571,0.0
720572,0.0
720573,0.0
720574,0.0
720575,0.0
720576,0.0
720577,0.0
720578,0.0
720579,0.0
720580,0.0
720581,0.0
720582,0.0
720583,0.0
720584,0.0
720585,0.0
720586,0.0
720587,0.0
720588,0.0
720589,0.0
720590,0.0
720591,0.0
720592,0.0
720593,0.0
720594,0.0
720595,0.0
720596,0.0
720597,0.0
720598,0.0
720599,0.0
720600,0.0
720601,0.0
720602,0.0
720603,0.0
720604,0.0
720605,0.0
720606,0.0
720607,0.0
720608,0.0
720609,0.0
720610,0.0
720611,0.0
720612,0.0
720613,0.0
720614,0.0
720615,0.0
720616,0.0
720617,0.0
720618,0.0
720619,0.0
720620,0.0
720621,0.0
720622,0.0
720623,0.0
720624,0.0
720625,0.0
720626,0.0
720627,0.0
720628,0.0
720629,0.0
720630,0.0
720631,0.0
720632,0.0
720633,0.0
720634,0.0
720635,0.0
720636,0.0
720637,0.0
720638,0.0
720639,0.0
720640,0.0
720641,0.0
720642,0.0
720643,0.0
720644,0.0
720645,0.0
720646,0.0
720647,0.0
720648,0.0
720649,0.0
720650,0.0
720651,0.0
720652,0.0
720653,0.0
720654,0.0
720655,0.0
720656,0.0
720657,0.0
720658,0.0
720659,0.0
720660,0.0
720661,0.0
720662,0.0
720663,0.0
720664,0.0
720665,0.0
720666,0.0
720667,0.0
720668,0.0
720669,0.0
720670,0.0
720671,0.0
720672,0.0
720673,0.0
720674,0.0
720675,0.0
720676,2.1947848e-36
720677,0.0
720678,0.0
720679,0.0
720680,0.0
720681,0.0
720682,0.0
720683,0.0
720684,0.0
720685,0.0
720686,0.0
720687,0.0
720688,0.0
720689,0.0
720690,0.0
720691,0.0
720692,0.0
720693,0.0
720694,0.0
720695,0.0
720696,0.0
720697,0.0
720698,0.0
720699,0.0
720700,0.0
720701,0.0
720702,0.0
720703,0.0
720704,0.0
720705,0.0
720706,0.0
720707,0.0
720708,0.0
720709,1.5472229e-24
720710,0.0
720711,0.0
720712,0.0
720713,0.0
720714,0.0
720715,0.0
720716,0.0
720717,0.0
720718,0.0
720719,0.0
720720,0.0
720721,0.0
720722,0.0
720723,0.0
720724,0.0
720725,0.0
720726,0.0
720727,0.0
720728,0.0
720729,0.0
720730,0.0
720731,0.0
720732,0.0
720733,0.0
720734,0.0
720735,0.0
720736,0.0
720737,0.0
720738,0.0
720739,0.0
720740,0.0
720741,0.0
720742,0.0
720743,0.0
720744,0.0
720745,0.0
720746,0.0
720747,0.0
720748,0.0
720749,0.0
720750,0.0
720751,0.0
720752,0.0
720753,0.0
720754,0.0
720755,0.0
720756,0.0
720757,0.0
720758,0.0
720759,0.0
720760,0.0
720761,0.0
720762,0.0
720763,0.0
720764,0.0
720765,0.0
720766,0.0
720767,0.0
720768,0.0
720769,0.0
720770,0.0
720771,0.0
720772,0.0
720773,0.0
720774,0.0
720775,0.0
720776,0.0
720777,0.0
720778,0.0
720779,0.0
720780,0.0
720781,0.0
720782,0.0
720783,0.0
720784,0.0
720785,0.0
720786,0.0
720787,0.0
720788,0.0
720789,0.0
720790,0.0
720791,0.0
720792,0.0
720793,0.0
720794,0.0
720795,0.0
720796,0.0
720797,0.0
720798,0.0
720799,0.0
720800,0.0
720801,0.0
720802,0.0
720803,0.0
720804,0.0
720805,0.0
720806,0.0
720807,0.0
720808,0.0
720809,0.0
720810,0.0
720811,0.0
720812,0.0
720813,0.0
720814,0.0
720815,0.0
720816,0.0
720817,0.0
720818,0.0
720819,0.0
720820,0.0
720821,0.0
720822,0.0
720823,0.0
720824,0.0
720825,0.0
720826,0.0
720827,0.0
720828,0.0
720829,0.0
720830,0.0
720831,0.0
720832,0.0
720833,0.0
720834,0.0
720835,0.0
720836,0.0
720837,0.0
720838,0.0
720839,0.0
720840,0.0
720841,0.0
720842,0.0
720843,0.0
720844,0.0
720845,0.0
720846,0.0
720847,0.0
720848,6.2640766e-30
720849,0.0
720850,0.0
720851,0.0
720852,0.0
720853,0.0
720854,0.0
720855,0.0
720856,0.0
720857,0.0
720858,0.0
720859,0.0
720860,0.0
720861,0.0
720862,0.0
720863,0.0
720864,0.0
720865,0.0
720866,0.0
720867,0.0
720868,0.0
720869,0.0
720870,0.0
720871,0.0
720872,0.0
720873,0.0
720874,0.0
720875,0.0
720876,0.0
720877,0.0
720878,0.0
720879,0.0
720880,0.0
720881,0.0
720882,0.0
720883,0.0
720884,0.0
720885,0.0
720886,0.0
720887,0.0
720888,0.0
720889,0.0
720890,0.0
720891,0.0
720892,0.0
720893,0.0
720894,0.0
720895,0.0
720896,0.0
720897,0.0
720898,0.0
720899,0.0
720900,0.0
720901,0.0
720902,0.0
720903,0.0
720904,0.0
720905,0.0
720906,0.0
720907,0.0
720908,9.345084e-14
720909,0.0
720910,0.0
720911,0.0
720912,0.0
720913,0.0
720914,0.0
720915,0.0
720916,0.0
720917,0.0
720918,0.0
720919,0.0
720920,0.0
720921,0.0
720922,0.0
720923,0.0
720924,0.0
720925,0.0
720926,0.0
720927,0.0
720928,0.0
720929,0.0
720930,0.0
720931,0.0
720932,0.0
720933,0.0
720934,0.0
720935,0.0
720936,0.0
720937,0.0
720938,0.0
720939,0.0
720940,0.0
720941,0.0
720942,0.0
720943,0.0
720944,0.0
720945,0.0
720946,0.0
720947,0.0
720948,0.0
720949,0.0
720950,0.0
720951,0.0
720952,0.0
720953,0.0
720954,0.0
720955,0.0
720956,0.0
720957,0.0
720958,0.0
720959,0.0
720960,0.0
720961,0.0
720962,0.0
720963,0.0
720964,0.0
720965,0.0
720966,0.0
720967,0.0
720968,0.0
720969,0.0
720970,0.0
720971,0.0
720972,0.0
720973,0.0
720974,0.0
720975,0.0
720976,0.0
720977,0.0
720978,0.0
720979,0.0
720980,0.0
720981,0.0
720982,0.0
720983,0.0
720984,0.0
720985,0.0
720986,0.0
720987,0.0
720988,0.0
720989,0.0
720990,0.0
720991,0.0
720992,0.0
720993,0.0
720994,0.0
720995,0.0
720996,0.0
720997,0.0
720998,0.0
720999,0.0
721000,0.0
721001,0.0
721002,0.0
721003,0.0
721004,0.0
721005,0.0
721006,0.0
721007,0.0
721008,0.0
721009,0.0
721010,0.0
721011,0.0
721012,0.0
721013,0.0
721014,0.0
721015,0.0
721016,0.0
721017,0.0
721018,0.0
721019,0.0
721020,0.0
721021,0.0
721022,0.0
721023,0.0
721024,0.0
721025,0.0
721026,0.0
721027,0.0
721028,0.0
721029,0.0
721030,0.0
721031,0.0
721032,0.0
721033,0.0
721034,0.0
721035,0.0
721036,0.0
721037,0.0
721038,0.0
721039,0.0
721040,0.0
721041,0.0
721042,0.0
721043,0.0
721044,0.0
721045,0.0
721046,0.0
721047,0.0
721048,0.0
721049,0.0
721050,0.0
721051,0.0
721052,4.950004e-37
721053,0.0
721054,0.0
721055,0.0
721056,0.0
721057,0.0
721058,0.0
721059,0.0
721060,0.0
721061,0.0
721062,0.0
721063,0.0
721064,0.0
721065,0.0
721066,0.0
721067,0.0
721068,0.0
721069,0.0
721070,0.0
721071,0.0
721072,0.0
721073,0.0
721074,0.0
721075,0.0
721076,0.0
721077,0.0
721078,0.0
721079,0.0
721080,0.0
721081,0.0
721082,0.0
721083,0.0
721084,0.0
721085,0.0
721086,0.0
721087,0.0
721088,0.0
721089,0.0
721090,0.0
721091,0.0
721092,0.0
721093,0.0
721094,0.0
721095,0.0
721096,0.0
721097,0.0
721098,0.0
721099,0.0
721100,0.0
721101,0.0
721102,0.0
721103,0.0
721104,0.0
721105,0.0
721106,0.0
721107,0.0
721108,0.0
721109,0.0
721110,0.0
721111,0.0
721112,0.0
721113,0.0
721114,0.0
721115,1.750281e-07
721116,0.0
721117,0.0
721118,0.0
721119,0.0
721120,0.0
721121,0.0
721122,0.0
721123,0.0
721124,0.0
721125,0.0
721126,0.0
721127,0.0
721128,0.0
721129,0.0
721130,0.0
721131,0.0
721132,0.0
721133,0.0
721134,0.0
721135,0.0
721136,0.0
721137,0.0
721138,0.0
721139,0.0
721140,0.0
721141,0.0
721142,0.0
721143,0.0
721144,0.0
721145,0.0
721146,0.0
721147,0.0
721148,0.0
721149,4.808466e-07
721150,0.0
721151,0.0
721152,0.0
721153,0.0
721154,0.0
721155,0.0
721156,0.0
721157,0.0
721158,0.0
721159,0.0
721160,0.0
721161,0.0
721162,0.0
721163,0.0
721164,0.0
721165,0.0
721166,0.0
721167,3.8654964e-09
721168,0.0
721169,0.0
721170,0.0
721171,0.0
721172,0.0
721173,0.0
721174,0.0
721175,0.0
721176,0.0
721177,0.0
721178,0.0
721179,0.0
721180,0.0
721181,0.0
721182,0.0
721183,0.0
721184,0.0
721185,0.0
721186,0.0
721187,0.0
721188,0.0
721189,0.0
721190,0.0
721191,0.0
721192,0.0
721193,0.0
721194,0.0
721195,0.0
721196,0.0
721197,0.0
721198,0.0
721199,0.0
721200,0.0
721201,0.0
721202,0.0
721203,0.0
721204,0.0
721205,0.0
721206,0.0
721207,0.0
721208,0.0
721209,0.0
721210,0.0
721211,0.0
721212,0.0
721213,0.0
721214,0.0
721215,0.0
721216,0.0
721217,0.0
721218,0.0
721219,0.0
721220,0.0
721221,0.0
721222,0.0
721223,0.0
721224,0.0
721225,0.0
721226,0.0
721227,0.0
721228,0.0
721229,0.0
721230,0.0
721231,0.0
721232,0.0
721233,0.0
721234,0.0
721235,0.0
721236,0.0
721237,0.0
721238,0.0
721239,0.0
721240,0.0
721241,0.0
721242,0.0
721243,0.0
721244,0.0
721245,0.0
721246,0.0
721247,0.0
721248,0.0
721249,0.0
721250,0.0
721251,0.0
721252,0.0
721253,0.0
721254,0.0
721255,0.0
721256,0.0
721257,0.0
721258,0.0
721259,0.0
721260,0.0
721261,0.0
721262,0.0
721263,0.0
721264,0.0
721265,0.0
721266,0.0
721267,0.0
721268,0.0
721269,0.0
721270,0.0
721271,3.0273818e-06
721272,0.0
721273,0.0
721274,0.0
721275,0.0
721276,0.0
721277,0.0
721278,0.0
721279,0.0
721280,0.0
721281,0.0
721282,0.0
721283,0.0
721284,0.0
721285,0.0
721286,0.0026588938
721287,0.0
721288,0.0
721289,0.0
721290,0.0
721291,0.0
721292,0.0
721293,0.0
721294,0.0
721295,0.0
721296,0.0
721297,0.0
721298,0.0
721299,0.0
721300,0.0
721301,0.0
721302,0.000111339665
721303,0.0
721304,0.0
721305,0.0
721306,0.0
721307,0.0
721308,0.0
721309,0.0
721310,0.0
721311,0.0
721312,0.0
721313,0.0
721314,0.0
721315,0.0
721316,0.0
721317,0.0
721318,0.0
721319,0.0
721320,0.0
721321,0.0
721322,0.0
721323,0.0
721324,0.0
721325,0.0
721326,0.0
721327,0.0
721328,0.0
721329,0.0
721330,0.0
721331,0.0
721332,0.0
721333,0.0
721334,0.0
721335,0.0
721336,0.0
721337,0.0
721338,0.0
721339,0.0
721340,0.0
721341,0.0
721342,0.0
721343,0.0
721344,0.0
721345,0.0
721346,0.0
721347,0.0
721348,0.0
721349,0.0
721350,0.0
721351,0.0
721352,0.0
721353,0.0
721354,0.0
721355,0.0
721356,0.0
721357,0.0
721358,0.0
721359,0.0
721360,0.0
721361,0.0
721362,0.0
721363,0.0
721364,0.0
721365,0.0
721366,0.0
721367,0.0
721368,0.0
721369,0.0
721370,0.0
721371,0.0
721372,0.0
721373,0.0
721374,0.0
721375,0.0
721376,0.0
721377,0.0
721378,0.0
721379,0.0
721380,0.0
721381,0.0
721382,0.0
721383,0.0
721384,0.0
721385,0.0
721386,0.0
721387,0.0
721388,0.0
721389,0.0
721390,0.0
721391,0.0
721392,0.0
721393,0.0
721394,0.0
721395,0.0
721396,0.0
721397,0.0
721398,0.0
721399,0.0
721400,0.0
721401,0.0
721402,0.0
721403,0.0
721404,0.0
721405,0.0
721406,0.0
721407,0.0
721408,0.0
721409,0.0
721410,0.0
721411,0.0
721412,0.0
721413,0.0
721414,0.0
721415,0.0
721416,0.0
721417,0.0
721418,0.0
721419,0.0
721420,0.0
721421,0.0
721422,0.0
721423,0.0
721424,0.0
721425,0.0
721426,0.0
721427,0.0
721428,0.0
721429,0.0
721430,0.0
721431,0.0
721432,0.0
721433,0.0
721434,0.0
721435,0.0
721436,0.0
721437,0.0
721438,0.0
721439,0.0
721440,0.0
721441,0.0
721442,0.0
721443,0.0
721444,0.0
721445,0.0
721446,0.0
721447,0.0
721448,0.0
721449,0.0
721450,0.0
721451,0.0
721452,0.0
721453,0.0
721454,0.0
721455,0.0
721456,0.0
721457,0.0
721458,0.0
721459,0.0
721460,0.0
721461,0.0
721462,0.0
721463,0.0
721464,0.0
721465,0.0
721466,0.0
721467,0.0
721468,0.0
721469,0.0
721470,0.0
721471,0.0
721472,0.0
721473,0.0
721474,0.0
721475,0.0
721476,0.0
721477,0.0
721478,0.0
721479,0.0
721480,0.0
721481,0.0
721482,6.005224e-29
721483,0.0
721484,0.0
721485,0.0
721486,0.0
721487,0.0
721488,0.0
721489,0.0
721490,0.0
721491,0.0
721492,0.0
721493,0.0
721494,0.0
721495,0.0
721496,0.0
721497,0.0
721498,0.0
721499,0.0
721500,0.0
721501,0.0
721502,0.0
721503,0.0
721504,0.0
721505,0.0
721506,0.0
721507,0.0
721508,0.0
721509,0.0
721510,0.0
721511,0.0
721512,0.0
721513,0.0
721514,0.0
721515,0.0
721516,0.0
721517,0.0
721518,0.0
721519,0.0
721520,0.0
721521,0.0
721522,0.0
721523,0.0
721524,0.0
721525,0.0
721526,0.0
721527,0.0
721528,0.0
721529,0.0
721530,0.0
721531,0.0
721532,0.0
721533,0.0
721534,0.0
721535,0.0
721536,0.0
721537,0.0
721538,0.0
721539,0.0
721540,0.0
721541,0.0
721542,0.0
721543,0.0
721544,0.0
721545,0.0
721546,0.0
721547,0.0
721548,0.0
721549,0.0
721550,0.0
721551,0.0
721552,0.0
721553,0.0
721554,0.0
721555,0.0
721556,0.0
721557,0.0
721558,0.0
721559,0.0
721560,0.0
721561,0.0
721562,0.0
721563,0.0
721564,0.0
721565,0.0
721566,0.0
721567,0.0
721568,0.0
721569,0.0
721570,0.0
721571,0.0
721572,0.0
721573,0.0
721574,0.0
721575,0.0
721576,0.0
721577,0.0
721578,0.0
721579,0.0
721580,0.0
721581,0.0
721582,0.0
721583,0.0
721584,0.0
721585,0.0
721586,0.0
721587,0.0
721588,0.0
721589,0.0
721590,0.0
721591,0.0
721592,0.0
721593,0.0
721594,0.0
721595,0.0
721596,0.0
721597,0.0
721598,0.0
721599,0.0
721600,0.0
721601,0.0
721602,0.0
721603,0.0
721604,0.0
721605,0.0
721606,0.0
721607,0.0
721608,0.0
721609,0.0
721610,0.0
721611,0.0
721612,0.0
721613,0.0
721614,0.0
721615,0.0
721616,0.0
721617,0.0
721618,0.0
721619,0.0
721620,0.0
721621,0.0
721622,0.0
721623,0.0
721624,0.0
721625,0.0
721626,0.0
721627,0.0
721628,0.0
721629,0.0
721630,0.0
721631,0.0
721632,0.0
721633,0.0
721634,0.0
721635,0.0
721636,0.0
721637,0.0
721638,0.0
721639,0.0
721640,0.0
721641,0.0
721642,0.0
721643,0.0
721644,0.0
721645,0.0
721646,0.0
721647,0.0
721648,0.0
721649,0.0
721650,0.0
721651,0.0
721652,0.0
721653,0.0
721654,0.0
721655,0.0
721656,0.0
721657,0.0
721658,0.0
721659,0.0
721660,0.0
721661,0.0
721662,0.0
721663,0.0
721664,0.0
721665,0.0
721666,0.0
721667,0.0
721668,0.0
721669,0.0
721670,0.0
721671,0.0
721672,0.0
721673,0.0
721674,0.0
721675,0.0
721676,0.0
721677,0.0
721678,0.0
721679,0.0
721680,0.0
721681,0.0
721682,0.0
721683,0.0
721684,0.0
721685,0.0
721686,0.0
721687,0.0
721688,0.0
721689,0.0
721690,0.0
721691,0.0
721692,0.0
721693,0.0
721694,0.0
721695,0.0
721696,0.0
721697,0.0
721698,0.0
721699,0.0
721700,0.0
721701,0.22199668
721702,0.0
721703,0.0
721704,0.0
721705,0.0
721706,0.0
721707,0.0
721708,0.0
721709,0.0
721710,0.0
721711,0.0
721712,0.0
721713,0.0
721714,0.0
721715,0.0
721716,0.0
721717,0.0
721718,0.0
721719,0.0
721720,0.0
721721,0.0
721722,0.0
721723,0.0
721724,0.0
721725,0.0
721726,0.0
721727,0.0
721728,0.0
721729,0.0
721730,0.0
721731,0.0
721732,0.0
721733,0.0
721734,0.0
721735,0.0
721736,0.0
721737,0.0
721738,0.0
721739,0.0
721740,0.0
721741,0.0
721742,0.0
721743,0.0
721744,0.36242384
721745,0.0
721746,0.0
721747,0.0
721748,0.0
721749,0.0
721750,0.0
721751,0.0
721752,0.0
721753,0.0
721754,0.0
721755,0.0
721756,0.0
721757,0.0
721758,0.0
721759,0.0
721760,0.0
721761,0.0
721762,0.0
721763,0.0
721764,0.0
721765,0.0
721766,0.0
721767,0.0
721768,0.0
721769,0.0
721770,0.0
721771,0.0
721772,0.0
721773,0.0
721774,0.0
721775,0.0
721776,0.0
721777,0.0
721778,0.0
721779,0.0
721780,0.0
721781,0.0
721782,8.0132754e-13
721783,0.0
721784,0.0
721785,0.0
721786,0.0
721787,0.0
721788,0.0
721789,0.0
721790,0.0
721791,0.0
721792,0.0
721793,0.0
721794,0.0
721795,0.0
721796,0.0
721797,0.0
721798,0.0
721799,0.0
721800,0.0
721801,0.0
721802,0.0
721803,0.0
721804,0.0
721805,0.0
721806,0.0
721807,0.0
721808,0.0
721809,0.0
721810,0.0
721811,0.0
721812,0.0
721813,0.0
721814,0.0
721815,0.0
721816,0.0
721817,0.0
721818,0.0
721819,0.0
721820,0.0
721821,0.0
721822,0.0
721823,0.0
721824,0.0
721825,0.0
721826,0.0
721827,0.0
721828,0.0
721829,0.0
721830,0.0
721831,0.0
721832,0.0
721833,0.0
721834,0.0
721835,0.0
721836,0.0
721837,0.0
721838,0.0
721839,0.0
721840,0.0
721841,0.0
721842,0.0
721843,0.0
721844,0.0
721845,0.0
721846,0.0
721847,0.0
721848,0.0
721849,0.0
721850,0.0
721851,0.0
721852,0.0
721853,0.0
721854,0.0
721855,0.0
721856,0.0
721857,0.0
721858,0.0
721859,0.0
721860,0.0
721861,0.0
721862,0.0
721863,0.0
721864,0.0
721865,0.0
721866,0.0
721867,0.0
721868,0.0
721869,0.0
721870,0.0
721871,0.0
721872,0.0
721873,0.0
721874,0.0
721875,0.0
721876,0.0
721877,0.0
721878,0.0
721879,0.0
721880,0.0
721881,0.0
721882,0.0
721883,0.0
721884,0.0
721885,0.0
721886,0.0
721887,0.0
721888,0.0
721889,1.066164e-24
721890,0.0
721891,0.0
721892,0.0
721893,0.0
721894,0.0
721895,0.0
721896,0.0
721897,0.0
721898,0.0
721899,0.0
721900,0.0
721901,0.0
721902,0.0
721903,0.0
721904,0.0
721905,0.0
721906,0.0
721907,0.0
721908,0.0
721909,0.0
721910,0.0
721911,0.0
721912,0.0
721913,1.7287136e-32
721914,0.0
721915,0.0
721916,0.0
721917,0.0
721918,0.0
721919,0.0
721920,0.0
721921,0.0
721922,0.0
721923,0.0
721924,0.0
721925,0.0
721926,0.0
721927,0.0
721928,0.0
721929,0.0
721930,0.0
721931,0.0
721932,0.0
721933,0.0
721934,0.0
721935,0.0
721936,0.0
721937,0.0
721938,0.0
721939,0.0
721940,0.0
721941,0.0
721942,0.0
721943,0.0
721944,0.0
721945,0.0
721946,0.0
721947,0.0
721948,0.0
721949,0.0
721950,0.0
721951,0.0
721952,0.0
721953,0.0
721954,0.0
721955,0.0
721956,0.0
721957,0.0
721958,0.0
721959,0.0
721960,0.0
721961,0.0
721962,0.0
721963,0.0
721964,0.0
721965,0.0
721966,0.0
721967,0.0
721968,0.0
721969,0.0
721970,0.0
721971,0.0
721972,0.0
721973,0.0
721974,0.0
721975,0.0
721976,0.0
721977,0.0
721978,0.0
721979,0.0
721980,0.0
721981,0.0
721982,0.0
721983,0.0
721984,0.0
721985,0.0
721986,0.0
721987,0.0
721988,0.0
721989,0.0
721990,1.6823596e-33
721991,0.0
721992,0.0
721993,0.0
721994,0.0
721995,0.0
721996,0.0
721997,0.0
721998,0.0
721999,0.0
722000,0.0
722001,0.36242384
722002,0.0
722003,0.0
722004,0.0
722005,0.0
722006,0.0
722007,0.0
722008,0.0
722009,0.0
722010,0.0
722011,0.0
722012,0.0
722013,0.0
722014,0.0
722015,0.0
722016,0.0
722017,0.0
722018,0.0
722019,0.0
722020,0.0
722021,0.0
722022,0.0
722023,0.0
722024,0.0
722025,1.3515634e-15
722026,0.0
722027,0.0
722028,0.0
722029,0.0
722030,0.0
722031,0.0
722032,0.0
722033,0.0
722034,0.0
722035,0.0
722036,0.0
722037,0.0
722038,0.0
722039,0.0
722040,0.0
722041,0.0
722042,0.0
722043,0.0
722044,0.0
722045,0.0
722046,6.723476e-15
722047,0.0
722048,0.0
722049,0.0
722050,0.0
722051,0.0
722052,0.0
722053,0.0
722054,0.0
722055,0.0
722056,0.0
722057,0.0
722058,0.0
722059,0.0
722060,0.0
722061,0.0
722062,0.0
722063,0.0
722064,0.0
722065,0.0
722066,0.0
722067,0.0
722068,0.0
722069,0.0
722070,0.0
722071,0.0
722072,0.0
722073,0.0
722074,0.0
722075,0.0
722076,0.0
722077,0.0
722078,0.0
722079,0.0
722080,0.0
722081,0.0
722082,0.0
722083,0.0
722084,0.0
722085,0.0
722086,0.0
722087,0.0
722088,0.0
722089,0.0
722090,0.0
722091,0.0
722092,0.0
722093,0.0
722094,0.0
722095,0.0
722096,0.0
722097,0.0
722098,0.0
722099,0.0
722100,0.0
722101,0.0
722102,0.0
722103,0.0
722104,0.0
722105,0.0
722106,0.0
722107,0.0
722108,0.0
722109,0.0
722110,0.0
722111,0.0
722112,0.0
722113,0.0
722114,1.3199078e-36
722115,0.0
722116,0.0
722117,0.0
722118,0.0
722119,0.0
722120,0.0
722121,0.0
722122,0.0
722123,0.0
722124,0.0
722125,0.0
722126,0.0
722127,0.0
722128,0.0
722129,0.0
722130,0.0
722131,0.0
722132,0.0
722133,0.0
722134,0.0
722135,0.0
722136,0.0
722137,0.0
722138,0.0
722139,0.0
722140,0.0
722141,0.0
722142,0.0
722143,0.0
722144,0.0
722145,0.0
722146,0.0
722147,0.0
722148,0.0
722149,0.0
722150,0.0
722151,0.0
722152,0.0
722153,0.0
722154,0.0
722155,0.0
722156,0.0
722157,0.0
722158,0.0
722159,0.0
722160,0.0
722161,1.4314838e-37
722162,0.0
722163,0.0
722164,0.0
722165,0.0
722166,0.0
722167,0.0
722168,0.0
722169,0.0
722170,0.0
722171,0.0
722172,0.0
722173,0.0
722174,0.0
722175,0.0
722176,0.0
722177,0.0
722178,0.0
722179,0.0
722180,0.0
722181,0.0
722182,0.0
722183,0.0
722184,0.0
722185,0.0
722186,0.0
722187,0.0
722188,0.0
722189,0.0
722190,0.0
722191,0.0
722192,0.0
722193,0.0
722194,0.0
722195,0.0
722196,0.0
722197,0.0
722198,0.0
722199,0.0
722200,0.0
722201,0.0
722202,0.0
722203,0.0
722204,0.0
722205,0.0
722206,0.0
722207,0.0
722208,0.0
722209,0.0
722210,0.0
722211,0.0
722212,0.0
722213,0.0
722214,0.0
722215,0.0
722216,0.0
722217,0.0
722218,0.0
722219,0.0
722220,0.0
722221,0.0
722222,0.0
722223,0.0
722224,0.0
722225,0.0
722226,0.0
722227,0.0
722228,0.0
722229,0.0
722230,0.0
722231,0.0
722232,0.0
722233,0.0
722234,0.0
722235,0.0
722236,0.0
722237,0.0
722238,0.0
722239,0.0
722240,0.0
722241,0.0
722242,0.0
722243,0.0
722244,0.0
722245,0.0
722246,0.0
722247,0.0
722248,0.0
722249,0.0
722250,0.0
722251,0.0
722252,0.0
722253,0.0
722254,0.0
722255,0.0
722256,0.0
722257,0.0
722258,0.0
722259,0.0
722260,0.0
722261,0.0
722262,0.0
722263,0.0
722264,0.0
722265,0.0
722266,0.0
722267,0.0
722268,0.0
722269,0.0
722270,0.0
722271,0.0
722272,0.0
722273,0.0
722274,0.0
722275,0.0
722276,0.0
722277,0.0
722278,0.0
722279,0.0
722280,0.0
722281,0.0
722282,0.0
722283,0.0
722284,0.0
722285,0.0
722286,0.0
722287,0.0
722288,0.0
722289,0.0
722290,0.0
722291,0.0
722292,5.125527e-19
722293,3.6604183e-14
722294,0.0
722295,0.0
722296,0.0
722297,0.0
722298,0.0
722299,0.0
722300,0.0
722301,0.0
722302,0.0
722303,0.0
722304,0.0
722305,0.0
722306,0.0
722307,0.0
722308,0.0
722309,0.0
722310,0.0
722311,0.0
722312,0.0
722313,0.0
722314,0.0
722315,0.0
722316,0.0
722317,0.0
722318,0.0
722319,0.0
722320,0.0
722321,0.0
722322,0.0
722323,0.0
722324,0.0
722325,0.0
722326,0.0
722327,0.0
722328,0.0
722329,0.0
722330,0.0
722331,0.0
722332,0.0
722333,0.0
722334,0.20539448
722335,0.0
722336,0.0
722337,0.0
722338,4.7162665e-23
722339,0.0
722340,0.0
722341,0.0
722342,0.0
722343,0.0
722344,0.0
722345,0.0
722346,0.0
722347,0.0
722348,0.0
722349,0.0
722350,0.0
722351,0.0
722352,0.0
722353,0.0
722354,0.0
722355,0.0
722356,0.0
722357,0.0
722358,0.0
722359,0.0
722360,0.0
722361,0.0
722362,0.0
722363,0.0
722364,0.0
722365,0.0
722366,0.0
722367,0.0
722368,0.0
722369,0.0
722370,0.0
722371,0.0
722372,0.0
722373,0.0
722374,0.0
722375,0.0
722376,0.0
722377,0.0
722378,0.0
722379,0.0
722380,0.0
722381,0.0
722382,0.0
722383,0.0
722384,0.0
722385,0.0
722386,0.0
722387,0.0
722388,0.0
722389,0.0
722390,0.0
722391,0.0
722392,0.0
722393,0.0
722394,0.0
722395,0.0
722396,0.0
722397,0.0
722398,0.0
722399,0.0
722400,0.0
722401,0.0
722402,0.0
722403,0.0
722404,0.0
722405,0.0
722406,0.0
722407,0.0
722408,0.0
722409,0.0
722410,0.0
722411,0.0
722412,0.0
722413,0.0
722414,0.0
722415,0.0
722416,0.0
722417,0.0
722418,0.0
722419,0.0
722420,0.0
722421,0.0
722422,0.0
722423,0.0
722424,0.0
722425,0.0
722426,0.0
722427,0.0
722428,0.0
722429,0.0
722430,0.0
722431,0.0
722432,0.0
722433,0.0
722434,0.0
722435,0.0
722436,0.0
722437,0.0
722438,0.0
722439,0.0
722440,0.0
722441,0.0
722442,0.0
722443,0.0
722444,0.0
722445,0.0
722446,0.0
722447,0.0
722448,0.0
722449,0.0
722450,0.0
722451,0.0
722452,0.0
722453,0.0
722454,0.0
722455,0.0
722456,0.0
722457,0.0
722458,0.0
722459,0.0
722460,0.0
722461,0.0
722462,0.0
722463,0.0
722464,0.0
722465,0.0
722466,0.0
722467,0.0
722468,0.0
722469,0.0
722470,0.0
722471,0.0
722472,0.0
722473,0.0
722474,0.0
722475,0.0
722476,0.0
722477,0.0
722478,0.0
722479,0.0
722480,0.0
722481,0.0
722482,0.0
722483,0.0
722484,0.0
722485,0.0
722486,0.0
722487,0.0
722488,0.0
722489,0.0
722490,0.0
722491,0.0
722492,0.0
722493,0.0
722494,0.0
722495,0.0
722496,0.0
722497,0.0
722498,0.0
722499,0.0
722500,0.0
722501,0.0
722502,0.0
722503,0.0
722504,0.0
722505,0.0
722506,0.0
722507,0.0
722508,0.0
722509,0.0
722510,0.0
722511,0.0
722512,0.0
722513,0.0
722514,0.0
722515,0.0
722516,0.0
722517,0.0
722518,0.0
722519,0.0
722520,0.0
722521,0.0
722522,0.0
722523,0.0
722524,0.0
722525,0.0
722526,0.0
722527,0.0
722528,0.0
722529,0.0
722530,0.0
722531,0.0
722532,0.0
722533,0.0
722534,0.0
722535,0.0
722536,0.0
722537,0.0
722538,0.0
722539,0.0
722540,0.0
722541,0.0
722542,0.0
722543,0.0
722544,0.0
722545,0.0
722546,0.0
722547,0.0
722548,0.0
722549,0.0
722550,0.0
722551,0.0
722552,0.0
722553,0.0
722554,0.0
722555,0.0
722556,0.0
722557,0.0
722558,0.0
722559,0.0
722560,0.0
722561,0.0
722562,0.0
722563,0.0
722564,0.0
722565,0.0
722566,0.0
722567,0.0
722568,0.0
722569,0.0
722570,0.0
722571,0.0
722572,0.0
722573,0.0
722574,0.0
722575,0.0
722576,3.0322017e-34
722577,0.0
722578,0.0
722579,0.0
722580,0.0
722581,5.7401734e-16
722582,0.0
722583,0.0
722584,0.0
722585,0.0
722586,0.0
722587,0.0
722588,0.0
722589,0.0
722590,0.0
722591,0.0
722592,0.0
722593,0.0
722594,0.0
722595,0.0
722596,0.0
722597,0.0
722598,0.0
722599,0.0
722600,0.0
722601,0.0
722602,0.0
722603,0.0
722604,0.0
722605,0.0
722606,0.0
722607,0.0
722608,0.0
722609,0.0
722610,0.0
722611,0.0
722612,0.0
722613,0.0
722614,0.0
722615,0.0
722616,0.0
722617,0.0
722618,0.0
722619,0.0
722620,0.0
722621,0.0
722622,0.0
722623,0.0
722624,0.0
722625,0.0
722626,0.0
722627,0.0
722628,0.0
722629,0.0
722630,0.0
722631,0.0
722632,0.0
722633,0.0
722634,0.0
722635,0.0
722636,0.0
722637,0.0
722638,0.0
722639,0.0
722640,0.0
722641,0.0
722642,0.0
722643,0.0
722644,0.0
722645,0.0
722646,0.0
722647,0.0
722648,0.0
722649,0.0
722650,0.0
722651,0.0
722652,0.0
722653,0.0
722654,0.0
722655,0.0
722656,0.0
722657,0.0
722658,0.0
722659,0.0
722660,0.0
722661,0.0
722662,0.0
722663,0.0
722664,0.0
722665,0.0
722666,0.0
722667,0.0
722668,0.0
722669,0.0
722670,0.0
722671,0.0
722672,0.0
722673,0.0
722674,0.0
722675,0.0
722676,0.0
722677,0.0
722678,0.0
722679,0.0
722680,0.0
722681,0.0
722682,0.0
722683,0.0
722684,0.0
722685,0.0
722686,0.0
722687,0.0
722688,0.0
722689,0.0
722690,0.0
722691,0.0
722692,0.0
722693,0.0
722694,0.0
722695,0.0
722696,0.0
722697,0.0
722698,0.0
722699,0.0
722700,0.0
722701,0.0
722702,0.0
722703,0.0
722704,0.0
722705,0.0
722706,0.0
722707,0.0
722708,0.0
722709,0.0
722710,0.0
722711,0.0
722712,0.0
722713,0.0
722714,0.0
722715,0.0
722716,0.0
722717,0.0
722718,0.0
722719,0.0
722720,0.0
722721,0.0
722722,0.0
722723,0.0
722724,0.0
722725,0.0
722726,0.0
722727,0.0
722728,0.0
722729,0.0
722730,0.0
722731,0.0
722732,0.0
722733,0.0
722734,0.0
722735,0.0
722736,0.0
722737,0.0
722738,0.0
722739,0.0
722740,0.0
722741,0.0
722742,0.0
722743,0.0
722744,0.0
722745,0.0
722746,0.0
722747,0.0
722748,0.0
722749,0.0
722750,0.0
722751,0.0
722752,0.0
722753,0.0
722754,0.0
722755,0.0
722756,0.0
722757,0.0
722758,0.0
722759,0.0
722760,0.0
722761,0.0
722762,0.0
722763,0.0
722764,0.0
722765,0.0
722766,0.0
722767,0.0
722768,0.0
722769,0.0
722770,0.0
722771,0.0
722772,0.0
722773,0.0
722774,0.0
722775,0.0
722776,0.0
722777,0.0
722778,0.0
722779,0.0
722780,0.0
722781,0.0
722782,0.0
722783,0.0
722784,0.0
722785,0.0
722786,0.0
722787,0.0
722788,0.0
722789,0.0
722790,0.0
722791,0.0
722792,0.0
722793,0.0
722794,0.0
722795,0.0
722796,0.0
722797,0.0
722798,0.0
722799,0.0
722800,0.0
722801,0.0
722802,0.0
722803,0.0
722804,0.0
722805,0.0
722806,0.0
722807,0.0
722808,0.0
722809,0.0
722810,0.0
722811,0.0
722812,0.0
722813,0.0
722814,0.0
722815,0.0
722816,0.0
722817,0.0
722818,0.0
722819,0.0
722820,0.0
722821,0.0
722822,0.0
722823,0.0
722824,0.0
722825,0.0
722826,0.0
722827,0.0
722828,0.0
722829,0.0
722830,0.0
722831,0.0
722832,0.0
722833,0.0
722834,0.0
722835,0.0
722836,0.0
722837,0.0
722838,0.0
722839,0.0
722840,0.0
722841,0.0
722842,3.617542e-27
722843,0.0
722844,0.0
722845,0.0
722846,0.0
722847,0.0
722848,0.0
722849,0.0
722850,0.0
722851,0.0
722852,0.0
722853,0.0
722854,0.0
722855,0.0
722856,0.0
722857,0.0
722858,0.0
722859,0.0
722860,0.0
722861,0.0
722862,0.0
722863,0.0
722864,0.0
722865,0.0
722866,0.0
722867,0.0
722868,0.0
722869,0.0
722870,0.0
722871,0.0
722872,0.0
722873,0.0
722874,0.0
722875,0.0
722876,0.0
722877,0.0
722878,0.0
722879,0.0
722880,0.0
722881,0.0
722882,0.0
722883,0.0
722884,0.0
722885,0.0
722886,0.0
722887,0.0
722888,0.0
722889,0.0
722890,3.0382814e-26
722891,0.0
722892,0.0
722893,0.0
722894,0.0
722895,0.0
722896,0.0
722897,0.0
722898,0.0
722899,0.0
722900,0.0
722901,0.0
722902,0.0
722903,0.0
722904,0.0
722905,0.0
722906,0.0
722907,0.0
722908,0.0
722909,0.0
722910,0.0
722911,0.0
722912,0.0
722913,0.0
722914,0.0
722915,0.0
722916,0.0
722917,0.0
722918,0.0
722919,0.0
722920,0.0
722921,0.0
722922,0.0
722923,0.0
722924,0.0
722925,0.0
722926,0.0
722927,0.0
722928,0.0
722929,0.0
722930,0.0
722931,0.0
722932,0.0
722933,0.0
722934,0.0
722935,0.0
722936,0.0
722937,0.0
722938,0.0
722939,0.0
722940,0.0
722941,0.0
722942,0.0
722943,0.0
722944,0.0
722945,0.0
722946,0.0
722947,0.0
722948,0.0
722949,0.0
722950,0.0
722951,0.0
722952,0.0
722953,0.0
722954,0.0
722955,0.0
722956,0.0
722957,0.0
722958,0.0
722959,0.0
722960,0.0
722961,0.0
722962,0.0
722963,0.0
722964,0.0
722965,0.0
722966,0.0
722967,0.0
722968,0.0
722969,0.0
722970,0.0
722971,0.0
722972,0.0
722973,0.0
722974,0.0
722975,0.0
722976,0.0
722977,0.0
722978,0.0
722979,0.0
722980,0.0
722981,0.0
722982,0.0
722983,0.0
722984,0.0
722985,0.0
722986,0.0
722987,0.0
722988,1.6335744e-26
722989,0.0
722990,0.0
722991,0.0
722992,0.0
722993,0.0
722994,0.0
722995,0.0
722996,0.0
722997,0.0
722998,0.0
722999,0.0
723000,0.0
723001,0.0
723002,0.0
723003,0.0
723004,0.14088976
723005,0.0
723006,0.0
723007,0.0
723008,0.0
723009,0.0
723010,0.0
723011,0.0
723012,4.1942244e-37
723013,0.0
723014,0.0
723015,0.0
723016,0.0
723017,0.0
723018,0.0
723019,0.0
723020,0.0
723021,0.0
723022,0.0
723023,0.0
723024,0.0
723025,0.0
723026,0.0
723027,0.0
723028,0.0
723029,0.0
723030,0.0
723031,0.0
723032,0.0
723033,0.0
723034,0.0
723035,0.0
723036,0.0
723037,0.0
723038,0.0
723039,0.0
723040,0.0
723041,0.0
723042,0.0
723043,0.0
723044,0.0
723045,0.0
723046,0.0
723047,0.0
723048,0.0
723049,0.0
723050,0.0
723051,0.0
723052,0.0
723053,0.0
723054,0.0
723055,0.0
723056,0.0
723057,0.0
723058,0.0
723059,0.1131788
723060,0.0
723061,0.0
723062,0.0
723063,0.0
723064,0.0
723065,0.0
723066,0.0
723067,0.0
723068,0.0
723069,0.0
723070,0.0
723071,0.0
723072,0.0
723073,0.0
723074,0.0
723075,0.0
723076,0.0
723077,0.0
723078,0.0
723079,0.0
723080,0.0
723081,0.0
723082,0.0
723083,0.0
723084,0.0
723085,0.0
723086,0.0
723087,0.0
723088,0.0
723089,0.0
723090,0.0
723091,0.0
723092,3.5556917e-25
723093,0.0
723094,0.0
723095,0.0
723096,0.0
723097,0.0
723098,0.0
723099,0.0
723100,0.0
723101,0.0
723102,0.0
723103,0.0
723104,0.0
723105,0.0
723106,0.0
723107,0.0
723108,0.0
723109,0.0
723110,0.0
723111,0.0
723112,0.0
723113,0.0
723114,0.0
723115,0.0
723116,0.0
723117,0.0
723118,0.0
723119,0.0
723120,0.0
723121,0.0
723122,0.0
723123,0.0
723124,0.0
723125,0.0
723126,0.0
723127,0.0
723128,0.0
723129,0.0
723130,0.0
723131,0.0
723132,0.0
723133,0.0
723134,0.0
723135,0.0
723136,0.0
723137,0.0
723138,0.0
723139,0.0
723140,0.0
723141,0.0
723142,0.0
723143,0.0
723144,0.0
723145,0.0
723146,0.0
723147,0.0
723148,0.0
723149,0.0
723150,0.0
723151,0.0
723152,0.0
723153,0.0
723154,0.0
723155,0.0
723156,0.0
723157,0.0
723158,0.0
723159,0.0
723160,0.0
723161,0.0
723162,0.0
723163,0.0
723164,0.0
723165,0.0
723166,0.0
723167,0.0
723168,0.0
723169,0.0
723170,0.0
723171,0.0
723172,0.0
723173,0.0
723174,0.0
723175,0.0
723176,0.0
723177,2.5858207e-22
723178,0.0
723179,0.0
723180,0.0
723181,0.0
723182,0.0
723183,0.0
723184,0.0
723185,0.0
723186,0.0
723187,0.0
723188,0.0
723189,0.0
723190,0.0
723191,0.0
723192,0.0
723193,0.0
723194,0.0
723195,0.0
723196,0.0
723197,0.0
723198,0.0
723199,0.0
723200,0.0
723201,0.0
723202,0.0
723203,0.0
723204,0.0
723205,0.0
723206,0.0
723207,0.0
723208,0.0
723209,0.0
723210,0.0
723211,0.0
723212,0.0
723213,0.0
723214,0.0
723215,0.0
723216,0.0
723217,0.0
723218,0.0
723219,0.0
723220,0.0
723221,0.0
723222,0.0
723223,0.0
723224,0.0
723225,0.0
723226,0.0
723227,0.0
723228,0.0
723229,0.0
723230,0.0
723231,0.0
723232,0.0
723233,0.0
723234,0.0
723235,0.0
723236,0.0
723237,0.0
723238,0.0
723239,0.0
723240,0.0
723241,0.0
723242,0.0
723243,0.0
723244,0.0
723245,0.0
723246,0.0
723247,0.0
723248,0.0
723249,0.0
723250,0.0
723251,0.0
723252,0.0
723253,0.0
723254,0.0
723255,0.0
723256,0.0
723257,0.0
723258,0.0
723259,0.0
723260,0.0
723261,0.0
723262,0.0
723263,0.0
723264,0.0
723265,0.0
723266,0.0
723267,0.0
723268,0.0
723269,0.0
723270,0.0
723271,0.0
723272,0.0
723273,0.0
723274,0.0
723275,0.0
723276,0.0
723277,0.0
723278,0.0
723279,0.0
723280,0.0
723281,0.0
723282,0.0
723283,0.0
723284,0.0
723285,0.0
723286,0.0
723287,0.0
723288,0.0
723289,0.0
723290,0.0
723291,0.0
723292,0.0
723293,0.0
723294,0.0
723295,0.0
723296,0.0
723297,0.0
723298,0.0
723299,0.0
723300,0.0
723301,0.0
723302,2.8943955e-08
723303,0.0
723304,0.0
723305,0.0
723306,0.0
723307,0.0
723308,0.0
723309,0.0
723310,0.0
723311,0.0
723312,0.0
723313,0.0
723314,0.0
723315,0.0
723316,0.0
723317,0.0
723318,0.0
723319,0.0
723320,0.0
723321,0.0
723322,0.0
723323,0.0
723324,0.0
723325,0.0
723326,0.0
723327,0.0
723328,0.0
723329,0.0
723330,0.0
723331,0.0
723332,0.0
723333,0.0
723334,0.0
723335,0.0
723336,0.0
723337,0.0
723338,0.0
723339,0.0
723340,0.0
723341,0.0
723342,0.0
723343,0.0
723344,0.0
723345,0.0
723346,0.0
723347,0.0
723348,0.0
723349,0.0
723350,0.0
723351,0.0
723352,0.0
723353,0.0
723354,0.0
723355,0.0
723356,0.0
723357,0.0
723358,0.0
723359,0.0
723360,0.0
723361,0.0
723362,0.0
723363,0.0
723364,0.0
723365,0.0
723366,0.0
723367,0.0
723368,0.0
723369,0.0
723370,0.0
723371,0.0
723372,0.0
723373,0.0
723374,0.0
723375,0.0
723376,0.0
723377,0.0
723378,0.0
723379,0.0
723380,0.0
723381,0.0
723382,0.0
723383,0.0
723384,0.0
723385,0.0
723386,0.0
723387,0.0
723388,0.0
723389,0.0
723390,0.0
723391,0.0
723392,0.0
723393,0.0
723394,0.0
723395,0.0
723396,0.0
723397,0.0
723398,0.0
723399,0.0
723400,0.0
723401,0.0
723402,0.0
723403,0.0
723404,0.0
723405,0.0
723406,0.0
723407,0.0
723408,0.0
723409,0.0
723410,0.0
723411,0.0
723412,0.0
723413,0.0
723414,0.0
723415,0.0
723416,0.0
723417,0.0
723418,0.0
723419,0.0
723420,0.0
723421,0.0
723422,0.0
723423,0.0
723424,0.0
723425,0.0
723426,0.0
723427,0.0
723428,0.0
723429,0.0
723430,0.0
723431,0.0
723432,0.0
723433,0.0
723434,0.0
723435,0.0
723436,0.0
723437,0.0
723438,0.0
723439,0.0
723440,0.0
723441,0.0
723442,0.25086436
723443,0.0
723444,0.0
723445,0.0
723446,0.0
723447,0.0
723448,0.0
723449,0.0
723450,0.0
723451,0.0
723452,0.0
723453,0.0
723454,0.0
723455,0.0
723456,0.0
723457,0.0
723458,0.0
723459,0.0
723460,0.0
723461,0.0
723462,0.0
723463,0.0
723464,0.0
723465,0.0
723466,0.0
723467,0.0
723468,0.0
723469,0.0
723470,0.0
723471,0.0
723472,0.0
723473,0.0
723474,0.0
723475,0.0
723476,0.0
723477,0.0
723478,0.0
723479,0.0
723480,0.0
723481,0.0
723482,0.0
723483,0.0
723484,0.0
723485,0.0
723486,0.0
723487,0.0
723488,0.0
723489,0.0
723490,0.0
723491,0.0
723492,0.0
723493,0.0
723494,0.0
723495,0.0
723496,0.0
723497,0.0
723498,0.0
723499,0.0
723500,0.0
723501,0.0
723502,0.0
723503,0.0
723504,0.0
723505,0.0
723506,0.0
723507,5.594587e-05
723508,0.0
723509,0.0
723510,0.0
723511,0.0
723512,0.0
723513,0.0
723514,0.0
723515,0.0
723516,0.0
723517,0.0
723518,0.0
723519,0.0
723520,0.0
723521,0.0
723522,0.0
723523,0.36242384
723524,0.0
723525,0.0
723526,0.0
723527,0.0
723528,0.0
723529,0.0
723530,0.0
723531,0.0
723532,0.0
723533,0.0
723534,0.0
723535,0.0
723536,0.0
723537,0.0
723538,0.0
723539,0.0
723540,0.0
723541,0.0
723542,0.0
723543,0.0
723544,0.0
723545,0.0
723546,0.0
723547,0.0
723548,0.0
723549,0.0
723550,0.0
723551,0.0
723552,0.0
723553,0.0
723554,0.0
723555,0.0
723556,0.0
723557,0.0
723558,0.0
723559,0.0
723560,0.0
723561,0.0
723562,0.0
723563,0.0
723564,0.0
723565,0.0
723566,0.0
723567,0.0
723568,0.0
723569,0.0
723570,0.0
723571,0.0
723572,0.0
723573,0.0
723574,0.0
723575,0.0
723576,0.0
723577,0.0
723578,0.0
723579,0.0
723580,0.0
723581,0.0
723582,0.0
723583,0.0
723584,0.0
723585,0.0
723586,0.0
723587,0.0
723588,0.0
723589,0.0
723590,0.0
723591,0.0
723592,0.0
723593,0.0
723594,0.0
723595,0.0
723596,0.0
723597,0.0
723598,0.0
723599,0.0
723600,0.0
723601,0.0
723602,0.0
723603,0.0
723604,0.0
723605,0.0
723606,0.0
723607,0.0
723608,0.0
723609,0.0
723610,0.0
723611,0.0
723612,0.0
723613,0.0
723614,0.0
723615,0.0
723616,0.0
723617,0.0
723618,0.0
723619,0.0
723620,0.0
723621,0.0
723622,0.0
723623,0.0
723624,0.0
723625,0.0
723626,0.0
723627,0.0
723628,0.0
723629,0.0
723630,0.0
723631,0.0
723632,0.0
723633,0.0
723634,0.0
723635,0.0
723636,0.0
723637,0.0
723638,0.0
723639,0.0
723640,0.0
723641,0.0
723642,0.0
723643,0.0
723644,0.0
723645,0.0
723646,0.0
723647,0.0
723648,0.0
723649,0.0
723650,0.0
723651,0.0
723652,0.0
723653,0.0
723654,0.0
723655,0.0
723656,0.0
723657,0.0
723658,0.0
723659,0.0
723660,0.0
723661,0.0
723662,0.0
723663,0.0
723664,0.0
723665,0.0
723666,0.0
723667,0.0
723668,0.0
723669,0.0
723670,0.0
723671,0.0
723672,0.0
723673,0.0
723674,0.0
723675,0.0
723676,0.0
723677,0.0
723678,0.0
723679,0.0
723680,0.0
723681,0.0
723682,0.0
723683,0.0
723684,0.0
723685,0.0
723686,0.0
723687,0.0
723688,0.0
723689,0.0
723690,0.0
723691,0.0
723692,0.0
723693,0.0
723694,0.0
723695,0.0
723696,0.0
723697,0.0
723698,0.0
723699,0.0
723700,0.0
723701,0.0
723702,0.0
723703,0.0
723704,0.0
723705,0.0
723706,0.0
723707,0.0
723708,0.0
723709,0.0
723710,0.0
723711,0.0
723712,0.0
723713,0.0
723714,0.0
723715,0.0
723716,0.0
723717,0.0
723718,0.0
723719,0.0
723720,0.0
723721,0.0
723722,0.0
723723,0.0
723724,0.0
723725,5.869306e-39
723726,0.0
723727,0.0
723728,0.0
723729,0.0
723730,0.0
723731,0.0
723732,0.0
723733,0.0
723734,0.0
723735,0.0
723736,0.0
723737,1.6170713e-13
723738,0.0
723739,0.0
723740,0.0
723741,0.0
723742,0.0
723743,0.0
723744,0.0
723745,0.0
723746,0.0
723747,0.0
723748,0.0
723749,0.0
723750,1.6869131e-10
723751,0.0
723752,0.0
723753,0.0
723754,0.0
723755,0.0
723756,1.7535729e-33
723757,0.0
723758,0.0
723759,0.0
723760,0.0
723761,0.0
723762,0.0
723763,0.0
723764,0.0
723765,0.0
723766,0.0
723767,0.0
723768,0.0
723769,0.0
723770,0.0
723771,0.0
723772,0.0
723773,0.0
723774,0.0
723775,0.0
723776,0.0
723777,0.0
723778,0.0
723779,0.0
723780,0.0
723781,0.0
723782,0.0
723783,0.0
723784,0.0
723785,0.0
723786,0.0
723787,0.0
723788,0.0
723789,0.0
723790,0.0
723791,0.0
723792,0.0
723793,0.0
723794,0.0
723795,0.0
723796,0.0
723797,0.0
723798,0.0
723799,0.0
723800,0.0
723801,0.0
723802,0.0
723803,0.0
723804,0.0
723805,0.0
723806,0.0
723807,0.0
723808,0.0
723809,0.0
723810,0.0
723811,0.0
723812,0.0
723813,0.0
723814,0.0
723815,0.0
723816,0.0
723817,0.0
723818,0.0
723819,0.0
723820,0.0
723821,0.0
723822,0.0
723823,0.0
723824,0.0
723825,0.0
723826,0.0
723827,0.0
723828,0.0
723829,0.0
723830,0.0
723831,0.0
723832,0.0
723833,0.0
723834,0.0
723835,0.0
723836,0.0
723837,0.0
723838,0.0
723839,0.0
723840,0.0
723841,0.0
723842,0.0
723843,0.0
723844,0.0
723845,0.0
723846,0.0
723847,0.0
723848,0.0
723849,0.0
723850,0.0
723851,0.0
723852,0.0
723853,0.0
723854,0.0
723855,0.0
723856,0.0
723857,0.0
723858,0.0
723859,0.0
723860,0.0
723861,0.0
723862,0.0
723863,0.0
723864,0.0
723865,0.0
723866,0.0
723867,0.0
723868,0.0
723869,0.0
723870,0.0
723871,0.0
723872,0.0
723873,0.0
723874,0.0
723875,0.0
723876,0.0
723877,0.0
723878,0.0
723879,0.0
723880,0.0
723881,0.0
723882,0.0
723883,0.0
723884,0.0
723885,0.0
723886,0.0
723887,0.0
723888,0.0
723889,0.0
723890,0.0
723891,0.0
723892,0.0
723893,0.0
723894,0.0
723895,0.0
723896,0.0
723897,0.0
723898,0.0
723899,0.0
723900,0.0
723901,0.0
723902,0.0
723903,0.0
723904,0.0
723905,0.0
723906,0.0
723907,0.0
723908,0.0
723909,0.0
723910,0.0
723911,0.0
723912,0.0
723913,0.0
723914,0.0
723915,0.0
723916,0.0
723917,0.0
723918,0.0
723919,0.0
723920,0.0
723921,0.0
723922,0.0
723923,0.0
723924,0.0
723925,0.0
723926,0.0
723927,0.0
723928,0.0
723929,0.0
723930,0.0
723931,0.0
723932,0.0
723933,0.0
723934,0.0
723935,0.0
723936,0.0
723937,0.0
723938,0.0
723939,0.0
723940,0.0
723941,0.0
723942,0.0
723943,0.0
723944,0.0
723945,0.0
723946,0.0
723947,0.0
723948,0.0
723949,0.0
723950,0.0
723951,0.0
723952,0.0
723953,0.0
723954,0.0
723955,0.0
723956,0.0
723957,0.0
723958,0.0
723959,0.0
723960,1.2294449e-21
723961,0.0
723962,0.0
723963,0.0
723964,0.0
723965,0.0
723966,0.0
723967,0.0
723968,0.0
723969,0.0
723970,0.0
723971,0.0
723972,0.0
723973,0.0
723974,0.0
723975,0.0
723976,0.0
723977,0.0
723978,0.0
723979,0.0
723980,0.0
723981,0.0
723982,0.0
723983,0.0
723984,0.0
723985,0.0
723986,0.0
723987,0.0
723988,0.0
723989,0.0
723990,0.0
723991,0.0
723992,0.0
723993,0.0
723994,0.0014935262
723995,0.0
723996,0.0
723997,0.0
723998,0.0
723999,0.0
724000,0.0
724001,0.0
724002,0.0
724003,0.0
724004,0.0
724005,0.0
724006,7.898557e-09
724007,0.0
724008,0.0
724009,0.0
724010,0.0
724011,0.0
724012,0.0
724013,0.0
724014,0.0
724015,0.0
724016,0.0
724017,0.0
724018,0.0
724019,0.0
724020,0.0
724021,0.0
724022,0.0
724023,0.0
724024,0.0
724025,0.0
724026,0.0
724027,0.0
724028,0.0
724029,0.0
724030,0.0
724031,0.0
724032,0.0
724033,0.0
724034,0.0
724035,0.0
724036,0.0
724037,0.0
724038,0.0
724039,0.0
724040,0.0
724041,0.0
724042,0.0
724043,0.0
724044,0.0
724045,0.0
724046,0.0
724047,0.0
724048,0.0
724049,0.0
724050,0.0
724051,0.0
724052,0.0
724053,0.0
724054,0.0
724055,0.0
724056,0.0
724057,0.0
724058,0.0
724059,0.0
724060,0.0
724061,0.0
724062,0.0
724063,0.0
724064,0.0
724065,3.1284412e-06
724066,0.0
724067,0.0
724068,0.0
724069,0.0
724070,0.0
724071,0.0
724072,0.0
724073,0.0
724074,0.0
724075,0.0
724076,0.0
724077,0.0
724078,0.0
724079,0.0
724080,0.0
724081,0.0
724082,0.0
724083,0.0
724084,0.0
724085,0.0
724086,0.0
724087,0.0
724088,0.0
724089,0.0
724090,0.0
724091,0.0
724092,0.0
724093,0.0
724094,1.7218413e-26
724095,0.0
724096,0.0
724097,0.0
724098,0.00013869417
724099,0.0
724100,0.0
724101,0.0
724102,0.0
724103,0.0
724104,0.0
724105,0.0
724106,0.0
724107,0.0
724108,0.0
724109,0.0
724110,0.0
724111,0.0
724112,0.0
724113,0.0
724114,0.0
724115,0.0
724116,0.0
724117,0.0
724118,0.0
724119,0.0
724120,0.0
724121,0.0
724122,0.0
724123,0.0
724124,0.0
724125,0.0
724126,0.0
724127,0.0
724128,0.0
724129,0.0
724130,0.0
724131,0.0
724132,0.0
724133,0.0
724134,0.0
724135,1.7168464e-15
724136,0.0
724137,0.0
724138,0.0
724139,0.0
724140,0.0
724141,0.0
724142,0.0
724143,0.0
724144,0.0
724145,0.0
724146,4.5431738e-05
724147,0.0
724148,0.0
724149,0.0
724150,0.0
724151,0.0
724152,0.0
724153,0.0
724154,0.0
724155,0.0
724156,0.0
724157,0.0
724158,0.0
724159,0.0
724160,0.0
724161,0.0
724162,0.0
724163,0.0
724164,0.0
724165,0.0
724166,0.0
724167,0.0
724168,0.0
724169,0.0
724170,0.0
724171,0.0
724172,0.0
724173,0.0
724174,0.0
724175,0.0
724176,0.0
724177,0.0
724178,0.0
724179,0.0
724180,0.0
724181,0.0
724182,0.0
724183,0.0
724184,0.0
724185,0.0
724186,1.4903071e-09
724187,0.0
724188,0.0
724189,0.0
724190,0.0
724191,0.0
724192,0.0
724193,2.4161268e-19
724194,0.0
724195,0.0
724196,0.0
724197,0.0
724198,0.0
724199,0.0
724200,0.0
724201,0.0
724202,0.0
724203,0.0
724204,0.0
724205,0.0
724206,0.0
724207,0.0
724208,0.0
724209,0.0
724210,0.0
724211,0.0
724212,0.0
724213,0.0
724214,0.0
724215,0.0
724216,0.0
724217,0.0
724218,0.0
724219,0.0
724220,0.0
724221,0.0
724222,0.0
724223,0.0
724224,0.0
724225,0.0
724226,0.0
724227,0.0
724228,0.0
724229,0.0
724230,0.0
724231,0.0
724232,0.0
724233,0.0
724234,0.0
724235,0.0
724236,0.0
724237,0.0
724238,0.0
724239,0.0
724240,0.0
724241,0.0
724242,0.0
724243,0.0
724244,0.0
724245,0.0
724246,0.0
724247,0.0
724248,0.0
724249,0.0
724250,0.0
724251,0.0
724252,0.0
724253,0.0
724254,0.0
724255,0.0
724256,0.0
724257,0.0
724258,0.0
724259,0.0
724260,0.0
724261,0.0
724262,0.0
724263,0.0
724264,0.0
724265,0.0
724266,0.0
724267,0.0
724268,0.0
724269,0.0
724270,0.0
724271,0.0
724272,0.0
724273,0.0
724274,0.0
724275,0.0
724276,0.0
724277,0.0
724278,0.0
724279,0.0
724280,0.0
724281,0.0
724282,0.0
724283,0.0
724284,0.0
724285,0.0
724286,0.0
724287,0.0
724288,0.0
724289,0.0
724290,0.0
724291,0.0
724292,0.0
724293,0.0
724294,0.0
724295,0.0
724296,0.0
724297,0.0
724298,0.0
724299,0.0
724300,0.0
724301,0.0
724302,0.0
724303,0.0
724304,0.0
724305,0.0
724306,0.0
724307,0.0
724308,0.0
724309,0.0
724310,0.0
724311,0.0
724312,0.0
724313,0.0
724314,0.0
724315,0.0
724316,0.0
724317,0.0
724318,0.0
724319,0.0
724320,0.0
724321,0.0
724322,0.0
724323,0.0
724324,0.0
724325,0.0
724326,0.0
724327,0.0
724328,0.0
724329,0.0
724330,0.0
724331,0.0
724332,1.849014e-34
724333,0.0
724334,0.0
724335,0.0
724336,0.0
724337,0.0
724338,0.0
724339,0.0
724340,0.0
724341,0.0
724342,0.0
724343,0.0
724344,0.0
724345,0.0
724346,0.0
724347,0.0
724348,0.0
724349,0.0
724350,0.0
724351,0.0
724352,0.0
724353,0.0
724354,0.0
724355,0.0
724356,0.0
724357,0.0
724358,0.0
724359,0.0
724360,0.0
724361,0.0
724362,0.0
724363,0.0
724364,0.0
724365,0.0
724366,0.0
724367,0.0
724368,0.0
724369,0.0
724370,0.0
724371,0.0
724372,0.0
724373,0.0
724374,0.0
724375,0.0
724376,0.0
724377,0.0
724378,0.0
724379,0.0
724380,0.0
724381,0.0
724382,0.0
724383,0.0
724384,0.0
724385,0.0
724386,0.0
724387,0.0
724388,0.0
724389,0.0
724390,0.0
724391,0.0
724392,0.0
724393,0.0
724394,0.0
724395,0.0
724396,0.0
724397,0.0
724398,0.0
724399,0.0
724400,0.0
724401,0.0
724402,0.0
724403,0.0
724404,0.0
724405,0.0
724406,0.0
724407,0.0
724408,0.0
724409,0.0
724410,0.0
724411,0.0
724412,0.0
724413,0.0
724414,0.0
724415,0.0
724416,0.0
724417,0.0
724418,0.0
724419,0.0
724420,0.0
724421,0.0
724422,0.0
724423,0.0
724424,0.0
724425,0.0
724426,0.0
724427,0.0
724428,0.0
724429,0.0
724430,0.0
724431,0.0
724432,0.0
724433,0.0
724434,0.0
724435,0.0
724436,0.0
724437,0.0
724438,0.0
724439,0.0
724440,0.0
724441,0.0
724442,0.0
724443,0.0
724444,0.0
724445,0.0
724446,0.0
724447,0.0
724448,0.0
724449,0.0
724450,0.0
724451,0.0
724452,0.0
724453,0.0
724454,0.0
724455,0.0
724456,0.0
724457,0.0
724458,0.0
724459,0.1310407
724460,0.0
724461,0.0
724462,0.0
724463,0.0
724464,0.0
724465,0.0
724466,0.0
724467,0.0
724468,0.0
724469,0.0
724470,0.0
724471,0.0
724472,0.0
724473,0.0
724474,0.0
724475,0.0
724476,0.0
724477,0.0
724478,0.0
724479,0.0
724480,0.0
724481,0.0
724482,0.0
724483,0.0
724484,0.0
724485,0.0
724486,0.0
724487,0.0
724488,0.0
724489,0.0
724490,0.0
724491,0.0
724492,0.0
724493,0.0
724494,0.0
724495,0.0
724496,0.0
724497,0.0
724498,0.0
724499,0.0
724500,0.0
724501,0.0
724502,0.0
724503,0.0
724504,0.0
724505,0.0
724506,0.0
724507,0.0
724508,0.0
724509,0.0
724510,0.0
724511,0.0
724512,0.0
724513,0.0
724514,0.0
724515,8.091268e-31
724516,0.49862134
724517,0.0
724518,0.0
724519,0.0
724520,0.0
724521,0.0
724522,0.0
724523,0.0
724524,0.0
724525,0.0
724526,0.0
724527,0.0
724528,0.0
724529,0.0
724530,0.0
724531,0.0
724532,0.0
724533,0.0
724534,0.0
724535,0.0
724536,0.0
724537,0.0
724538,0.0
724539,0.0
724540,0.0
724541,0.0
724542,0.0
724543,0.0
724544,0.0
724545,0.0
724546,0.0
724547,0.0
724548,0.0
724549,0.0
724550,0.0
724551,0.0
724552,0.0
724553,0.0
724554,0.0
724555,0.0
724556,0.0
724557,0.0
724558,0.0
724559,0.0
724560,0.0
724561,0.0
724562,0.0
724563,0.0
724564,0.0
724565,0.0
724566,0.0
724567,0.0
724568,0.0
724569,0.0
724570,0.0
724571,0.0
724572,0.0
724573,0.0
724574,0.0
724575,0.0
724576,3.6258048e-19
724577,0.0
724578,0.0
724579,0.0
724580,0.0
724581,0.0
724582,0.0
724583,0.0
724584,0.0
724585,0.0
724586,0.0
724587,0.0
724588,0.0
724589,0.0
724590,0.0
724591,0.0
724592,0.0
724593,3.0218657e-35
724594,0.0
724595,0.0
724596,0.0
724597,0.0
724598,0.0
724599,0.0
724600,0.0
724601,0.0
724602,0.0
724603,0.0
724604,0.0
724605,0.0
724606,0.0
724607,0.0
724608,0.0
724609,0.0
724610,0.0
724611,0.0
724612,0.0
724613,0.0
724614,0.0
724615,0.0
724616,0.0
724617,0.0
724618,0.0
724619,0.0
724620,0.0
724621,0.0
724622,0.0
724623,0.0
724624,0.0
724625,0.0
724626,0.0
724627,0.0
724628,0.0
724629,0.0
724630,0.0
724631,0.0
724632,0.0
724633,0.0
724634,0.0
724635,0.0
724636,0.0
724637,0.0
724638,0.0
724639,0.0
724640,0.0
724641,0.0
724642,0.0
724643,0.0
724644,0.0
724645,0.0
724646,0.0
724647,0.0
724648,0.0
724649,0.0
724650,0.0
724651,0.0
724652,0.0
724653,0.0
724654,0.0
724655,0.0
724656,0.0
724657,0.0
724658,0.0
724659,0.0
724660,0.0
724661,0.0
724662,0.0
724663,0.0
724664,0.0
724665,0.0
724666,0.0
724667,0.0
724668,0.0
724669,0.0
724670,0.0
724671,0.0
724672,0.0
724673,0.0
724674,0.0
724675,0.0
724676,0.0
724677,0.0
724678,0.0
724679,0.0
724680,0.0
724681,0.0
724682,0.0
724683,0.0
724684,0.0
724685,0.0
724686,0.0
724687,0.0
724688,0.0
724689,0.0
724690,0.0
724691,0.0
724692,0.0
724693,0.0
724694,0.0
724695,0.0
724696,0.0
724697,0.0
724698,0.0
724699,0.0
724700,0.0
724701,0.0
724702,0.0
724703,0.0
724704,0.0
724705,0.0
724706,0.0
724707,0.0
724708,0.0
724709,0.0
724710,0.0
724711,0.0
724712,0.0
724713,0.0
724714,0.0
724715,0.0
724716,0.0
724717,0.0
724718,0.0
724719,0.0
724720,0.0
724721,0.0
724722,0.0
724723,0.0
724724,0.0
724725,0.0
724726,0.0
724727,0.0
724728,0.0
724729,0.0
724730,0.0
724731,0.0
724732,0.0
724733,0.0
724734,0.0
724735,0.0
724736,0.0
724737,0.0
724738,0.0
724739,0.0
724740,0.51427954
724741,0.0
724742,0.0
724743,0.0
724744,0.0
724745,0.0
724746,0.0
724747,0.0
724748,0.0
724749,0.0
724750,0.0
724751,0.0
724752,0.0
724753,0.0
724754,0.0
724755,0.0
724756,0.0
724757,0.0
724758,0.0
724759,0.0
724760,0.0
724761,0.0
724762,0.0
724763,0.0
724764,0.0
724765,0.0
724766,0.0
724767,0.0
724768,0.0
724769,0.0
724770,0.0
724771,0.0
724772,0.0
724773,0.0
724774,0.0
724775,0.0
724776,0.0
724777,0.0
724778,0.0
724779,0.0
724780,0.0
724781,0.0
724782,0.0
724783,0.0
724784,0.0
724785,0.0
724786,0.0
724787,0.0
724788,0.0
724789,0.0
724790,0.0
724791,0.0
724792,0.0
724793,0.0
724794,0.0
724795,0.0
724796,0.0
724797,0.0
724798,0.0
724799,0.0
724800,0.0
724801,0.0
724802,0.0
724803,0.0
724804,0.0
724805,0.0
724806,0.0
724807,0.0
724808,0.0
724809,0.0
724810,0.0
724811,0.0
724812,0.0
724813,0.0
724814,0.0
724815,0.0
724816,0.0
724817,0.0
724818,0.0
724819,0.0
724820,0.0
724821,0.0
724822,0.0
724823,0.0
724824,0.0
724825,0.0
724826,0.0
724827,0.0
724828,0.0
724829,0.0
724830,0.0
724831,0.0
724832,0.0
724833,6.0357156e-24
724834,0.0
724835,0.0
724836,0.0
724837,0.0
724838,0.0
724839,0.0
724840,0.0
724841,0.0
724842,0.0
724843,0.0
724844,0.0
724845,0.0
724846,0.0
724847,0.0
724848,0.0
724849,0.0
724850,0.0
724851,0.0
724852,0.0
724853,0.0
724854,0.0
724855,0.0
724856,0.0
724857,0.0
724858,0.0
724859,0.0
724860,0.0
724861,0.0
724862,0.0
724863,0.0
724864,0.0
724865,0.0
724866,0.0
724867,0.0
724868,0.0
724869,0.0
724870,0.0
724871,0.0
724872,0.0
724873,0.0
724874,0.0
724875,0.0
724876,0.0
724877,0.0
724878,0.0
724879,0.0
724880,0.0
724881,0.0
724882,0.0
724883,0.0
724884,0.0
724885,0.0
724886,0.0
724887,0.0
724888,0.0
724889,0.0
724890,0.0
724891,0.0
724892,0.0
724893,0.0
724894,0.0
724895,6.61226e-05
724896,0.0
724897,0.0
724898,0.0
724899,0.0
724900,0.0
724901,0.0
724902,0.0
724903,0.0
724904,0.0
724905,0.0
724906,0.0
724907,0.0
724908,0.0
724909,0.0
724910,0.0
724911,0.0
724912,0.0
724913,0.0
724914,0.0
724915,0.0
724916,0.0
724917,0.0
724918,0.0
724919,0.0
724920,0.0
724921,0.0
724922,0.0
724923,0.0
724924,0.0
724925,0.0
724926,0.0
724927,0.0
724928,0.0
724929,0.0
724930,1.1915517e-27
724931,0.0
724932,0.0
724933,0.0
724934,0.0
724935,0.0
724936,0.0
724937,0.0
724938,0.0
724939,0.0
724940,0.0
724941,0.0
724942,0.0
724943,0.0
724944,0.0
724945,0.0
724946,0.0
724947,0.0
724948,0.0
724949,0.0
724950,0.0
724951,0.0
724952,0.0
724953,0.0
724954,0.0
724955,0.0
724956,0.0
724957,0.0
724958,0.0
724959,0.0
724960,0.0
724961,0.0
724962,0.0
724963,0.0
724964,0.0
724965,0.0
724966,0.0
724967,0.0
724968,0.0
724969,0.0
724970,0.0
724971,0.0
724972,0.0
724973,0.0
724974,0.0
724975,0.0
724976,0.0
724977,0.0
724978,0.0
724979,0.0
724980,0.0
724981,0.0
724982,0.0
724983,0.0
724984,0.0
724985,0.0
724986,1.37861875e-17
724987,0.0
724988,0.0
724989,0.0
724990,0.0
724991,0.0
724992,0.0
724993,0.0
724994,0.0
724995,0.0
724996,0.0
724997,0.0
724998,0.0
724999,0.0
725000,0.0
725001,0.0
725002,0.0
725003,0.0
725004,0.0
725005,0.0
725006,0.0
725007,0.0
725008,0.0
725009,0.0
725010,0.0
725011,0.0
725012,0.0
725013,0.0
725014,0.0
725015,0.0
725016,0.0
725017,0.0
725018,0.0
725019,0.0
725020,0.0
725021,0.0
725022,0.0
725023,0.0
725024,0.0
725025,0.0
725026,0.0
725027,0.0
725028,0.0
725029,0.0
725030,0.0
725031,0.0
725032,0.0
725033,0.0
725034,0.0
725035,0.0
725036,0.0
725037,0.0
725038,0.0
725039,0.0
725040,0.0
725041,0.0
725042,0.0
725043,0.0
725044,0.0
725045,0.0
725046,0.0
725047,0.0
725048,0.0
725049,0.0
725050,0.0
725051,0.0
725052,0.0
725053,0.0
725054,0.0
725055,0.0
725056,0.0
725057,0.0
725058,0.0
725059,0.0
725060,0.0
725061,0.0
725062,0.0
725063,0.0
725064,0.0
725065,0.0
725066,0.0
725067,0.0
725068,0.0
725069,0.0
725070,0.0
725071,0.0
725072,0.0
725073,0.0
725074,0.0
725075,0.0
725076,0.0
725077,0.0
725078,0.0
725079,0.0
725080,0.0
725081,0.0
725082,0.0
725083,0.0
725084,0.0
725085,0.0
725086,0.0
725087,0.0
725088,0.0
725089,0.0
725090,0.0
725091,0.0
725092,0.0
725093,0.0
725094,0.0
725095,0.0
725096,0.0
725097,0.0
725098,0.0
725099,0.0
725100,0.0
725101,0.0
725102,0.0
725103,0.0
725104,0.0
725105,0.0
725106,0.0
725107,0.0
725108,0.0
725109,0.0
725110,0.0
725111,0.0
725112,0.0
725113,0.0
725114,0.0
725115,0.0
725116,0.0
725117,0.0
725118,0.0
725119,0.0
725120,0.0
725121,0.0
725122,0.0
725123,0.0
725124,0.0
725125,0.0
725126,0.0
725127,0.0
725128,0.0
725129,0.0
725130,0.0
725131,0.0
725132,0.0
725133,0.0
725134,0.0
725135,0.0
725136,0.0
725137,0.0
725138,0.0
725139,0.0
725140,0.0
725141,0.0
725142,0.0
725143,0.0
725144,0.0
725145,0.0
725146,0.0
725147,0.0
725148,0.0
725149,0.0
725150,0.0
725151,0.0
725152,0.0
725153,1.4901623e-20
725154,0.0
725155,0.0
725156,0.0
725157,0.0
725158,0.0
725159,0.0
725160,0.0
725161,0.0
725162,0.0
725163,0.0
725164,0.0
725165,0.0
725166,0.0
725167,0.0
725168,0.0
725169,0.0
725170,0.0
725171,0.0
725172,0.0
725173,0.0
725174,0.0
725175,0.0
725176,0.0
725177,0.0
725178,0.0
725179,0.0
725180,0.0
725181,0.0
725182,0.0
725183,0.0
725184,0.0
725185,0.0
725186,0.0
725187,0.0
725188,0.0
725189,0.0
725190,0.0
725191,0.0
725192,0.0
725193,0.0
725194,0.0
725195,0.0
725196,0.0
725197,0.0
725198,0.0
725199,0.0
725200,0.0
725201,0.0
725202,0.0
725203,0.0
725204,0.0
725205,0.0
725206,0.0
725207,0.0
725208,0.0
725209,0.0
725210,0.0
725211,0.0
725212,0.0
725213,0.0
725214,0.0
725215,0.0
725216,0.0
725217,0.0
725218,0.0
725219,0.0
725220,0.0
725221,0.0
725222,0.0
725223,0.0
725224,0.0
725225,0.0
725226,0.0
725227,0.0
725228,0.0
725229,0.0
725230,0.0
725231,0.0
725232,0.0
725233,0.0
725234,0.0
725235,0.0
725236,0.0
725237,0.0
725238,0.0
725239,0.0
725240,0.0
725241,0.0
725242,0.0
725243,0.0
725244,0.0
725245,0.0
725246,0.0
725247,0.0
725248,0.0
725249,0.0
725250,0.0
725251,0.0
725252,0.0
725253,0.0
725254,0.0
725255,0.0
725256,0.0
725257,0.0
725258,0.0
725259,0.0
725260,0.0
725261,0.0
725262,0.0
725263,0.0
725264,0.0
725265,0.0
725266,0.0
725267,0.0
725268,0.0
725269,0.0
725270,0.0
725271,0.0
725272,0.0
725273,0.0
725274,0.0
725275,0.0
725276,0.0
725277,0.0
725278,0.0
725279,0.0
725280,0.0
725281,0.0
725282,0.0
725283,0.0
725284,0.0
725285,0.0
725286,0.0
725287,0.0
725288,0.0
725289,0.0
725290,0.0
725291,0.0
725292,0.0
725293,0.0
725294,0.0
725295,0.0
725296,0.0
725297,0.0
725298,0.0
725299,0.0
725300,0.0
725301,0.0
725302,0.0
725303,0.0
725304,0.0
725305,0.0
725306,0.0
725307,0.0
725308,0.0
725309,0.0
725310,0.0
725311,2.1976237e-05
725312,0.0
725313,0.0
725314,0.0
725315,0.0
725316,0.0
725317,0.0
725318,0.0
725319,0.0
725320,0.0
725321,0.0
725322,0.0
725323,0.0
725324,0.0
725325,0.0
725326,0.0
725327,0.0
725328,0.0
725329,0.0
725330,0.0
725331,0.0
725332,0.0
725333,0.0
725334,5.595749e-16
725335,0.0
725336,0.0
725337,0.0
725338,0.0
725339,0.0
725340,0.0
725341,0.0
725342,0.0
725343,0.0
725344,0.0
725345,0.0
725346,0.0
725347,0.0
725348,0.0
725349,0.0
725350,0.0
725351,0.0
725352,0.0
725353,0.0
725354,0.0
725355,0.0
725356,0.0
725357,0.0
725358,0.0
725359,0.0
725360,0.0
725361,0.0
725362,0.0
725363,3.5973966e-07
725364,0.0
725365,0.0
725366,0.0
725367,0.0
725368,0.0
725369,0.0
725370,0.0
725371,0.0
725372,9.0703974e-17
725373,0.0
725374,0.0
725375,0.0
725376,0.0
725377,0.0
725378,0.0
725379,0.0
725380,0.0
725381,0.0
725382,0.0
725383,0.0
725384,0.0
725385,0.0
725386,0.0
725387,0.0
725388,0.0
725389,0.0
725390,0.0
725391,0.0
725392,0.0
725393,0.0
725394,0.0
725395,0.0
725396,0.0
725397,0.0
725398,0.0
725399,0.0
725400,0.0
725401,0.0
725402,0.0
725403,0.0
725404,0.0
725405,0.0
725406,0.0
725407,0.0
725408,0.0
725409,0.0
725410,0.0
725411,0.0
725412,0.0
725413,0.0
725414,0.0
725415,0.0
725416,0.0
725417,0.0
725418,0.0
725419,0.0
725420,0.0
725421,0.0
725422,1.01008185e-25
725423,0.0
725424,0.0
725425,0.0
725426,0.0
725427,0.0
725428,0.0
725429,0.0
725430,0.0
725431,0.0
725432,0.0
725433,0.0
725434,0.0
725435,0.0
725436,0.0
725437,0.0
725438,0.0
725439,0.0
725440,1.5790907e-28
725441,0.0
725442,0.0
725443,0.0
725444,0.0
725445,0.0
725446,0.0
725447,0.0
725448,0.0
725449,0.0
725450,0.0
725451,0.0
725452,0.0
725453,0.0
725454,0.0
725455,0.0
725456,0.0
725457,0.0
725458,0.0
725459,0.0
725460,0.0
725461,0.0
725462,0.0
725463,0.0
725464,0.0
725465,0.0
725466,0.0
725467,0.0
725468,0.0
725469,0.0
725470,0.0
725471,0.0
725472,0.0
725473,0.0
725474,0.0
725475,0.0
725476,0.0
725477,0.0
725478,0.0
725479,0.0
725480,0.0
725481,0.0
725482,0.0
725483,0.0
725484,0.0
725485,0.0
725486,0.0
725487,0.0
725488,0.0
725489,0.0
725490,0.0
725491,0.0
725492,0.0
725493,0.0
725494,0.0
725495,0.0
725496,0.0
725497,0.0
725498,0.0
725499,0.0
725500,0.0
725501,0.0
725502,0.0
725503,0.0
725504,0.0
725505,0.0
725506,0.0
725507,0.0
725508,0.0
725509,4.8484026e-07
725510,0.0
725511,0.0
725512,0.0
725513,0.0
725514,0.0
725515,0.0
725516,0.0
725517,0.0
725518,0.0
725519,0.0
725520,0.0
725521,0.0
725522,0.0
725523,0.0
725524,0.0
725525,0.0
725526,0.0
725527,0.0
725528,0.0
725529,0.0
725530,0.0
725531,0.0
725532,0.0
725533,0.0
725534,0.0
725535,0.0
725536,0.0
725537,0.0
725538,0.0
725539,0.0
725540,0.0
725541,0.0
725542,0.0
725543,0.0
725544,0.0
725545,0.0
725546,0.0
725547,0.0
725548,0.0
725549,0.0
725550,0.0
725551,0.0
725552,0.0
725553,0.0
725554,0.0
725555,0.0
725556,0.0
725557,0.0
725558,0.0
725559,0.0
725560,0.0
725561,0.0
725562,0.0
725563,0.0
725564,0.0
725565,0.0
725566,0.0
725567,0.0
725568,0.0
725569,0.0
725570,0.0
725571,0.0
725572,0.0
725573,0.0
725574,0.0
725575,0.0
725576,0.0
725577,0.0
725578,0.0
725579,0.0
725580,0.0
725581,0.0
725582,0.0
725583,0.0
725584,0.0
725585,0.0
725586,0.0
725587,0.0
725588,0.0
725589,0.0
725590,0.0
725591,0.0
725592,0.0
725593,0.0
725594,0.0
725595,0.0
725596,0.0
725597,0.0
725598,0.0
725599,0.0
725600,0.0
725601,0.0
725602,0.0
725603,0.0
725604,0.0
725605,2.4822968e-36
725606,0.0
725607,0.0
725608,0.0
725609,0.0
725610,0.0
725611,0.0
725612,0.0
725613,0.0
725614,0.0
725615,0.0
725616,0.0
725617,0.0
725618,0.0
725619,0.0
725620,0.0
725621,0.0
725622,0.0
725623,0.0
725624,0.0
725625,0.0
725626,0.0
725627,0.0
725628,0.0
725629,0.0
725630,0.0
725631,0.0
725632,0.0
725633,0.0
725634,0.0
725635,0.0
725636,0.0
725637,0.0
725638,0.0
725639,0.0
725640,0.0
725641,0.0
725642,0.0
725643,0.0
725644,0.0
725645,0.0
725646,0.0
725647,0.0
725648,0.0
725649,0.0
725650,0.0
725651,0.0
725652,0.0
725653,0.0
725654,0.0
725655,0.0
725656,0.0
725657,0.0
725658,0.0
725659,0.0
725660,0.0
725661,0.0
725662,0.0
725663,0.0
725664,0.0
725665,0.0
725666,0.0
725667,0.0
725668,0.0
725669,0.0
725670,0.0
725671,0.0
725672,0.0
725673,0.0
725674,0.0
725675,0.0
725676,0.0
725677,0.0
725678,0.0
725679,0.0
725680,0.0
725681,0.0
725682,0.0
725683,0.0
725684,0.0
725685,0.0
725686,0.0
725687,0.0
725688,0.0
725689,0.0
725690,0.0
725691,0.0
725692,0.0
725693,0.0
725694,0.0
725695,0.0
725696,0.0
725697,0.0
725698,0.0
725699,0.0
725700,0.0
725701,0.0
725702,0.0
725703,0.0
725704,0.0
725705,0.0
725706,0.0
725707,0.0
725708,0.0
725709,0.0
725710,0.0
725711,0.0
725712,0.0
725713,0.0
725714,0.0
725715,0.0
725716,0.0
725717,0.0
725718,0.0
725719,0.0
725720,0.0
725721,0.0
725722,0.0
725723,0.0
725724,0.0
725725,0.0
725726,0.0
725727,0.0
725728,0.0
725729,0.0
725730,0.0
725731,0.0
725732,0.0
725733,0.0
725734,0.0
725735,0.0
725736,0.0
725737,0.0
725738,0.0
725739,0.0
725740,0.0
725741,0.0
725742,0.0
725743,1.3533814e-27
725744,0.0
725745,0.0
725746,0.0
725747,0.0
725748,0.0
725749,0.0
725750,0.0
725751,0.0
725752,0.0
725753,0.0
725754,0.0
725755,0.0
725756,0.0
725757,0.0
725758,0.0
725759,0.0
725760,0.0
725761,0.0
725762,0.0
725763,0.0
725764,0.0
725765,0.0
725766,0.0
725767,0.0
725768,0.0
725769,0.0
725770,0.0
725771,0.0
725772,0.0
725773,6.735833e-35
725774,0.0
725775,0.0
725776,0.0
725777,0.0
725778,0.0
725779,0.0
725780,0.0
725781,0.0
725782,0.0
725783,0.0
725784,0.0
725785,0.0
725786,0.0
725787,0.0
725788,0.0
725789,0.0
725790,0.0
725791,0.0
725792,0.0
725793,0.0
725794,0.0
725795,0.0
725796,0.0
725797,0.0
725798,0.0
725799,0.0
725800,0.0
725801,0.0
725802,0.0
725803,1.4267485e-34
725804,0.0
725805,0.0
725806,0.0
725807,0.0
725808,0.0
725809,0.0
725810,0.0
725811,0.0
725812,0.0
725813,0.0
725814,0.0
725815,0.0
725816,0.0
725817,0.0
725818,0.0
725819,0.0
725820,0.0
725821,0.0
725822,0.0
725823,0.0
725824,0.0
725825,0.0
725826,0.0
725827,0.0
725828,0.0
725829,0.0
725830,0.0
725831,0.0
725832,0.0
725833,0.0
725834,0.0
725835,0.0
725836,0.0
725837,0.0
725838,0.0
725839,0.0
725840,0.0
725841,0.0
725842,0.0
725843,0.0
725844,0.0
725845,0.0
725846,0.0
725847,0.0
725848,0.0
725849,0.0
725850,0.0
725851,0.0
725852,0.0
725853,0.0
725854,0.0
725855,0.0
725856,0.0
725857,0.0
725858,0.0
725859,0.0
725860,0.0
725861,0.0
725862,0.0
725863,0.0
725864,0.0
725865,0.0
725866,0.0
725867,0.0
725868,0.0
725869,0.0
725870,0.0
725871,0.0
725872,0.0
725873,0.0
725874,0.0
725875,0.0
725876,0.0
725877,0.0
725878,0.0
725879,0.0
725880,0.0
725881,0.0
725882,1.5983605e-12
725883,0.0
725884,0.0
725885,0.0
725886,0.0
725887,0.0
725888,0.0
725889,0.0
725890,0.0
725891,0.0
725892,0.0
725893,0.0
725894,0.0
725895,0.0
725896,0.0
725897,0.0
725898,0.0
725899,0.0
725900,0.0
725901,0.0
725902,0.0
725903,0.0
725904,0.0
725905,0.0
725906,0.0
725907,0.0
725908,0.0
725909,0.0
725910,0.0
725911,0.0
725912,0.0
725913,0.0
725914,0.0
725915,0.0
725916,0.0
725917,0.0
725918,0.0
725919,0.0
725920,0.0
725921,0.0
725922,0.0
725923,0.0
725924,0.0
725925,0.0
725926,0.0
725927,0.0
725928,0.0
725929,0.0
725930,0.0
725931,0.0
725932,0.0
725933,0.0
725934,0.0
725935,0.0
725936,0.0
725937,0.0
725938,0.0
725939,0.0
725940,0.0
725941,0.0
725942,0.0
725943,0.0
725944,0.0
725945,0.0
725946,0.0
725947,0.0
725948,0.0
725949,0.0
725950,0.0
725951,0.0
725952,0.0
725953,0.0
725954,0.0
725955,0.0
725956,0.0
725957,0.0
725958,0.0
725959,0.0
725960,0.0
725961,0.0
725962,0.0
725963,0.0
725964,0.0
725965,0.0
725966,0.0
725967,0.0
725968,0.0
725969,0.0
725970,0.0
725971,0.0
725972,1.0223396e-32
725973,0.0
725974,0.0
725975,0.0
725976,0.0
725977,0.0
725978,0.0
725979,0.0
725980,0.0
725981,0.0
725982,0.0
725983,0.0
725984,0.0
725985,0.0
725986,0.0
725987,0.0
725988,0.0
725989,0.0
725990,0.0
725991,0.0
725992,0.0
725993,0.0
725994,0.0
725995,0.0
725996,0.0
725997,0.0
725998,0.0
725999,0.0
726000,0.0
726001,0.0
726002,0.0
726003,0.0
726004,0.0
726005,0.0
726006,0.0
726007,0.0
726008,0.0
726009,0.0
726010,0.0
726011,0.0
726012,0.0
726013,0.0
726014,0.0
726015,0.0
726016,0.0
726017,0.0
726018,0.0
726019,0.0
726020,0.0
726021,0.0
726022,0.0
726023,0.0
726024,0.0
726025,0.0
726026,0.0
726027,0.0
726028,0.0
726029,0.0
726030,0.0
726031,0.0
726032,0.0
726033,0.0
726034,0.0
726035,0.0
726036,0.0
726037,0.0
726038,0.0
726039,0.0
726040,0.0
726041,0.0
726042,0.0
726043,0.0
726044,0.0
726045,0.0
726046,0.0
726047,0.0
726048,0.0
726049,0.0
726050,0.0
726051,0.0
726052,0.0
726053,0.0
726054,0.0
726055,0.0
726056,0.0
726057,0.0
726058,0.0
726059,0.0
726060,0.0
726061,0.0
726062,0.0
726063,0.0
726064,0.0
726065,0.0
726066,0.0
726067,0.0
726068,0.0
726069,0.0
726070,0.0
726071,0.0
726072,0.0
726073,1.6914256e-34
726074,0.0
726075,0.0
726076,0.0
726077,0.0
726078,0.0
726079,0.0
726080,0.0
726081,0.0
726082,0.0
726083,0.0
726084,0.0
726085,0.0
726086,0.0
726087,0.0
726088,0.0
726089,0.0
726090,0.0
726091,0.0
726092,0.0
726093,0.0
726094,0.0
726095,0.0
726096,0.0
726097,0.0
726098,0.0
726099,0.0
726100,0.0
726101,0.0
726102,0.0
726103,0.0
726104,0.0
726105,0.0
726106,0.0
726107,0.0
726108,0.0
726109,0.0
726110,0.0
726111,0.0
726112,0.0
726113,0.0
726114,0.0
726115,0.0
726116,0.0
726117,0.0
726118,0.0
726119,0.0
726120,0.0
726121,0.0
726122,0.0
726123,0.0
726124,0.0
726125,0.0
726126,0.0
726127,0.0
726128,0.0
726129,0.0
726130,0.0
726131,0.0
726132,0.0
726133,0.0
726134,0.0
726135,0.0
726136,0.0
726137,0.0
726138,0.0
726139,0.0
726140,0.0
726141,0.0
726142,0.0
726143,0.0
726144,0.0
726145,0.0
726146,0.0
726147,0.0
726148,0.0
726149,0.0
726150,0.0
726151,0.0
726152,8.7913306e-32
726153,0.0
726154,0.0
726155,0.0
726156,0.0
726157,0.0
726158,0.0
726159,0.0
726160,0.0
726161,0.0
726162,0.0
726163,0.0
726164,0.0
726165,0.0
726166,0.0
726167,0.0
726168,0.0
726169,0.0
726170,0.0
726171,0.0
726172,0.0
726173,0.0
726174,0.0
726175,0.0
726176,0.0
726177,0.0
726178,0.0
726179,0.0
726180,0.0
726181,0.0
726182,0.0
726183,0.0
726184,0.0
726185,0.0
726186,0.0
726187,0.0
726188,0.0
726189,0.0
726190,0.0
726191,0.0
726192,0.0
726193,0.0
726194,0.0
726195,0.0
726196,0.0
726197,0.0
726198,0.0
726199,0.0
726200,0.0
726201,0.0
726202,0.0
726203,0.0
726204,0.0
726205,0.0
726206,0.0
726207,0.0
726208,0.0
726209,0.0
726210,0.0
726211,0.0
726212,0.0
726213,0.0
726214,0.0
726215,0.0
726216,0.0
726217,0.0
726218,0.0
726219,0.0
726220,0.0
726221,0.0
726222,0.0
726223,0.0
726224,0.0
726225,0.0
726226,0.0
726227,0.0
726228,0.0
726229,0.0
726230,0.0
726231,0.0
726232,0.0
726233,0.0
726234,0.0
726235,0.0
726236,0.0
726237,0.0
726238,0.0
726239,0.0
726240,0.0
726241,0.0
726242,0.0
726243,0.0
726244,0.0
726245,0.0
726246,0.0
726247,0.0
726248,0.0
726249,0.0
726250,0.0
726251,0.0
726252,0.0
726253,0.0
726254,0.0
726255,0.0
726256,0.0
726257,0.0
726258,0.0
726259,0.0
726260,0.0
726261,0.0
726262,0.0
726263,0.0
726264,0.0
726265,0.0
726266,0.0
726267,0.0
726268,0.0
726269,0.0
726270,0.0
726271,0.0
726272,0.0
726273,0.0
726274,0.0
726275,0.0
726276,0.0
726277,0.0
726278,0.0
726279,0.0
726280,0.0
726281,0.0
726282,0.0
726283,0.0
726284,0.0
726285,0.0
726286,0.0
726287,0.0
726288,0.0
726289,0.0
726290,0.0
726291,0.0
726292,0.0
726293,0.0
726294,0.0
726295,0.0
726296,0.0
726297,0.0
726298,0.0
726299,0.0
726300,0.0
726301,0.0
726302,0.0
726303,0.0
726304,0.0
726305,0.0
726306,0.0
726307,0.0
726308,0.0
726309,0.0
726310,0.0
726311,0.0
726312,0.0
726313,0.0
726314,0.0
726315,0.0
726316,0.0
726317,0.0
726318,0.0
726319,0.0
726320,0.0
726321,0.0
726322,0.0
726323,0.019552818
726324,0.0
726325,0.0
726326,0.0
726327,0.0
726328,0.0
726329,0.0
726330,0.0
726331,0.0
726332,0.0
726333,0.0
726334,0.0
726335,0.0
726336,0.0
726337,0.0
726338,0.0
726339,0.0
726340,0.0
726341,0.0
726342,0.0
726343,0.0
726344,0.0
726345,0.0
726346,0.0
726347,0.0
726348,0.0
726349,0.0
726350,0.0
726351,0.0
726352,0.0
726353,0.0
726354,0.0
726355,0.0
726356,0.0
726357,0.0
726358,0.0
726359,0.0
726360,0.0
726361,0.0
726362,0.0
726363,0.0
726364,0.0
726365,0.0
726366,0.0
726367,0.0
726368,0.0
726369,0.0
726370,0.0
726371,0.0
726372,0.0
726373,0.0
726374,0.0
726375,0.0014401075
726376,0.0
726377,0.0
726378,0.0
726379,0.0
726380,0.0
726381,0.0
726382,0.0
726383,0.0
726384,0.0
726385,0.0
726386,0.0
726387,0.0
726388,0.0
726389,0.0
726390,0.0
726391,0.0
726392,0.0
726393,0.0
726394,0.0
726395,0.0
726396,0.0
726397,0.0
726398,0.0
726399,0.0
726400,0.0
726401,0.0
726402,0.0
726403,0.0
726404,0.0
726405,0.0
726406,0.0
726407,0.0
726408,0.0
726409,0.0
726410,0.0
726411,0.0
726412,2.4020852e-26
726413,0.0
726414,0.0
726415,0.0
726416,0.0
726417,0.0
726418,0.0
726419,0.0
726420,0.0
726421,0.0
726422,0.0
726423,0.0
726424,0.0
726425,0.0
726426,0.0
726427,0.0
726428,0.0
726429,0.0
726430,0.0
726431,0.0
726432,0.0
726433,0.0
726434,0.0
726435,0.0
726436,0.0
726437,0.0
726438,0.0
726439,0.0
726440,0.0
726441,0.0
726442,0.0
726443,0.0
726444,0.0
726445,0.0
726446,0.0
726447,0.0
726448,0.0
726449,0.0
726450,0.0
726451,0.0
726452,0.0
726453,0.0
726454,0.0
726455,0.0
726456,0.0
726457,0.0
726458,0.0
726459,0.0
726460,0.0
726461,0.0
726462,0.0
726463,0.0
726464,0.0
726465,0.0
726466,0.0
726467,0.0
726468,0.0
726469,0.0
726470,0.0
726471,0.0
726472,0.0
726473,0.0
726474,0.0
726475,0.0
726476,0.0
726477,0.0
726478,0.0
726479,0.0
726480,0.0
726481,0.0
726482,0.0
726483,0.0
726484,0.0
726485,0.0
726486,0.0
726487,0.0
726488,0.0
726489,0.0
726490,0.0
726491,0.0
726492,0.0
726493,0.0
726494,0.0
726495,0.0
726496,0.0
726497,0.0
726498,0.0
726499,0.0
726500,0.0
726501,0.0
726502,0.0
726503,0.0
726504,0.0
726505,0.0
726506,0.0
726507,0.0
726508,0.0
726509,0.0
726510,0.0
726511,0.0
726512,0.0
726513,0.0
726514,0.0
726515,0.0
726516,0.0
726517,0.0
726518,0.0
726519,0.0
726520,0.0
726521,0.0
726522,0.0
726523,0.0
726524,0.0
726525,0.0
726526,0.0
726527,0.0
726528,0.0
726529,0.0
726530,0.0
726531,0.0
726532,0.0
726533,0.0
726534,0.0
726535,0.0
726536,0.0
726537,0.0
726538,0.0
726539,0.0
726540,0.0
726541,2.061288e-31
726542,0.0
726543,0.0
726544,0.0
726545,0.0
726546,0.0
726547,0.0
726548,0.0
726549,0.0
726550,0.0
726551,0.0
726552,0.0
726553,0.0
726554,0.0
726555,0.0
726556,0.0
726557,0.0
726558,0.0
726559,0.0
726560,0.0
726561,0.0
726562,0.0
726563,0.0
726564,0.0
726565,0.0
726566,0.0
726567,0.0
726568,0.0
726569,0.0
726570,0.0
726571,0.0
726572,0.0
726573,0.0
726574,0.0
726575,0.0
726576,0.0
726577,0.0
726578,0.0
726579,0.0
726580,0.0
726581,0.0
726582,0.0
726583,0.0
726584,0.0
726585,0.0
726586,0.0
726587,0.0
726588,0.0
726589,0.0
726590,0.0
726591,0.0
726592,0.0
726593,0.0
726594,0.0
726595,0.0
726596,0.0
726597,0.0
726598,0.0
726599,0.0
726600,0.0
726601,0.0
726602,0.0
726603,0.0
726604,0.0
726605,0.0
726606,0.0
726607,0.0
726608,0.0
726609,0.0
726610,0.0
726611,0.0
726612,0.0
726613,0.0
726614,0.0
726615,0.0
726616,0.0
726617,0.0
726618,0.0
726619,0.0
726620,0.0
726621,0.0
726622,0.0
726623,0.0
726624,0.0
726625,0.0
726626,0.0
726627,0.0
726628,0.0
726629,0.0
726630,0.0
726631,0.0
726632,0.0
726633,0.0
726634,0.0
726635,0.0
726636,0.0
726637,0.0
726638,0.0
726639,0.0
726640,0.0
726641,0.0
726642,0.0
726643,0.0
726644,0.0
726645,0.0
726646,0.0
726647,0.0
726648,0.0
726649,0.0
726650,0.0
726651,0.0
726652,0.0
726653,0.0
726654,0.0
726655,0.0
726656,0.0
726657,0.0
726658,0.0
726659,0.0
726660,0.0
726661,0.0
726662,0.0
726663,2.5097083e-14
726664,0.0
726665,0.0
726666,0.0
726667,0.0
726668,0.0
726669,0.0
726670,0.0
726671,0.0
726672,0.0
726673,0.0
726674,0.0
726675,0.0
726676,0.0
726677,0.0
726678,0.0
726679,0.0
726680,0.0
726681,0.0
726682,0.0
726683,0.0
726684,0.0
726685,0.0
726686,0.0
726687,0.0
726688,0.0
726689,0.0
726690,0.0
726691,0.0
726692,0.0
726693,0.0
726694,0.0
726695,0.0
726696,0.0
726697,0.0
726698,0.0
726699,0.0
726700,0.0
726701,0.0
726702,0.0
726703,0.0
726704,0.0
726705,0.36242384
726706,0.0
726707,0.0
726708,0.0
726709,0.0
726710,0.0
726711,0.0
726712,6.253508e-20
726713,0.0
726714,0.0
726715,0.0
726716,0.0
726717,0.0
726718,0.0
726719,0.0
726720,0.0
726721,0.0
726722,0.0
726723,0.0
726724,0.0
726725,0.0
726726,0.0
726727,0.0
726728,0.0
726729,0.0
726730,0.0
726731,0.0
726732,0.0
726733,0.0
726734,0.0
726735,0.0
726736,0.0
726737,0.0
726738,0.0
726739,0.0
726740,0.0
726741,0.0
726742,0.0
726743,0.0
726744,0.0
726745,0.0
726746,0.0
726747,0.0
726748,0.0
726749,0.0
726750,0.0
726751,0.0
726752,0.0
726753,0.0
726754,0.0
726755,0.0
726756,0.0
726757,0.0
726758,0.0
726759,0.0
726760,0.0
726761,0.0
726762,0.0
726763,0.0
726764,0.0
726765,0.0
726766,0.0
726767,0.0
726768,0.0
726769,0.0
726770,0.0
726771,0.0
726772,0.0
726773,0.0
726774,0.0
726775,0.0
726776,0.0
726777,0.0
726778,0.0
726779,0.0
726780,0.0
726781,0.0
726782,0.0
726783,0.0
726784,0.0
726785,0.0
726786,0.0
726787,0.0
726788,0.0
726789,0.0
726790,0.0
726791,0.0
726792,0.0
726793,0.0
726794,0.0
726795,7.6886264e-10
726796,0.0
726797,0.0
726798,0.0
726799,0.0
726800,0.0
726801,0.0
726802,0.0
726803,0.0
726804,0.0
726805,0.0
726806,0.0
726807,0.0
726808,0.0
726809,0.0
726810,0.0
726811,0.0
726812,0.0
726813,0.0
726814,0.0
726815,0.0
726816,0.0
726817,0.0
726818,0.0
726819,0.0
726820,0.0
726821,0.0
726822,0.0
726823,0.0
726824,0.0
726825,0.0
726826,0.0
726827,0.0
726828,0.0
726829,0.0
726830,0.0
726831,0.0
726832,0.0
726833,0.0
726834,0.0
726835,0.0
726836,0.0
726837,0.0
726838,0.0
726839,0.0
726840,0.0
726841,0.0
726842,0.0
726843,0.0
726844,0.0
726845,0.0
726846,0.0
726847,0.0
726848,0.0
726849,0.0
726850,0.0
726851,0.0
726852,0.0
726853,0.0
726854,0.0
726855,0.0
726856,0.0
726857,0.0
726858,0.0
726859,0.0
726860,0.0
726861,0.0
726862,0.0
726863,0.0
726864,0.0
726865,0.0
726866,0.0
726867,0.0
726868,0.0
726869,0.0
726870,0.0
726871,0.0
726872,0.0
726873,0.0
726874,0.0
726875,0.0
726876,0.0
726877,0.0
726878,0.0
726879,0.0
726880,0.0
726881,0.0
726882,0.0
726883,0.0
726884,0.0
726885,0.0
726886,0.0
726887,0.0
726888,0.0
726889,0.0
726890,0.0
726891,0.0
726892,0.0
726893,0.0
726894,0.0
726895,0.0
726896,0.0
726897,0.0
726898,0.0
726899,0.3425228
726900,0.0
726901,0.0
726902,0.0
726903,0.0
726904,0.0
726905,0.0
726906,0.0
726907,0.0
726908,0.0
726909,0.0
726910,0.0
726911,0.0
726912,0.0
726913,0.0
726914,0.0
726915,0.0
726916,0.0
726917,0.0
726918,0.0
726919,0.0
726920,0.0
726921,0.0
726922,0.0
726923,0.0
726924,0.0
726925,0.0
726926,0.0
726927,0.0
726928,0.0
726929,0.0
726930,0.0
726931,0.0
726932,0.0
726933,0.0
726934,0.0
726935,0.0
726936,0.0
726937,0.0
726938,0.0
726939,0.0
726940,0.0
726941,0.0
726942,0.0
726943,0.0
726944,0.0
726945,0.0
726946,0.0
726947,0.0
726948,0.0
726949,0.0
726950,0.0
726951,0.0
726952,0.0
726953,0.0
726954,0.0
726955,0.0
726956,0.0
726957,0.0
726958,0.0
726959,0.0
726960,0.0
726961,0.0
726962,0.0
726963,0.0
726964,0.0
726965,0.0
726966,0.0
726967,0.0
726968,0.0
726969,0.0
726970,0.0
726971,0.0
726972,0.0
726973,0.0
726974,0.0
726975,0.0
726976,0.0
726977,0.0
726978,0.0
726979,0.0
726980,0.0
726981,0.0
726982,0.0
726983,0.0
726984,0.0
726985,0.0
726986,0.0
726987,0.0
726988,0.0
726989,0.0
726990,0.0
726991,0.0
726992,0.0
726993,0.0
726994,0.0
726995,0.0
726996,0.0
726997,0.0
726998,0.0
726999,0.0
727000,0.0
727001,0.0
727002,0.0
727003,0.0
727004,0.0
727005,0.0
727006,0.0
727007,0.0
727008,0.0
727009,0.0
727010,0.0
727011,0.0
727012,0.0
727013,0.0
727014,0.0
727015,0.0
727016,0.0
727017,0.0
727018,0.0
727019,0.0
727020,0.0
727021,0.0
727022,0.0
727023,0.0
727024,0.0
727025,0.0
727026,0.0
727027,0.0
727028,0.0
727029,0.0
727030,0.0
727031,0.0
727032,0.0
727033,0.0
727034,0.0
727035,0.0
727036,0.0
727037,0.0
727038,0.0
727039,0.0
727040,0.0
727041,0.0
727042,0.0
727043,0.0
727044,0.0
727045,0.0
727046,0.0
727047,0.0
727048,0.0
727049,0.0
727050,0.0
727051,0.0
727052,0.0
727053,0.0
727054,0.0
727055,0.0
727056,0.0
727057,0.0
727058,0.0
727059,0.0
727060,0.0
727061,0.0
727062,0.0
727063,0.0
727064,0.0
727065,0.0
727066,0.0
727067,0.0
727068,0.0
727069,0.0
727070,0.0
727071,0.0
727072,0.0
727073,0.0
727074,0.0
727075,0.0
727076,0.0
727077,0.0
727078,0.0
727079,0.0
727080,0.0
727081,0.0
727082,0.0
727083,0.0
727084,4.4551526e-36
727085,0.0
727086,0.0
727087,0.0
727088,0.0
727089,0.0
727090,0.0
727091,0.0
727092,0.0
727093,0.0
727094,0.0
727095,0.0
727096,0.0
727097,0.0
727098,0.0
727099,0.0
727100,0.0
727101,0.0
727102,0.0
727103,0.0
727104,0.0
727105,0.0
727106,0.0
727107,0.0
727108,0.0
727109,0.0
727110,0.0
727111,0.0
727112,0.0
727113,0.0
727114,0.0
727115,0.0
727116,0.0
727117,0.0
727118,0.0
727119,0.0
727120,0.0
727121,0.0
727122,0.0
727123,0.0
727124,0.0
727125,0.0
727126,0.0
727127,0.0
727128,0.0
727129,0.0
727130,0.0
727131,0.0
727132,0.0
727133,0.0
727134,0.0
727135,0.0
727136,0.0
727137,0.0
727138,0.0
727139,0.0
727140,0.0
727141,0.0
727142,0.0
727143,0.0
727144,0.0
727145,0.0
727146,0.0
727147,0.0
727148,0.0
727149,0.0
727150,0.0
727151,0.0
727152,0.0
727153,0.0
727154,0.0
727155,0.0
727156,0.0
727157,0.0
727158,0.0
727159,0.0
727160,0.0
727161,0.0
727162,0.0
727163,0.0
727164,0.0
727165,0.0
727166,0.0
727167,0.0
727168,0.0
727169,0.0
727170,0.0
727171,0.0
727172,0.0
727173,0.0
727174,0.0
727175,0.0
727176,0.0
727177,0.0
727178,0.0
727179,0.0
727180,0.0
727181,0.0
727182,0.0
727183,0.0
727184,0.0
727185,0.0
727186,0.0
727187,0.0
727188,0.0
727189,0.0
727190,0.0
727191,0.0
727192,0.0
727193,0.0
727194,0.0
727195,0.0
727196,0.0
727197,0.0
727198,0.0
727199,0.0
727200,0.0
727201,0.0
727202,0.0
727203,0.0
727204,0.0
727205,0.0
727206,0.0
727207,0.0
727208,0.0
727209,0.0
727210,0.0
727211,0.0
727212,0.0
727213,0.0
727214,0.0
727215,0.0
727216,0.0
727217,0.0
727218,0.0
727219,0.0
727220,0.0
727221,0.0
727222,0.0
727223,0.0
727224,0.0
727225,0.0
727226,0.0
727227,0.0
727228,0.0
727229,0.0
727230,0.0
727231,0.0
727232,0.0
727233,0.0
727234,0.0
727235,0.0
727236,0.0
727237,0.0
727238,0.0
727239,0.0
727240,0.0
727241,0.0
727242,0.0
727243,0.0
727244,0.0
727245,0.0
727246,0.0
727247,0.0
727248,0.0
727249,0.0
727250,0.0
727251,0.0
727252,0.0
727253,0.0
727254,0.0
727255,5.3977243e-31
727256,0.0
727257,0.0
727258,0.0
727259,0.0
727260,0.0
727261,0.0
727262,0.0
727263,0.0
727264,0.0
727265,0.0
727266,0.0
727267,0.0
727268,0.0
727269,0.0
727270,0.0
727271,0.0
727272,0.0
727273,0.0
727274,0.0
727275,0.0
727276,0.0
727277,0.0
727278,0.0
727279,0.0
727280,0.0
727281,0.0
727282,0.0
727283,0.0
727284,0.0
727285,0.0
727286,0.0
727287,0.0
727288,0.0
727289,0.0
727290,0.0
727291,0.0
727292,0.0
727293,0.0
727294,0.0
727295,0.0
727296,0.0
727297,0.0
727298,0.0
727299,0.0
727300,0.0
727301,0.0
727302,0.0
727303,0.0
727304,0.0
727305,0.0
727306,0.0
727307,0.0
727308,0.0
727309,0.0
727310,0.0
727311,0.0
727312,0.0
727313,0.0
727314,0.0
727315,0.0
727316,0.0
727317,0.0
727318,0.0
727319,0.0
727320,0.0
727321,0.0
727322,0.0
727323,0.0
727324,0.0
727325,0.0
727326,0.0
727327,0.0
727328,0.0
727329,0.0
727330,0.0
727331,0.0
727332,0.0
727333,0.0
727334,0.0
727335,0.0
727336,0.0
727337,0.0
727338,0.0
727339,0.0
727340,0.0
727341,0.0
727342,0.0
727343,0.0
727344,0.0
727345,0.0
727346,0.0
727347,0.0
727348,0.0
727349,0.0
727350,0.0
727351,0.0
727352,0.0
727353,0.0
727354,0.0
727355,0.0
727356,0.0
727357,0.0
727358,0.0
727359,0.0
727360,0.0
727361,0.0
727362,0.0
727363,0.0
727364,0.0
727365,0.0
727366,0.0
727367,0.0
727368,0.0
727369,0.0
727370,0.0
727371,0.0
727372,0.0
727373,0.0
727374,0.0
727375,0.0
727376,0.0
727377,0.0
727378,0.0
727379,0.0
727380,0.0
727381,0.0
727382,0.0
727383,0.0
727384,0.0
727385,0.0
727386,0.0
727387,0.0
727388,0.0
727389,0.0
727390,0.0
727391,0.0
727392,0.0
727393,0.0
727394,0.0
727395,0.0
727396,0.0
727397,0.0
727398,0.0
727399,0.0
727400,0.0
727401,0.0
727402,0.0
727403,0.0
727404,0.0
727405,0.0
727406,0.0
727407,0.0
727408,0.0
727409,0.0
727410,0.0
727411,0.0
727412,0.0
727413,0.0
727414,0.0
727415,0.0
727416,0.0
727417,0.0
727418,0.0
727419,0.0
727420,0.0
727421,0.0
727422,0.36242384
727423,0.0
727424,0.0
727425,0.0
727426,0.0
727427,0.0
727428,0.0
727429,0.0
727430,0.0
727431,0.0
727432,0.0
727433,0.0
727434,0.0
727435,0.0
727436,0.0
727437,0.0
727438,0.0
727439,0.0
727440,0.0
727441,0.0
727442,0.0
727443,0.0
727444,0.0
727445,0.0
727446,0.0
727447,0.0
727448,0.0
727449,0.0
727450,0.0
727451,0.0
727452,0.0
727453,0.0
727454,0.0
727455,0.0
727456,0.0
727457,0.0
727458,0.0
727459,0.0
727460,0.0
727461,0.0
727462,0.0
727463,0.0
727464,0.0
727465,0.0
727466,0.0
727467,0.0
727468,0.0
727469,0.0
727470,0.0
727471,0.0
727472,0.0
727473,0.0
727474,0.0
727475,0.0
727476,0.0
727477,0.0
727478,0.0
727479,0.0
727480,0.0
727481,0.0
727482,7.290019e-25
727483,0.0
727484,0.0
727485,0.0
727486,0.0
727487,0.0
727488,0.0
727489,0.0
727490,0.0
727491,0.0
727492,0.0
727493,0.0
727494,0.0
727495,0.0
727496,0.0
727497,0.0
727498,0.0
727499,0.0
727500,0.0
727501,0.0
727502,0.0
727503,0.0
727504,0.0
727505,0.0
727506,0.0
727507,0.0
727508,0.0
727509,0.0
727510,0.0
727511,0.0
727512,0.0
727513,0.0
727514,0.0
727515,0.0
727516,0.0
727517,0.0
727518,0.0
727519,0.0
727520,0.0
727521,0.0
727522,0.0
727523,0.0
727524,0.0
727525,0.0
727526,0.0
727527,0.0
727528,0.0
727529,0.0
727530,0.0
727531,0.0
727532,0.0
727533,0.0
727534,0.0
727535,0.0
727536,0.0
727537,0.0
727538,0.0
727539,0.0
727540,0.0
727541,0.0
727542,0.0
727543,0.0
727544,0.0
727545,0.0
727546,0.0
727547,0.0
727548,0.0
727549,0.0
727550,0.0
727551,0.0
727552,0.0
727553,0.0
727554,0.0
727555,0.0
727556,0.0
727557,0.0
727558,0.0
727559,0.0
727560,0.0
727561,0.0
727562,0.0
727563,0.0
727564,0.0
727565,0.0
727566,0.0
727567,0.0
727568,0.0
727569,0.0
727570,0.0
727571,0.0
727572,0.0
727573,0.0
727574,0.0
727575,0.0
727576,0.0
727577,0.0
727578,0.0
727579,0.0
727580,0.0
727581,0.0
727582,6.564489e-32
727583,0.0
727584,0.0
727585,0.0
727586,0.0
727587,0.0
727588,0.0
727589,0.0
727590,0.0
727591,0.0
727592,0.0
727593,0.0
727594,0.0
727595,0.0
727596,0.0
727597,0.0
727598,0.0
727599,0.0
727600,0.0
727601,0.0
727602,0.0
727603,0.0
727604,0.0
727605,0.0
727606,0.0
727607,0.0
727608,0.0
727609,0.0
727610,0.0
727611,0.0
727612,0.0
727613,0.0
727614,0.0
727615,0.0
727616,0.0
727617,0.0
727618,0.0
727619,0.0
727620,0.0
727621,0.0
727622,0.0
727623,0.0
727624,0.0
727625,0.0
727626,0.0
727627,0.0
727628,0.0
727629,0.0
727630,0.0
727631,0.0
727632,0.0
727633,0.0
727634,0.0
727635,0.0
727636,0.0
727637,0.0
727638,0.0
727639,0.0
727640,0.0
727641,0.0
727642,0.0
727643,0.0
727644,0.0
727645,0.0
727646,0.0
727647,0.0
727648,0.0
727649,0.0
727650,0.0
727651,9.5758636e-17
727652,0.0
727653,0.0
727654,0.0
727655,0.0
727656,0.0
727657,0.0
727658,0.0
727659,0.0
727660,0.0
727661,0.0
727662,0.0
727663,1.0323683e-17
727664,0.0
727665,0.0
727666,0.0
727667,0.0
727668,0.0
727669,0.0
727670,0.0
727671,0.0
727672,0.011487068
727673,0.0
727674,0.0
727675,0.36242384
727676,0.0
727677,0.0
727678,0.0
727679,0.0
727680,0.0
727681,0.0
727682,0.0
727683,0.0
727684,0.0
727685,0.0
727686,0.0
727687,0.0
727688,0.0
727689,0.0
727690,0.0
727691,0.0
727692,0.0
727693,0.0
727694,0.0
727695,0.0
727696,0.0
727697,0.0
727698,0.0
727699,0.0
727700,0.0
727701,0.0
727702,0.0
727703,0.0
727704,0.0
727705,0.0
727706,0.0
727707,0.0
727708,0.0
727709,0.0
727710,0.0
727711,0.0
727712,0.0
727713,0.0
727714,0.0
727715,0.0
727716,0.0
727717,0.0
727718,0.0
727719,0.0
727720,0.0
727721,0.0
727722,0.0
727723,1.4878149e-11
727724,0.0
727725,0.0
727726,0.0
727727,0.0
727728,0.0
727729,0.0
727730,0.0
727731,0.0
727732,0.0
727733,0.0
727734,0.0
727735,0.0
727736,0.0
727737,0.0
727738,4.0899976e-34
727739,0.0
727740,0.0
727741,0.0
727742,0.0
727743,0.0
727744,0.0
727745,0.0
727746,0.0
727747,0.0
727748,0.0
727749,0.0
727750,0.0
727751,0.0
727752,0.0
727753,0.0
727754,0.0
727755,0.0
727756,0.0
727757,0.0
727758,0.0
727759,0.0
727760,1.5012068e-06
727761,0.0
727762,0.0
727763,0.0
727764,0.0
727765,0.0
727766,0.0
727767,0.0
727768,0.0
727769,2.739197e-28
727770,0.0
727771,0.0
727772,0.0
727773,0.0
727774,0.0
727775,0.0
727776,0.0
727777,0.0
727778,0.0
727779,0.0
727780,0.0
727781,0.0
727782,0.0
727783,0.0
727784,0.0
727785,0.0
727786,0.0
727787,0.0
727788,0.0
727789,0.0
727790,0.0
727791,0.0
727792,0.0
727793,0.0
727794,0.0
727795,0.0
727796,0.0
727797,0.0
727798,0.0
727799,0.0
727800,0.0
727801,0.0
727802,0.0
727803,0.0
727804,0.0
727805,0.0
727806,0.0
727807,0.0
727808,0.0
727809,0.0
727810,0.0
727811,0.0
727812,0.0
727813,0.0
727814,0.0
727815,0.0
727816,0.0
727817,0.0
727818,0.0
727819,0.0
727820,0.0
727821,0.0
727822,0.0
727823,0.0
727824,0.0
727825,0.0
727826,0.0
727827,0.0
727828,0.0
727829,0.0
727830,0.0
727831,0.0
727832,0.0
727833,0.0
727834,0.0
727835,0.0
727836,0.0
727837,0.0
727838,0.0
727839,0.0
727840,0.0
727841,0.0
727842,0.0
727843,0.0
727844,0.0
727845,0.0
727846,0.0
727847,0.0
727848,0.0
727849,0.0
727850,0.0
727851,0.0
727852,0.0
727853,0.0
727854,0.0
727855,0.0
727856,0.0
727857,0.0
727858,0.0
727859,0.0
727860,0.0
727861,0.0
727862,0.0
727863,0.0
727864,0.0
727865,0.0
727866,0.0
727867,0.0
727868,0.0
727869,0.0
727870,0.0
727871,0.0
727872,0.0
727873,0.0
727874,0.0
727875,0.0
727876,0.0
727877,0.0
727878,0.0
727879,0.0
727880,0.0
727881,0.0
727882,0.0
727883,0.0
727884,0.0
727885,0.0
727886,0.0
727887,0.0
727888,0.0
727889,0.0
727890,0.0
727891,0.0
727892,0.0
727893,0.0
727894,0.0
727895,0.0
727896,0.0
727897,0.0
727898,0.0
727899,0.0
727900,0.0
727901,0.0
727902,0.0
727903,0.0
727904,0.0
727905,0.0
727906,0.0
727907,0.0
727908,0.0
727909,0.0
727910,0.0
727911,0.0
727912,0.0
727913,4.4817232e-30
727914,0.0
727915,0.0
727916,0.0
727917,0.0
727918,0.0
727919,0.0
727920,0.0
727921,0.0
727922,0.0
727923,0.0
727924,0.0
727925,0.0
727926,0.0
727927,0.0
727928,0.0
727929,0.0
727930,0.0
727931,0.0
727932,0.0
727933,0.0
727934,0.0
727935,0.0
727936,0.0
727937,0.0
727938,0.0
727939,6.5456977e-13
727940,0.0
727941,0.0
727942,0.0
727943,0.0
727944,0.0
727945,0.0
727946,0.0
727947,0.003162392
727948,0.0
727949,0.0
727950,0.0
727951,0.0
727952,0.0
727953,0.0
727954,0.0
727955,0.0
727956,0.0
727957,0.0
727958,0.0
727959,0.0
727960,0.0
727961,0.0
727962,0.0
727963,0.0
727964,0.0
727965,0.0
727966,0.0
727967,0.0
727968,0.0
727969,0.0
727970,0.0
727971,0.0
727972,0.0
727973,0.0
727974,0.0
727975,0.0
727976,0.0
727977,0.0
727978,0.0
727979,0.0
727980,0.0
727981,0.0
727982,0.0
727983,0.0
727984,0.0
727985,0.0
727986,0.0
727987,0.0
727988,0.0
727989,0.0
727990,0.0
727991,0.0
727992,0.0
727993,0.0
727994,0.0
727995,0.0
727996,0.0
727997,0.0
727998,0.0
727999,0.0
728000,0.0
728001,0.0
728002,0.0
728003,0.0
728004,0.0
728005,0.0
728006,0.0
728007,0.0
728008,0.0
728009,0.0
728010,0.0
728011,0.0
728012,0.0
728013,0.0
728014,0.0
728015,0.0
728016,0.0
728017,0.0
728018,0.0
728019,0.0
728020,0.0
728021,0.0
728022,0.0
728023,1.5315157e-38
728024,0.0
728025,0.0
728026,0.0
728027,0.0
728028,0.0
728029,0.0
728030,0.0
728031,0.0
728032,0.0
728033,0.0
728034,0.0
728035,0.0
728036,0.0
728037,0.0
728038,0.0
728039,0.0
728040,0.0
728041,0.0
728042,0.0
728043,0.0
728044,0.0
728045,0.0
728046,0.0
728047,0.0
728048,0.0
728049,0.0
728050,0.0
728051,0.0
728052,0.0
728053,0.0
728054,0.0
728055,0.0
728056,0.0
728057,0.0
728058,0.0
728059,0.0
728060,0.0
728061,0.0
728062,0.0
728063,0.0
728064,0.0
728065,0.0
728066,0.0
728067,0.0
728068,0.0
728069,0.0
728070,0.0
728071,0.0
728072,0.0
728073,0.0
728074,0.0
728075,0.0
728076,0.0
728077,0.0
728078,0.0
728079,0.0
728080,0.0
728081,0.0
728082,0.0
728083,0.0
728084,0.0
728085,0.0
728086,0.0
728087,0.0
728088,0.0
728089,0.0
728090,0.0
728091,0.0
728092,0.0
728093,0.0
728094,0.0
728095,0.0
728096,0.0
728097,0.0
728098,0.0
728099,0.0
728100,0.0
728101,0.0
728102,0.0
728103,0.0
728104,0.0
728105,0.0
728106,0.0
728107,0.0
728108,0.0
728109,0.0
728110,0.0
728111,0.0
728112,0.0
728113,0.0
728114,0.0
728115,0.0
728116,0.0
728117,0.0
728118,0.0
728119,0.0
728120,0.0
728121,3.1972326e-21
728122,0.0
728123,0.0
728124,0.0
728125,0.0
728126,0.0
728127,0.0
728128,0.0
728129,0.0
728130,0.0
728131,0.0
728132,0.0
728133,0.0
728134,0.0
728135,0.0
728136,0.0
728137,0.0
728138,0.0
728139,0.0
728140,0.0
728141,0.0
728142,0.0
728143,0.0
728144,0.0
728145,0.0
728146,0.0
728147,0.0
728148,0.0
728149,0.0
728150,0.0
728151,0.0
728152,0.0
728153,0.0
728154,0.0
728155,0.0
728156,0.0
728157,0.0
728158,0.0
728159,0.0
728160,0.0
728161,0.0
728162,0.0
728163,0.0
728164,0.0
728165,0.0
728166,0.0
728167,0.0
728168,0.0
728169,0.0
728170,0.0
728171,0.0
728172,0.0
728173,0.0
728174,0.0
728175,0.0
728176,0.0
728177,0.0
728178,0.0
728179,0.0
728180,0.0
728181,0.0
728182,0.0
728183,0.0
728184,0.0
728185,0.0
728186,0.0
728187,0.0
728188,0.0
728189,0.0
728190,0.0
728191,0.0
728192,0.0
728193,0.0
728194,0.0
728195,0.0
728196,0.0
728197,0.0
728198,0.0
728199,0.0
728200,0.0
728201,0.0
728202,0.0
728203,0.0
728204,0.0
728205,0.0
728206,0.0
728207,0.0
728208,0.0
728209,0.0
728210,0.0
728211,0.0
728212,0.0
728213,0.0
728214,0.0
728215,0.0
728216,0.0
728217,0.0
728218,0.0
728219,0.0
728220,0.0
728221,0.0
728222,0.0
728223,0.0
728224,0.0
728225,0.0
728226,0.0
728227,0.0
728228,0.0
728229,0.0
728230,0.0
728231,0.0
728232,0.0
728233,0.0
728234,0.0
728235,0.0
728236,0.0
728237,0.0
728238,0.0
728239,0.0
728240,0.0
728241,0.0
728242,0.0
728243,0.0
728244,0.0
728245,0.0
728246,0.0
728247,0.0
728248,0.0
728249,0.0
728250,0.0
728251,0.0
728252,0.0
728253,0.0
728254,0.0
728255,0.0
728256,0.0
728257,0.0
728258,0.0
728259,0.0
728260,0.0
728261,0.0
728262,0.0
728263,0.0
728264,0.0
728265,0.0
728266,0.0
728267,0.0
728268,0.0
728269,0.0
728270,0.0
728271,0.0
728272,0.0
728273,0.0
728274,0.0
728275,0.0
728276,0.0
728277,0.0
728278,0.0
728279,0.0
728280,0.0
728281,0.0
728282,0.0
728283,0.0
728284,0.0
728285,0.0
728286,0.0
728287,0.0
728288,0.0
728289,0.0
728290,0.0
728291,0.0
728292,0.0
728293,0.0
728294,0.0
728295,0.0
728296,0.0
728297,0.0
728298,0.0
728299,0.0
728300,0.0
728301,0.0
728302,0.0
728303,0.0
728304,0.0
728305,0.0
728306,0.0
728307,0.0
728308,0.0
728309,0.0
728310,0.0
728311,0.0
728312,0.0
728313,0.0
728314,0.0
728315,0.0
728316,0.0
728317,0.0
728318,0.0
728319,0.0
728320,0.0
728321,0.0
728322,0.0
728323,0.0
728324,0.0
728325,0.0
728326,0.0
728327,0.0
728328,0.0
728329,0.0
728330,0.0
728331,0.0
728332,0.0
728333,0.0
728334,0.0
728335,0.0
728336,0.0
728337,0.0
728338,0.0
728339,0.0
728340,0.0
728341,0.0
728342,0.0
728343,0.0
728344,0.0
728345,0.0
728346,0.0
728347,0.0
728348,0.0
728349,0.0
728350,0.0
728351,0.0
728352,0.0
728353,0.0
728354,0.0
728355,0.0
728356,0.0
728357,0.0
728358,0.0
728359,0.0
728360,0.0
728361,0.0
728362,0.0
728363,0.0
728364,0.0
728365,0.0
728366,0.0
728367,0.0
728368,0.0
728369,0.0
728370,0.0
728371,0.0
728372,0.0
728373,0.0
728374,0.0
728375,0.0
728376,0.0
728377,0.0
728378,0.0
728379,0.0
728380,0.0
728381,0.0
728382,0.0
728383,3.6881463e-08
728384,0.0
728385,0.0
728386,0.0
728387,0.0
728388,0.0
728389,0.0
728390,0.0
728391,0.0
728392,0.0
728393,0.0
728394,0.0
728395,0.0
728396,0.0
728397,0.0
728398,0.0
728399,0.0
728400,0.0
728401,0.0
728402,0.0
728403,0.0
728404,0.0
728405,0.0
728406,0.0
728407,0.0
728408,0.0
728409,0.0
728410,0.0
728411,0.0
728412,0.0
728413,0.0
728414,0.0
728415,0.0
728416,0.0
728417,0.0
728418,0.0
728419,1.3411159e-09
728420,0.0
728421,0.0
728422,0.0
728423,0.0
728424,0.0
728425,0.0
728426,0.0
728427,0.0
728428,0.0
728429,0.0
728430,0.0
728431,0.0
728432,0.0
728433,0.0
728434,0.0
728435,0.0
728436,0.0
728437,0.0
728438,0.0
728439,0.0
728440,0.0
728441,0.0
728442,0.0
728443,0.0
728444,0.0
728445,0.0
728446,0.0
728447,0.0
728448,0.0
728449,0.0
728450,0.0
728451,0.0
728452,0.0
728453,0.0
728454,0.0
728455,0.0
728456,0.0
728457,0.0
728458,0.0
728459,0.0
728460,0.0
728461,0.0
728462,0.0
728463,0.36242384
728464,0.0
728465,0.0
728466,0.0
728467,0.0
728468,0.0
728469,0.0
728470,0.0
728471,0.0
728472,0.0
728473,0.0
728474,0.0
728475,0.0
728476,0.0
728477,0.0
728478,0.0
728479,0.0
728480,0.0
728481,0.0
728482,0.0
728483,0.0
728484,0.0
728485,0.0
728486,0.0
728487,0.0
728488,0.0
728489,0.0
728490,0.0
728491,0.0
728492,0.0
728493,0.0
728494,0.0
728495,0.0
728496,0.0
728497,0.0
728498,0.0
728499,0.0
728500,0.0
728501,1.5864116e-24
728502,0.0
728503,0.0
728504,0.0
728505,0.0
728506,0.0
728507,0.0
728508,0.0
728509,0.0
728510,0.0
728511,0.0
728512,0.0
728513,0.0
728514,0.0
728515,0.0
728516,0.0
728517,0.0
728518,0.0
728519,0.0
728520,0.0
728521,0.0
728522,0.0
728523,0.0
728524,0.0
728525,0.0
728526,0.0
728527,0.0
728528,0.0
728529,0.0
728530,0.0
728531,0.0
728532,0.0
728533,0.0
728534,0.0
728535,0.0
728536,0.0
728537,0.0
728538,0.0
728539,0.0
728540,0.0
728541,0.0
728542,0.0
728543,0.0
728544,0.0
728545,0.0
728546,0.0
728547,0.0
728548,0.0
728549,0.0
728550,0.0
728551,0.0
728552,0.0
728553,0.0
728554,0.0
728555,0.0
728556,0.0
728557,0.0
728558,0.0
728559,0.0
728560,0.0
728561,0.0
728562,0.0
728563,0.0
728564,0.0
728565,0.0
728566,0.0
728567,0.0
728568,0.0
728569,0.0
728570,0.0
728571,0.0
728572,0.0
728573,0.0
728574,0.0
728575,0.0
728576,0.0
728577,0.0
728578,0.0
728579,0.0
728580,0.0
728581,0.0
728582,0.0
728583,0.0
728584,0.0
728585,0.0
728586,0.0
728587,0.0
728588,0.0
728589,0.0
728590,0.0
728591,0.0
728592,0.0
728593,0.0
728594,0.0
728595,0.0
728596,0.0
728597,0.0
728598,0.0
728599,0.0
728600,0.0
728601,0.0
728602,0.0
728603,0.0
728604,0.0
728605,0.0
728606,0.0
728607,0.0
728608,0.0
728609,0.0
728610,8.44384e-13
728611,0.0
728612,0.0
728613,0.0
728614,0.0
728615,0.0
728616,0.0
728617,0.0
728618,0.0
728619,0.0
728620,0.0
728621,0.0
728622,0.0
728623,0.0
728624,0.0
728625,0.0
728626,0.0
728627,0.0
728628,0.0
728629,0.0
728630,0.0
728631,0.0
728632,0.0
728633,0.0
728634,0.0
728635,0.0
728636,0.0
728637,0.0
728638,0.0
728639,0.0
728640,0.0
728641,1.0747364e-14
728642,0.0
728643,0.0
728644,0.0
728645,0.0
728646,0.0
728647,0.0
728648,0.0
728649,0.0
728650,0.0
728651,0.0
728652,0.0
728653,0.0
728654,0.0
728655,0.0
728656,0.0
728657,0.0
728658,0.0
728659,0.0
728660,0.0
728661,0.0
728662,0.0
728663,0.0
728664,0.0
728665,0.0
728666,0.0
728667,0.0
728668,0.0
728669,0.0
728670,0.0
728671,0.0
728672,0.0
728673,0.0
728674,0.0
728675,0.0
728676,0.0
728677,0.0
728678,0.0
728679,0.0
728680,0.0
728681,0.0
728682,0.0
728683,0.0
728684,0.0
728685,8.103961e-39
728686,0.0
728687,0.0
728688,0.0
728689,0.0
728690,0.0
728691,0.0
728692,0.0
728693,0.0
728694,0.0
728695,0.0
728696,0.0
728697,0.0
728698,0.0
728699,0.0
728700,0.0
728701,0.0
728702,0.0
728703,0.0
728704,0.0
728705,0.0
728706,0.0
728707,0.0
728708,0.0
728709,0.0
728710,0.0
728711,0.0
728712,0.0
728713,0.0
728714,0.0
728715,0.0
728716,0.0
728717,0.0
728718,0.0
728719,0.0
728720,0.0
728721,0.0
728722,0.0
728723,0.0
728724,0.0
728725,0.0
728726,0.0
728727,0.0
728728,0.0
728729,0.0
728730,0.0
728731,0.0
728732,0.0
728733,0.0
728734,0.0
728735,0.0
728736,0.0
728737,0.0
728738,0.0
728739,0.0
728740,0.0
728741,0.0
728742,0.0
728743,0.0
728744,0.0
728745,0.0
728746,0.0
728747,0.0
728748,0.0
728749,0.0
728750,0.0
728751,0.0
728752,0.0
728753,0.0
728754,2.3220275e-24
728755,0.0
728756,0.0
728757,0.0
728758,0.0
728759,0.0
728760,0.0
728761,0.0
728762,0.0
728763,0.0
728764,0.0
728765,0.0
728766,0.0
728767,0.0
728768,0.0
728769,0.0
728770,0.0
728771,0.0
728772,0.0
728773,0.0
728774,0.0
728775,0.0
728776,0.0
728777,0.0
728778,0.0
728779,0.0
728780,0.0
728781,0.0
728782,0.0
728783,0.0
728784,0.0
728785,0.0
728786,0.0
728787,0.0
728788,0.0
728789,0.0
728790,0.0
728791,0.0
728792,0.0
728793,0.0
728794,0.0
728795,0.0
728796,0.0
728797,0.0
728798,0.0
728799,0.0
728800,0.0
728801,0.0
728802,0.0
728803,0.0
728804,0.0
728805,0.0
728806,0.0
728807,0.0
728808,0.0
728809,0.0
728810,0.0
728811,0.0
728812,0.0
728813,0.0
728814,0.0
728815,0.0
728816,0.0
728817,0.0
728818,0.0
728819,0.0
728820,0.0
728821,0.0
728822,0.0
728823,0.0
728824,0.0
728825,0.0
728826,0.0
728827,0.0
728828,0.0
728829,0.0
728830,0.0
728831,0.0
728832,0.0
728833,0.0
728834,0.0
728835,0.0
728836,0.0
728837,0.0
728838,0.0
728839,0.0
728840,0.0
728841,0.0
728842,0.0
728843,0.0
728844,0.0
728845,0.0
728846,0.0
728847,0.0
728848,0.0
728849,0.0
728850,0.0
728851,0.0
728852,0.0
728853,0.0
728854,0.0
728855,0.0
728856,0.0
728857,0.0
728858,0.0
728859,0.0
728860,0.0
728861,0.0
728862,0.0
728863,0.0
728864,0.0
728865,0.0
728866,0.0
728867,0.0
728868,0.0
728869,0.0
728870,0.0
728871,0.0
728872,0.0
728873,0.0
728874,0.0
728875,0.0
728876,0.0
728877,0.0
728878,0.0
728879,0.0
728880,0.0
728881,0.0
728882,0.0
728883,0.0
728884,0.0
728885,0.0
728886,0.0
728887,0.0
728888,0.0
728889,0.0
728890,0.0
728891,0.0
728892,0.0
728893,0.0
728894,0.0
728895,0.0
728896,0.0
728897,0.0
728898,0.0
728899,0.0
728900,0.0
728901,0.0
728902,0.0
728903,0.0
728904,7.389353e-11
728905,0.0
728906,0.0
728907,0.0
728908,0.0
728909,0.0
728910,0.0
728911,0.0
728912,0.0
728913,0.0
728914,0.0
728915,0.0
728916,0.0
728917,0.0
728918,0.0
728919,0.0
728920,0.0
728921,0.0
728922,0.0
728923,0.0
728924,0.0
728925,0.0
728926,0.0
728927,0.0
728928,0.0
728929,0.0
728930,0.0
728931,0.0
728932,0.0
728933,0.0
728934,0.0
728935,0.0
728936,0.0
728937,0.0
728938,0.0
728939,0.0
728940,0.0
728941,0.0
728942,0.0
728943,0.0
728944,0.0
728945,0.0
728946,0.0
728947,0.0
728948,0.0
728949,0.0
728950,0.0
728951,0.0
728952,0.0
728953,0.0
728954,0.0
728955,0.0
728956,0.0
728957,0.0
728958,0.0
728959,0.0
728960,0.0
728961,0.0
728962,0.0
728963,0.0
728964,0.0
728965,0.0
728966,0.0
728967,0.0
728968,0.0
728969,0.0
728970,0.0
728971,0.0
728972,0.0
728973,0.0
728974,0.0
728975,0.0
728976,0.0
728977,0.0
728978,0.0
728979,0.0
728980,0.0
728981,0.0
728982,0.0
728983,0.0
728984,0.0
728985,0.0
728986,0.0
728987,0.0
728988,0.0
728989,0.0
728990,0.0
728991,0.0
728992,0.0
728993,0.0
728994,0.0
728995,0.0
728996,0.0
728997,0.0
728998,0.0
728999,0.0
729000,0.0
729001,0.0
729002,0.0
729003,0.0
729004,0.0
729005,0.0
729006,0.0
729007,0.0
729008,0.0
729009,0.0
729010,0.22017229
729011,0.0
729012,0.0
729013,0.0
729014,0.0
729015,0.0
729016,0.0
729017,0.0
729018,0.0
729019,0.0
729020,0.0
729021,0.0
729022,0.0
729023,0.0
729024,0.0
729025,0.0
729026,0.0
729027,0.0
729028,0.0
729029,0.0
729030,0.0
729031,0.0
729032,0.0
729033,0.0
729034,0.0
729035,0.0
729036,0.0
729037,0.0
729038,0.0
729039,0.0
729040,0.0
729041,0.0
729042,0.0
729043,0.0
729044,0.0
729045,0.0
729046,0.0
729047,0.0
729048,0.0
729049,0.0
729050,0.0
729051,7.251955e-05
729052,0.0
729053,0.0
729054,0.0
729055,0.0
729056,0.0
729057,0.0
729058,0.0
729059,0.0
729060,0.0
729061,0.0
729062,0.0
729063,0.0
729064,0.0
729065,0.0
729066,0.0
729067,0.0
729068,0.0
729069,0.0
729070,0.0
729071,0.0
729072,0.0
729073,0.0
729074,0.0
729075,0.0
729076,0.0
729077,0.0
729078,0.0
729079,0.0
729080,0.0
729081,0.0
729082,0.0
729083,0.0
729084,0.0
729085,0.0
729086,0.0
729087,0.0
729088,0.0
729089,0.0
729090,0.0
729091,0.0
729092,0.0
729093,0.0
729094,0.0
729095,0.0
729096,0.0
729097,0.0
729098,0.0
729099,0.0
729100,0.0
729101,0.0
729102,0.0
729103,0.0
729104,0.0
729105,0.0
729106,0.0
729107,0.0
729108,0.0
729109,0.0
729110,0.0
729111,0.0
729112,4.7560886e-37
729113,0.0
729114,0.0
729115,0.0
729116,0.0
729117,0.0
729118,0.0
729119,0.0
729120,0.0
729121,0.0
729122,0.0
729123,0.0
729124,0.0
729125,0.0
729126,0.0
729127,0.0
729128,0.0
729129,0.0
729130,0.0
729131,0.0
729132,0.0
729133,0.0
729134,0.0
729135,0.0
729136,0.0
729137,0.0
729138,0.0
729139,0.0
729140,0.0
729141,0.0
729142,0.0
729143,0.0
729144,0.0
729145,0.0
729146,0.0
729147,0.0
729148,0.0
729149,0.0
729150,0.0
729151,0.0
729152,0.0
729153,0.0
729154,0.0
729155,0.0
729156,0.0
729157,0.0
729158,0.0
729159,0.0
729160,0.0
729161,0.0
729162,0.0
729163,0.0
729164,0.0
729165,0.0
729166,0.0
729167,0.0
729168,0.0
729169,0.0
729170,0.0
729171,0.0
729172,0.0
729173,0.0
729174,0.0
729175,0.0
729176,0.0
729177,0.0
729178,0.0
729179,0.0
729180,0.0
729181,0.0
729182,0.0
729183,0.0
729184,0.0
729185,0.0
729186,0.0
729187,0.0
729188,0.0
729189,0.0
729190,0.0
729191,0.0
729192,0.0
729193,0.0
729194,0.0
729195,0.0
729196,0.0
729197,0.0
729198,0.0
729199,0.0
729200,0.0
729201,0.0
729202,0.0
729203,0.0
729204,0.0
729205,0.0
729206,0.0
729207,0.0
729208,0.0
729209,0.0
729210,0.0
729211,0.0
729212,0.0
729213,0.0
729214,0.0
729215,0.0
729216,0.0
729217,0.0
729218,0.0
729219,0.0
729220,0.0
729221,0.0
729222,0.0
729223,0.0
729224,0.0
729225,0.0
729226,0.0
729227,0.0
729228,0.0
729229,0.0
729230,0.0
729231,0.0
729232,0.0
729233,0.0
729234,0.0
729235,0.0
729236,0.0
729237,0.0
729238,0.0
729239,0.0
729240,0.0
729241,0.0
729242,0.0
729243,0.0
729244,0.0
729245,0.0
729246,0.0
729247,0.0
729248,0.0
729249,0.0
729250,0.0
729251,0.0
729252,0.0
729253,0.0
729254,0.0
729255,0.0
729256,0.0
729257,0.0
729258,0.0
729259,0.0
729260,0.0
729261,0.0
729262,0.0
729263,0.0
729264,0.0
729265,0.0
729266,0.0
729267,0.0
729268,0.0
729269,0.0
729270,0.0
729271,0.0
729272,0.0
729273,0.0
729274,0.0
729275,0.0
729276,0.0
729277,0.0
729278,0.0
729279,0.0
729280,0.0
729281,0.0
729282,0.0
729283,0.0
729284,0.0
729285,0.0
729286,0.0
729287,0.0
729288,0.0
729289,0.0
729290,0.0
729291,0.0
729292,0.0
729293,0.0
729294,0.0
729295,0.0
729296,0.0
729297,0.0
729298,0.0
729299,0.0
729300,0.0
729301,0.0
729302,0.0
729303,0.0
729304,0.0
729305,0.0
729306,0.0
729307,0.0
729308,0.0
729309,0.0
729310,0.0
729311,0.0
729312,0.0
729313,0.0
729314,0.0
729315,0.0
729316,0.0
729317,0.0
729318,0.0
729319,0.0
729320,0.0
729321,0.0
729322,0.0
729323,0.0
729324,0.0
729325,0.0
729326,0.0
729327,0.0
729328,0.0
729329,0.0
729330,0.0
729331,0.0
729332,0.0
729333,0.0
729334,0.0
729335,0.60766286
729336,0.0
729337,0.0
729338,0.0
729339,0.0
729340,0.0
729341,0.0
729342,0.0
729343,0.0
729344,0.0
729345,0.0
729346,0.0
729347,0.0
729348,0.0
729349,0.0
729350,0.0
729351,0.0
729352,0.0
729353,0.0
729354,0.0
729355,0.0
729356,0.0
729357,0.0
729358,3.6824693e-33
729359,0.0
729360,0.0
729361,0.0
729362,0.0
729363,0.0
729364,0.0
729365,0.0
729366,0.0
729367,0.0
729368,0.0
729369,0.0
729370,0.0
729371,0.0
729372,0.0
729373,0.0
729374,0.0
729375,0.0
729376,0.0
729377,0.0
729378,0.0
729379,0.0
729380,0.0
729381,0.0
729382,0.0
729383,0.0
729384,0.0
729385,0.0
729386,0.0
729387,0.0
729388,0.0
729389,0.0
729390,0.0
729391,0.0
729392,0.0
729393,0.0
729394,0.0
729395,0.0
729396,0.0
729397,0.0
729398,0.0
729399,0.0
729400,0.0
729401,0.0
729402,0.0
729403,0.0
729404,0.0
729405,0.0
729406,0.0
729407,0.0
729408,0.0
729409,0.0
729410,0.0
729411,0.0
729412,0.0
729413,0.0
729414,0.0
729415,0.0
729416,0.0
729417,0.0
729418,0.0
729419,0.0
729420,0.0
729421,0.0
729422,0.0
729423,0.0
729424,0.0
729425,0.0
729426,0.0
729427,0.0
729428,0.0
729429,0.0
729430,0.0
729431,0.0
729432,0.0
729433,0.0
729434,0.0
729435,0.0
729436,0.0
729437,0.0
729438,0.0
729439,0.0
729440,0.0
729441,0.0
729442,0.0
729443,0.0
729444,0.0
729445,3.4227726e-20
729446,0.0
729447,0.0
729448,0.0
729449,0.0
729450,0.0
729451,0.0
729452,0.0
729453,0.0
729454,0.0
729455,0.0
729456,0.0
729457,0.0
729458,0.0
729459,0.0
729460,0.0
729461,0.0
729462,0.0
729463,0.0
729464,0.0
729465,0.0
729466,0.0
729467,0.0
729468,0.0
729469,0.0
729470,0.0
729471,0.0
729472,0.0
729473,0.0
729474,0.0
729475,0.0
729476,0.0
729477,0.0
729478,0.0
729479,0.0
729480,0.0
729481,0.0
729482,0.0
729483,0.0
729484,0.0
729485,0.0
729486,0.0
729487,0.0
729488,0.0
729489,0.0
729490,0.0
729491,0.0
729492,0.0
729493,0.0
729494,0.0
729495,0.0
729496,0.0
729497,0.0
729498,0.0
729499,0.0
729500,0.0
729501,0.0
729502,0.0
729503,0.0
729504,0.0
729505,0.0
729506,0.0
729507,0.0
729508,0.0
729509,0.0
729510,0.0
729511,0.0
729512,0.0
729513,0.0
729514,0.0
729515,0.0
729516,0.0
729517,0.0
729518,0.0
729519,0.0
729520,0.0
729521,0.0
729522,0.0
729523,0.0
729524,0.0
729525,0.0
729526,0.0
729527,0.0
729528,0.0
729529,0.0
729530,0.0
729531,0.0
729532,0.0
729533,0.0
729534,0.0
729535,0.0
729536,0.0
729537,0.0
729538,0.0
729539,0.0
729540,0.0
729541,0.0
729542,0.0
729543,0.0
729544,0.0
729545,0.0
729546,0.0
729547,0.0
729548,0.0
729549,0.0
729550,0.0
729551,0.0
729552,0.0
729553,0.0
729554,0.0
729555,0.0
729556,0.0
729557,0.0
729558,0.0
729559,0.0
729560,0.0
729561,0.0
729562,0.0
729563,0.0
729564,0.0
729565,0.0
729566,0.0
729567,0.0
729568,0.0
729569,0.0
729570,0.0
729571,0.0
729572,0.0
729573,0.0
729574,0.0
729575,0.0
729576,0.0
729577,0.0
729578,0.0
729579,0.0
729580,0.0
729581,0.0
729582,0.0
729583,0.0
729584,0.0
729585,0.0
729586,0.0
729587,0.0
729588,0.0
729589,0.0
729590,0.0
729591,0.0
729592,0.0
729593,0.0
729594,0.0
729595,0.0
729596,0.0
729597,0.0
729598,0.0
729599,0.0
729600,0.0
729601,0.0
729602,0.0
729603,0.0
729604,0.0
729605,0.0
729606,0.0
729607,0.0
729608,0.0
729609,0.0
729610,0.0
729611,0.0
729612,0.0
729613,0.0
729614,0.0
729615,0.0
729616,0.0
729617,0.0
729618,0.0
729619,0.0
729620,0.0
729621,0.0
729622,0.0
729623,0.0
729624,0.0
729625,0.0
729626,0.0
729627,0.09247693
729628,0.0
729629,0.0
729630,0.0
729631,0.0
729632,0.0
729633,0.0
729634,0.0
729635,0.0
729636,0.0
729637,0.0
729638,0.0
729639,0.0
729640,0.0
729641,0.0
729642,0.0
729643,0.0
729644,0.0
729645,0.0
729646,0.0
729647,0.0
729648,0.0
729649,0.0
729650,0.0
729651,0.0
729652,0.0
729653,0.0
729654,0.0
729655,0.0
729656,0.0
729657,0.0
729658,0.0
729659,0.0
729660,0.0
729661,0.0
729662,0.0
729663,0.0
729664,0.0
729665,0.0
729666,0.0
729667,0.0
729668,0.0
729669,0.0
729670,0.0
729671,0.0
729672,0.0
729673,0.0
729674,0.0
729675,0.0
729676,0.0
729677,0.0
729678,0.0
729679,0.0
729680,0.0
729681,0.0
729682,0.0
729683,0.0
729684,0.0
729685,0.0
729686,0.0
729687,0.0
729688,0.0
729689,0.0
729690,0.0012954274
729691,0.0
729692,0.0
729693,0.0
729694,0.0
729695,0.0
729696,0.0
729697,0.0
729698,1.1092529e-31
729699,0.0
729700,0.0
729701,0.0
729702,0.0
729703,0.0
729704,0.0
729705,0.0
729706,0.0
729707,0.0
729708,0.0
729709,0.0
729710,0.0
729711,0.0
729712,0.0
729713,0.0
729714,0.0
729715,0.0
729716,0.0
729717,0.0
729718,0.0
729719,0.0
729720,0.0
729721,0.0
729722,0.0
729723,0.0
729724,0.0
729725,0.0
729726,0.0
729727,0.0
729728,0.0
729729,0.0
729730,0.0
729731,0.0
729732,0.0
729733,0.0
729734,0.0
729735,0.0
729736,0.0
729737,0.0
729738,0.0
729739,0.0
729740,0.0
729741,0.0
729742,0.0
729743,0.0
729744,0.0
729745,0.0
729746,0.0
729747,0.0
729748,0.0
729749,0.0
729750,0.0
729751,0.0
729752,0.0
729753,0.0
729754,0.0
729755,0.0
729756,0.0
729757,0.0
729758,0.0
729759,0.0
729760,0.0
729761,0.0
729762,0.0
729763,0.0
729764,0.0
729765,0.0
729766,0.0
729767,0.0
729768,0.0
729769,0.0
729770,0.0
729771,0.0
729772,0.0
729773,0.0
729774,0.0
729775,0.0
729776,0.0
729777,0.0
729778,1.4425816e-05
729779,0.0
729780,0.0
729781,0.0
729782,0.0
729783,0.0
729784,0.0
729785,0.0
729786,0.0
729787,0.0
729788,0.0
729789,0.0
729790,0.0
729791,0.0
729792,0.0
729793,0.0
729794,0.0
729795,0.0
729796,0.0
729797,0.0
729798,0.0
729799,0.0
729800,0.0
729801,0.0
729802,0.0
729803,0.0
729804,0.0
729805,0.0
729806,0.0
729807,0.0
729808,0.0
729809,0.0
729810,0.0
729811,0.0
729812,0.0
729813,0.0
729814,0.0
729815,0.0
729816,0.0
729817,0.0
729818,0.0
729819,0.0
729820,0.0
729821,0.0
729822,0.0
729823,0.0
729824,0.0
729825,0.0
729826,0.0
729827,0.0
729828,0.0
729829,0.0
729830,0.0
729831,0.0
729832,0.0
729833,0.0
729834,0.0
729835,0.0
729836,0.0
729837,0.0
729838,0.0
729839,0.0
729840,0.0
729841,0.0
729842,0.0
729843,0.0
729844,0.0
729845,0.0
729846,0.0
729847,0.0
729848,0.0
729849,0.0
729850,0.0
729851,0.0
729852,0.0
729853,0.0
729854,0.0
729855,0.0
729856,0.0
729857,0.0
729858,0.0
729859,0.0
729860,0.0
729861,0.0
729862,0.0
729863,0.0
729864,0.0
729865,0.0
729866,0.0
729867,0.0
729868,0.0
729869,0.0
729870,0.0
729871,0.0
729872,0.0
729873,0.0
729874,0.0
729875,0.0
729876,0.0
729877,0.0
729878,0.0
729879,0.0
729880,0.0
729881,0.0
729882,0.0
729883,0.0
729884,0.0
729885,0.0
729886,0.0
729887,0.0
729888,0.0
729889,0.0
729890,0.0
729891,0.0
729892,0.0
729893,0.0
729894,0.0
729895,0.0
729896,0.0
729897,0.0
729898,1.7029483e-28
729899,0.0
729900,0.0
729901,0.0
729902,0.0
729903,0.0
729904,0.0
729905,0.0
729906,0.0
729907,0.0
729908,0.0
729909,0.0
729910,0.0
729911,0.0
729912,0.0
729913,0.0
729914,0.0
729915,0.0
729916,0.0
729917,0.0
729918,0.0
729919,0.0
729920,0.0
729921,0.0
729922,0.0
729923,0.0
729924,0.0
729925,0.0
729926,0.0
729927,0.0
729928,0.0
729929,0.0
729930,0.0
729931,0.0
729932,0.0
729933,0.0
729934,0.0
729935,0.0
729936,0.0
729937,0.0
729938,0.0
729939,0.0
729940,0.0
729941,0.0
729942,0.0
729943,0.0
729944,0.0
729945,0.0
729946,0.0
729947,0.0
729948,0.0
729949,0.0
729950,0.0
729951,0.0
729952,0.0
729953,0.0
729954,0.0
729955,0.0
729956,0.0
729957,0.0
729958,0.0
729959,0.0
729960,0.0
729961,0.0
729962,0.0
729963,0.0
729964,0.0
729965,0.0
729966,0.0
729967,0.0
729968,0.0
729969,8.703901e-06
729970,0.0
729971,0.0
729972,0.0
729973,0.0
729974,0.0
729975,0.0
729976,0.0
729977,0.0
729978,0.0
729979,0.0
729980,0.0
729981,0.0
729982,0.0
729983,0.0
729984,0.0
729985,0.0
729986,0.0
729987,0.0
729988,0.0
729989,0.0
729990,0.0
729991,0.0
729992,0.0
729993,0.0
729994,0.0
729995,0.0
729996,0.0
729997,0.0
729998,0.0
729999,0.0
730000,0.0
730001,0.0
730002,0.0
730003,8.335011e-29
730004,0.0
730005,0.0
730006,0.0
730007,0.0
730008,0.0
730009,0.0
730010,0.0
730011,0.0
730012,0.0
730013,0.0
730014,0.0
730015,0.0
730016,0.0
730017,0.0
730018,0.0
730019,0.0
730020,0.0
730021,0.0
730022,0.0
730023,0.0
730024,0.0
730025,0.0
730026,0.0
730027,0.0
730028,0.0
730029,0.0
730030,0.0
730031,2.1411601e-13
730032,0.0
730033,0.0
730034,0.0
730035,0.0
730036,0.0
730037,0.0
730038,0.0
730039,0.0
730040,1.3987946e-27
730041,0.0
730042,0.0
730043,0.0
730044,0.0
730045,0.0
730046,0.0
730047,0.0
730048,0.0
730049,0.0
730050,0.0
730051,0.0
730052,0.0
730053,0.0
730054,0.0
730055,0.0
730056,0.0
730057,0.0
730058,0.0
730059,0.0
730060,0.0
730061,0.0
730062,0.0
730063,0.0
730064,0.0
730065,0.0
730066,0.0
730067,0.0
730068,0.0
730069,0.0
730070,0.0
730071,0.0
730072,0.0
730073,0.0
730074,0.0
730075,0.0
730076,0.0
730077,0.0
730078,0.0
730079,0.0
730080,0.0
730081,0.0
730082,0.0
730083,0.0
730084,0.0
730085,0.0
730086,0.0
730087,0.0
730088,0.0
730089,0.0
730090,0.0
730091,0.0
730092,0.0
730093,0.0
730094,0.0
730095,0.0
730096,0.0
730097,0.0
730098,0.0
730099,0.0
730100,0.0
730101,0.0
730102,0.0
730103,1.2831049e-30
730104,0.0
730105,0.0
730106,0.0
730107,0.0
730108,0.0
730109,0.0
730110,0.0
730111,0.0
730112,0.0
730113,0.0
730114,0.0
730115,0.0
730116,0.0
730117,0.0
730118,0.0
730119,0.0
730120,0.0
730121,0.0
730122,0.0
730123,0.0
730124,0.0
730125,0.0
730126,0.0
730127,0.0
730128,0.0
730129,0.0
730130,0.0
730131,0.0
730132,0.0
730133,0.0
730134,0.0
730135,0.0
730136,0.0
730137,0.0
730138,0.0
730139,0.0
730140,0.0
730141,0.0
730142,0.0
730143,0.0
730144,0.0
730145,0.0
730146,0.0
730147,0.0
730148,0.0
730149,0.0
730150,0.0
730151,0.0
730152,0.0
730153,0.0
730154,0.0
730155,0.0
730156,0.0
730157,0.0
730158,0.0
730159,0.0
730160,0.0
730161,0.0
730162,0.0
730163,0.0
730164,0.0
730165,0.0
730166,0.0
730167,0.0
730168,0.0
730169,0.0
730170,0.0
730171,0.0
730172,0.0
730173,0.0
730174,0.0
730175,0.0
730176,0.0
730177,0.0
730178,0.0
730179,0.0
730180,0.0
730181,0.0
730182,0.0
730183,0.0
730184,0.0
730185,0.0
730186,0.0
730187,0.0
730188,0.0
730189,0.0
730190,0.0
730191,0.0
730192,0.0
730193,0.0
730194,0.0
730195,0.0
730196,0.0
730197,0.0
730198,0.0
730199,0.0
730200,0.0
730201,0.0
730202,0.0
730203,0.0
730204,0.0
730205,0.0
730206,0.0
730207,0.0
730208,0.0
730209,0.0
730210,0.0
730211,0.0
730212,0.0
730213,0.0
730214,0.0
730215,0.0
730216,0.0
730217,0.0
730218,0.0
730219,0.0
730220,0.0
730221,0.0
730222,0.0
730223,0.0
730224,0.0
730225,0.0
730226,0.0
730227,0.0
730228,0.0
730229,0.0
730230,0.0
730231,0.0
730232,0.0
730233,0.0
730234,0.0
730235,0.0
730236,0.0
730237,0.0
730238,0.0
730239,0.0
730240,0.0
730241,0.0
730242,0.0
730243,0.0
730244,0.0
730245,0.0
730246,0.0
730247,0.0
730248,0.0
730249,0.0
730250,0.0
730251,0.0
730252,0.0
730253,0.0
730254,0.0
730255,0.0
730256,0.0
730257,0.0
730258,0.0
730259,0.0
730260,0.0
730261,0.0
730262,0.0
730263,0.0
730264,0.0
730265,0.0
730266,0.0
730267,0.0
730268,0.0
730269,0.0
730270,0.0
730271,0.0
730272,0.0
730273,0.0
730274,0.0
730275,3.593458e-35
730276,0.0
730277,0.0
730278,0.0
730279,0.0
730280,0.0
730281,0.0
730282,0.0
730283,0.0
730284,0.0
730285,0.0
730286,0.0
730287,0.0
730288,0.0
730289,0.0
730290,0.0
730291,0.0
730292,0.0
730293,0.0
730294,0.0
730295,0.0
730296,0.0
730297,0.0
730298,0.0
730299,0.0
730300,0.0
730301,0.0
730302,0.0
730303,0.0
730304,0.0
730305,0.0
730306,0.0
730307,0.0
730308,0.0
730309,0.0
730310,0.0
730311,0.0
730312,0.0
730313,0.0
730314,0.0
730315,0.0
730316,0.0
730317,0.0
730318,0.0
730319,0.0
730320,0.0
730321,0.0
730322,0.0
730323,0.0
730324,0.0
730325,0.0
730326,0.0
730327,5.775946e-19
730328,0.0
730329,0.0
730330,0.0
730331,0.0
730332,0.0
730333,0.0
730334,0.0
730335,0.0
730336,0.0
730337,0.0
730338,0.0
730339,0.0
730340,0.0
730341,0.0
730342,8.2483306e-25
730343,0.0
730344,0.0
730345,0.0
730346,0.0
730347,0.0
730348,0.0
730349,0.0
730350,0.0
730351,0.0
730352,0.0
730353,0.0
730354,0.0
730355,0.0
730356,0.0
730357,0.0
730358,0.0
730359,0.0
730360,0.0
730361,0.0
730362,0.0
730363,0.0
730364,0.0
730365,0.0
730366,0.0
730367,0.0
730368,0.0
730369,0.0
730370,0.0
730371,0.0
730372,0.0
730373,0.0
730374,0.0
730375,0.0
730376,0.0
730377,0.0
730378,0.0
730379,0.0
730380,0.0
730381,0.0
730382,0.0
730383,0.0
730384,0.0
730385,0.0
730386,0.0
730387,0.0
730388,0.0
730389,0.0
730390,0.0
730391,0.0
730392,0.0
730393,0.0
730394,0.0
730395,0.0
730396,0.0
730397,0.0
730398,0.0
730399,0.0
730400,0.0
730401,0.0
730402,0.0
730403,0.0
730404,0.0
730405,0.0
730406,0.0
730407,0.0
730408,0.0
730409,0.0
730410,0.0
730411,0.0
730412,0.0
730413,0.0
730414,0.0
730415,0.0
730416,0.0
730417,0.0
730418,0.0
730419,0.0
730420,0.0
730421,0.0
730422,0.0
730423,0.0
730424,0.0
730425,0.0
730426,0.0
730427,0.0
730428,0.0
730429,0.0
730430,0.0
730431,0.0
730432,0.0
730433,0.0
730434,0.0
730435,0.0
730436,0.0
730437,0.0
730438,0.0
730439,0.0
730440,0.0
730441,0.0
730442,0.0
730443,0.0
730444,0.0
730445,0.0
730446,0.0
730447,0.0
730448,0.0
730449,0.0
730450,0.0
730451,0.0
730452,0.0
730453,0.0
730454,0.0
730455,0.0
730456,0.0
730457,0.0
730458,0.0
730459,0.0
730460,0.0
730461,0.0
730462,0.0
730463,0.0
730464,0.0
730465,0.0
730466,0.0
730467,0.0
730468,0.0
730469,0.0
730470,0.0
730471,0.0
730472,0.0
730473,0.0
730474,0.0
730475,0.0
730476,0.0
730477,0.0
730478,0.0
730479,0.0
730480,0.0
730481,0.0
730482,0.0
730483,0.0
730484,0.0
730485,1.995001e-35
730486,0.0
730487,0.0
730488,0.0
730489,0.0
730490,0.0
730491,0.0
730492,0.0
730493,0.0
730494,0.0
730495,0.0
730496,0.0
730497,0.0
730498,0.0
730499,0.0
730500,0.0
730501,0.0
730502,0.0
730503,0.0
730504,0.0
730505,0.0
730506,0.0
730507,0.0
730508,0.0
730509,0.0
730510,0.0
730511,0.0
730512,1.1683156e-23
730513,0.0
730514,0.0
730515,0.0
730516,0.0
730517,0.0
730518,0.0
730519,0.0
730520,0.0
730521,0.0
730522,0.0
730523,0.0
730524,0.0
730525,0.0
730526,0.0
730527,0.0
730528,0.0
730529,0.0
730530,0.0
730531,0.0
730532,0.0
730533,0.0
730534,0.0
730535,0.0
730536,0.0
730537,0.0
730538,0.0
730539,0.0
730540,6.700925e-28
730541,0.0
730542,0.0
730543,0.0
730544,0.0
730545,0.0
730546,0.0
730547,0.0
730548,0.0
730549,0.0
730550,0.0
730551,0.0
730552,0.0
730553,0.0
730554,0.0
730555,0.0
730556,0.0
730557,0.0
730558,0.0
730559,0.0
730560,0.0
730561,0.0
730562,0.0
730563,0.0
730564,0.0
730565,0.0
730566,0.0
730567,0.0
730568,0.0
730569,0.0
730570,0.0
730571,0.0
730572,0.0
730573,0.0
730574,0.0
730575,0.0
730576,0.0
730577,0.0
730578,0.0
730579,0.0
730580,0.0
730581,0.0
730582,0.0
730583,0.0
730584,0.0
730585,0.0
730586,0.0
730587,0.0
730588,0.0
730589,0.0
730590,0.0
730591,0.0
730592,0.0
730593,0.0
730594,0.0
730595,0.0
730596,0.0
730597,0.0
730598,0.0
730599,0.0
730600,0.0
730601,0.0
730602,0.0
730603,0.0
730604,0.0
730605,0.0
730606,0.0
730607,0.0
730608,0.0
730609,0.0
730610,0.0
730611,0.0
730612,0.0
730613,0.0
730614,0.0
730615,0.0
730616,0.0
730617,0.0
730618,0.0
730619,0.0
730620,0.0
730621,0.0
730622,0.0
730623,0.0
730624,0.0
730625,0.0
730626,0.0
730627,0.0
730628,0.0
730629,0.0
730630,0.0
730631,0.0
730632,0.0
730633,0.0
730634,0.0
730635,0.0
730636,0.0
730637,0.0
730638,0.0
730639,0.0
730640,0.0
730641,0.0
730642,0.0
730643,0.0
730644,0.0
730645,0.0
730646,0.0
730647,0.0
730648,0.0
730649,0.0
730650,0.0
730651,0.0
730652,0.0
730653,0.0
730654,0.0
730655,0.0
730656,0.0
730657,0.0
730658,0.0
730659,0.0
730660,0.0
730661,0.0
730662,0.0
730663,0.0
730664,0.0
730665,0.0
730666,0.0
730667,0.0
730668,0.0
730669,0.0
730670,0.0
730671,0.0
730672,0.0
730673,0.0
730674,0.0
730675,0.0
730676,0.0
730677,0.0
730678,0.0
730679,0.0
730680,0.0
730681,0.0
730682,0.0
730683,0.0
730684,0.0
730685,0.0
730686,0.0
730687,0.0
730688,0.0
730689,0.0
730690,0.0
730691,0.0
730692,0.0
730693,0.0
730694,0.0
730695,0.0
730696,0.0
730697,0.0
730698,0.0
730699,0.0
730700,0.0
730701,0.0
730702,0.0
730703,0.0
730704,0.0
730705,0.0
730706,0.0
730707,0.0
730708,0.0
730709,0.0
730710,0.0
730711,0.0
730712,0.0
730713,0.0
730714,0.0
730715,0.0
730716,0.0
730717,0.0
730718,0.0
730719,0.0
730720,0.0
730721,0.0
730722,0.08361111
730723,0.0
730724,0.0
730725,0.0
730726,0.0
730727,0.0
730728,0.0
730729,0.0
730730,0.0
730731,0.0
730732,0.0
730733,0.0
730734,0.0
730735,0.0
730736,0.0
730737,0.0
730738,0.0
730739,0.0
730740,0.0
730741,0.0
730742,0.0
730743,0.0
730744,0.0
730745,0.0
730746,0.0
730747,0.0
730748,0.0
730749,0.0
730750,0.0
730751,0.0
730752,0.0
730753,0.0
730754,0.0
730755,0.0
730756,0.0
730757,0.0
730758,0.0
730759,0.0
730760,0.0
730761,0.0
730762,0.0
730763,0.0
730764,0.0
730765,0.0
730766,0.0
730767,0.0
730768,0.0
730769,0.0
730770,0.0
730771,0.0
730772,0.0
730773,0.0
730774,0.0
730775,0.0
730776,0.0
730777,0.0
730778,0.0
730779,0.0
730780,0.0
730781,0.0
730782,0.0
730783,0.0
730784,0.0
730785,0.0
730786,0.0
730787,0.0
730788,0.0
730789,0.0
730790,0.0
730791,0.0
730792,0.0
730793,0.0
730794,0.0
730795,0.0
730796,0.0
730797,0.0
730798,0.0
730799,0.0
730800,0.0
730801,0.0
730802,0.0
730803,0.0
730804,0.0
730805,0.0
730806,0.0
730807,0.0
730808,0.0
730809,0.0
730810,0.0
730811,0.0
730812,0.0
730813,0.0
730814,0.0
730815,0.0
730816,0.0
730817,0.0
730818,0.0
730819,0.0
730820,0.0
730821,0.0
730822,0.0
730823,0.0
730824,0.0
730825,0.0
730826,0.0
730827,0.0
730828,0.0
730829,0.0
730830,0.0
730831,0.0
730832,0.0
730833,0.0
730834,0.0
730835,0.0
730836,0.0
730837,0.0
730838,0.0
730839,0.0
730840,0.0
730841,0.0
730842,0.0
730843,0.0
730844,0.0
730845,0.0
730846,0.0
730847,0.0
730848,0.0
730849,0.0
730850,0.0
730851,0.0
730852,0.0
730853,1.3784335e-26
730854,0.0
730855,0.0
730856,0.0
730857,0.0
730858,0.0
730859,0.0
730860,0.0
730861,0.0
730862,0.0
730863,0.0
730864,0.0
730865,0.0
730866,0.0
730867,0.0
730868,0.0
730869,0.0
730870,0.0
730871,0.0
730872,0.0
730873,0.0
730874,0.0
730875,0.0
730876,0.0
730877,0.0
730878,0.0
730879,0.0
730880,0.0
730881,0.0
730882,0.0
730883,0.0
730884,0.0
730885,0.0
730886,0.0
730887,0.0
730888,0.0
730889,0.0
730890,0.0
730891,0.0
730892,0.0
730893,0.0
730894,0.0
730895,0.0
730896,0.0
730897,0.0
730898,0.0
730899,0.0
730900,0.0
730901,0.0
730902,0.0
730903,0.0
730904,0.0
730905,0.0
730906,0.0
730907,0.0
730908,0.0
730909,0.0
730910,0.0
730911,0.0
730912,0.0
730913,0.0
730914,0.0
730915,0.0
730916,0.0
730917,0.0
730918,0.0
730919,0.0
730920,0.0
730921,0.0
730922,0.0
730923,0.0
730924,0.0
730925,0.0
730926,0.0
730927,0.0
730928,0.0
730929,0.0
730930,0.0
730931,0.0
730932,0.0
730933,0.0
730934,0.0
730935,0.0
730936,0.0
730937,0.0
730938,0.0
730939,0.0
730940,0.0
730941,0.0
730942,0.0
730943,0.0
730944,0.0
730945,0.0
730946,0.0
730947,0.0
730948,0.0
730949,0.0
730950,0.0
730951,0.0
730952,0.0
730953,0.0
730954,0.0
730955,0.0
730956,0.0
730957,0.0
730958,0.0
730959,0.0
730960,0.0
730961,0.0
730962,0.0
730963,0.0
730964,0.0
730965,0.0
730966,1.2600764e-19
730967,0.0
730968,0.0
730969,0.0
730970,0.0
730971,0.0
730972,0.0
730973,0.0
730974,0.0
730975,0.0
730976,0.0
730977,0.0
730978,0.0
730979,0.0
730980,0.0
730981,0.0
730982,0.0
730983,0.0
730984,0.0
730985,0.0
730986,0.0
730987,0.0
730988,0.0
730989,0.0
730990,0.0
730991,0.0
730992,0.0
730993,0.0
730994,0.0
730995,0.0
730996,0.0
730997,0.0
730998,0.0
730999,0.0
731000,0.0
731001,0.0
731002,0.0
731003,0.0
731004,0.0
731005,0.0
731006,0.0
731007,0.0
731008,0.0
731009,0.0
731010,0.0
731011,0.0
731012,0.0
731013,0.0
731014,0.0
731015,0.0
731016,0.0
731017,0.0
731018,0.0
731019,0.0
731020,0.0
731021,0.0
731022,0.0
731023,0.0
731024,0.0
731025,0.0
731026,0.0
731027,0.0
731028,0.0
731029,0.0
731030,2.9438853e-24
731031,0.0
731032,0.0
731033,0.0
731034,0.0
731035,0.0
731036,0.0
731037,0.0
731038,0.0
731039,0.0
731040,0.0
731041,0.0
731042,0.0
731043,0.0
731044,0.0
731045,0.0
731046,0.0
731047,0.0
731048,0.0
731049,0.0
731050,0.0
731051,0.0
731052,0.0
731053,0.0
731054,0.0
731055,0.0
731056,0.0
731057,0.0
731058,0.0
731059,0.0
731060,0.0
731061,0.0
731062,0.0
731063,0.0
731064,0.0
731065,0.0
731066,0.0
731067,0.0
731068,0.0
731069,0.0
731070,0.0
731071,0.0
731072,0.0
731073,0.0
731074,0.0
731075,0.0
731076,0.0
731077,0.0
731078,0.0
731079,0.0
731080,0.0
731081,0.0
731082,0.0
731083,0.0
731084,0.0
731085,5.6234504e-27
731086,0.0
731087,0.0
731088,0.0
731089,0.0
731090,0.0
731091,0.0
731092,0.0
731093,0.0
731094,0.0
731095,0.0
731096,1.1840672e-33
731097,0.0
731098,0.0
731099,0.0
731100,0.0
731101,0.0
731102,0.0
731103,0.0
731104,0.0
731105,0.0
731106,0.0
731107,0.0
731108,0.0
731109,0.0
731110,0.0
731111,0.0
731112,0.0
731113,0.0
731114,0.0
731115,0.0
731116,0.0
731117,0.0
731118,0.0
731119,0.0
731120,0.0
731121,0.0
731122,0.0
731123,0.0
731124,0.0
731125,0.0
731126,0.0
731127,0.0
731128,0.0
731129,0.0
731130,0.0
731131,0.0
731132,0.0
731133,0.0
731134,0.0
731135,0.0
731136,0.0
731137,0.0
731138,0.0
731139,0.0
731140,0.0
731141,0.0
731142,0.0
731143,0.0
731144,0.0
731145,0.0
731146,0.0
731147,0.0
731148,0.0
731149,0.0
731150,0.0
731151,0.0
731152,0.0
731153,0.0
731154,0.0
731155,5.313282e-19
731156,0.0
731157,0.0
731158,3.13546e-39
731159,0.0
731160,0.0
731161,0.0
731162,0.0
731163,0.0
731164,0.0
731165,0.0
731166,0.0
731167,0.0
731168,0.0
731169,0.0
731170,0.0
731171,0.0
731172,0.0
731173,0.0
731174,0.0
731175,0.0
731176,0.00867697
731177,0.0
731178,0.0
731179,0.0
731180,0.0
731181,0.0
731182,0.0
731183,0.0
731184,0.0
731185,0.0
731186,0.0
731187,0.0
731188,0.0
731189,0.0
731190,0.0
731191,0.0
731192,0.0
731193,0.0
731194,0.0
731195,0.0
731196,0.0
731197,0.0
731198,0.0
731199,0.0
731200,0.0
731201,0.0
731202,0.0
731203,0.0
731204,0.0
731205,0.0
731206,0.0
731207,0.0
731208,0.0
731209,0.0
731210,0.0
731211,0.0
731212,0.0
731213,0.0
731214,0.0
731215,0.0
731216,0.0
731217,0.0
731218,0.0
731219,0.0
731220,0.0
731221,0.0
731222,0.0
731223,0.0
731224,0.0
731225,0.0
731226,0.0
731227,0.0
731228,0.0
731229,0.0
731230,0.0
731231,0.0
731232,0.0
731233,0.0
731234,0.0
731235,0.0
731236,0.0
731237,0.0
731238,0.0
731239,0.0
731240,0.0
731241,0.0
731242,0.0
731243,0.0
731244,0.0
731245,0.0
731246,0.0
731247,0.0
731248,0.0
731249,0.0
731250,0.0
731251,0.0
731252,0.0
731253,0.0
731254,0.0
731255,0.0
731256,0.0
731257,0.0
731258,0.0
731259,0.0
731260,0.0
731261,0.0
731262,0.0
731263,0.0
731264,0.0
731265,0.0
731266,0.0
731267,0.0
731268,0.0
731269,0.0
731270,0.0
731271,0.0
731272,0.0
731273,0.0
731274,0.0
731275,0.0
731276,0.0
731277,0.0
731278,0.0
731279,0.0
731280,0.0
731281,0.0
731282,0.0
731283,0.0
731284,0.0
731285,0.0
731286,0.0
731287,0.0
731288,0.0
731289,0.0
731290,0.0
731291,0.0
731292,0.0
731293,0.0
731294,0.0
731295,0.0
731296,0.0
731297,0.0
731298,0.0
731299,0.0
731300,0.0
731301,0.0
731302,0.0
731303,0.0
731304,0.0
731305,0.0
731306,0.0
731307,0.0
731308,0.0
731309,0.0
731310,0.0
731311,0.0
731312,0.0
731313,0.0
731314,0.0
731315,0.0
731316,0.0
731317,0.0
731318,0.0
731319,0.0
731320,0.0
731321,0.0
731322,0.0
731323,0.0
731324,0.0
731325,0.0
731326,0.0
731327,0.0
731328,0.0
731329,0.0
731330,0.0
731331,0.0
731332,0.0
731333,0.0
731334,0.0
731335,0.0
731336,0.0
731337,0.0
731338,0.0
731339,0.0
731340,0.0
731341,0.0
731342,0.0
731343,0.0
731344,0.0
731345,0.0
731346,0.0
731347,0.0
731348,0.0
731349,0.0
731350,0.0
731351,0.0
731352,0.0
731353,0.0
731354,0.0
731355,0.0
731356,0.0
731357,0.0
731358,0.0
731359,0.0
731360,0.0
731361,0.0
731362,0.0
731363,0.0
731364,0.0
731365,0.0
731366,0.0
731367,0.0
731368,0.0
731369,0.0
731370,0.0
731371,0.0
731372,0.0
731373,0.0
731374,0.0
731375,0.0
731376,0.0
731377,0.0
731378,0.0
731379,0.0
731380,0.0
731381,0.0
731382,0.0
731383,0.0
731384,0.0
731385,0.0
731386,0.0
731387,0.0
731388,0.0
731389,0.0
731390,0.0
731391,0.0
731392,0.0
731393,0.0
731394,0.0
731395,0.0
731396,0.0
731397,0.0
731398,0.0
731399,0.0
731400,0.0
731401,0.0
731402,0.0
731403,0.0
731404,0.0
731405,0.0
731406,0.0
731407,0.0
731408,0.0
731409,0.0
731410,0.0
731411,0.0
731412,0.0
731413,0.0
731414,0.0
731415,0.0
731416,0.0
731417,0.0
731418,0.0
731419,0.0
731420,0.0
731421,0.0
731422,0.0
731423,0.0
731424,0.0
731425,0.0
731426,0.0
731427,0.0
731428,0.0
731429,0.0
731430,5.6212848e-08
731431,0.0
731432,0.0
731433,0.0
731434,0.0
731435,0.0
731436,0.0
731437,0.0
731438,0.0
731439,0.0
731440,0.0
731441,0.0
731442,0.0
731443,0.0
731444,0.0
731445,0.0
731446,0.0
731447,0.0
731448,0.0
731449,0.0
731450,0.0
731451,0.0
731452,0.0
731453,0.0
731454,0.0
731455,0.0
731456,0.0
731457,0.0
731458,0.0
731459,0.0
731460,0.0
731461,0.0
731462,0.0
731463,0.0
731464,0.0
731465,0.0
731466,0.0
731467,0.0
731468,0.0
731469,0.0
731470,0.0
731471,0.0
731472,0.0
731473,0.0
731474,0.0
731475,0.0
731476,0.0
731477,0.0
731478,0.0
731479,0.0
731480,0.0
731481,0.0
731482,0.0
731483,0.0
731484,0.0
731485,0.0
731486,0.0
731487,0.0
731488,0.0
731489,0.0
731490,0.0
731491,0.0
731492,0.0
731493,0.0
731494,0.0
731495,0.0
731496,0.0
731497,0.0
731498,0.0
731499,0.0
731500,0.0
731501,0.0
731502,0.0
731503,0.0
731504,0.0
731505,0.0
731506,0.0
731507,0.0
731508,0.0
731509,0.0
731510,0.0
731511,1.7537912e-05
731512,0.0
731513,0.0
731514,0.0
731515,0.0
731516,0.0
731517,0.0
731518,0.0
731519,0.0
731520,0.0
731521,0.0
731522,0.0
731523,0.0
731524,0.0
731525,0.0
731526,0.0
731527,0.0
731528,0.0
731529,0.0
731530,0.0
731531,0.0
731532,4.3281316e-33
731533,0.0
731534,0.0
731535,0.0
731536,0.0
731537,0.0
731538,0.0
731539,0.0
731540,0.0
731541,0.0
731542,0.0
731543,0.0
731544,0.0
731545,0.0
731546,0.0
731547,0.0
731548,0.0
731549,0.0
731550,0.0
731551,0.0
731552,0.0
731553,0.0
731554,0.0
731555,0.0
731556,0.0
731557,0.0
731558,0.0
731559,0.0
731560,0.0
731561,0.0
731562,0.0
731563,0.0
731564,0.0
731565,0.0
731566,0.0
731567,0.0
731568,0.0
731569,0.0
731570,0.0
731571,0.0
731572,0.0
731573,0.0
731574,0.027377684
731575,0.0
731576,0.0
731577,0.0
731578,0.0
731579,0.0
731580,0.0
731581,0.0
731582,0.0
731583,0.0
731584,8.143752e-13
731585,0.0
731586,0.0
731587,0.0
731588,0.0
731589,0.0
731590,0.0
731591,0.0
731592,0.0
731593,0.0
731594,0.0
731595,0.0
731596,0.0
731597,0.0
731598,0.0
731599,0.0
731600,0.0
731601,0.0
731602,0.0
731603,0.0
731604,0.0
731605,0.0
731606,0.0
731607,0.0
731608,0.0
731609,5.6875536e-32
731610,0.0
731611,0.0
731612,0.0
731613,0.0
731614,0.0
731615,0.0
731616,0.0
731617,0.0
731618,0.0
731619,0.0
731620,0.0
731621,0.0
731622,0.0
731623,0.0
731624,0.0
731625,0.0
731626,0.0
731627,0.0
731628,0.0
731629,0.0
731630,0.0
731631,0.0
731632,0.0
731633,0.0
731634,0.0
731635,0.0
731636,0.0
731637,0.0
731638,0.0
731639,0.0
731640,0.0
731641,0.0
731642,0.0
731643,0.0
731644,0.0
731645,0.0
731646,0.0
731647,4.3945696e-30
731648,0.0
731649,0.0
731650,0.0
731651,0.0
731652,0.0
731653,0.0
731654,0.0
731655,0.0
731656,0.0
731657,0.0
731658,0.0
731659,0.0
731660,0.0
731661,0.0
731662,0.0
731663,0.0
731664,0.0
731665,0.0
731666,0.0
731667,0.0
731668,0.0
731669,0.0
731670,3.5789965e-36
731671,0.0
731672,0.0
731673,0.0
731674,0.0
731675,0.0
731676,0.0
731677,0.0
731678,0.0
731679,0.0
731680,0.0
731681,0.0
731682,0.0
731683,0.0
731684,0.0
731685,5.323375e-23
731686,0.0
731687,0.0
731688,0.0
731689,0.0
731690,0.0
731691,0.0
731692,0.0
731693,0.0
731694,0.0
731695,0.0
731696,0.0
731697,0.0
731698,0.0
731699,0.0
731700,0.0
731701,0.0
731702,0.0
731703,0.0
731704,0.0
731705,0.0
731706,0.0
731707,0.0
731708,0.0
731709,0.0
731710,0.0
731711,0.0
731712,0.0
731713,0.0
731714,0.0
731715,0.0
731716,0.0
731717,0.0
731718,0.0
731719,0.0
731720,0.0
731721,0.0
731722,0.0
731723,0.0
731724,0.0
731725,0.0
731726,0.0
731727,0.0
731728,0.0
731729,0.0
731730,0.0
731731,0.0
731732,0.0
731733,0.0
731734,0.0
731735,0.0
731736,0.0
731737,0.0
731738,0.0
731739,0.0
731740,0.0
731741,0.0
731742,0.0
731743,0.0
731744,0.0
731745,0.0
731746,0.0
731747,0.0
731748,0.0
731749,0.0
731750,0.0
731751,0.0
731752,0.0
731753,0.0
731754,0.0
731755,0.0
731756,0.0
731757,0.0
731758,0.0
731759,0.0
731760,0.0
731761,0.0
731762,0.0
731763,0.0
731764,0.0
731765,0.0
731766,0.0
731767,0.0
731768,0.0
731769,0.0
731770,0.0
731771,0.0
731772,0.0
731773,0.0
731774,0.0
731775,0.0
731776,0.0
731777,0.0
731778,0.0
731779,0.0
731780,0.0
731781,0.0
731782,0.0
731783,0.0
731784,0.0
731785,0.0
731786,0.0
731787,0.0
731788,0.0
731789,0.0
731790,0.0
731791,0.0
731792,0.0
731793,0.0
731794,0.0
731795,0.0
731796,0.0
731797,0.0
731798,0.0
731799,0.0
731800,0.0
731801,0.0
731802,0.0
731803,0.0
731804,0.0
731805,0.0
731806,0.0
731807,0.0
731808,0.0
731809,0.0
731810,0.0
731811,0.0
731812,0.0
731813,0.0
731814,0.0
731815,0.0
731816,0.0
731817,0.0
731818,0.0
731819,0.0
731820,0.0
731821,0.0
731822,0.0
731823,0.0
731824,0.0
731825,0.0
731826,0.0
731827,0.0
731828,0.0
731829,0.0
731830,0.0
731831,0.0
731832,0.0
731833,0.0
731834,0.0
731835,0.0
731836,0.0
731837,0.0
731838,0.0
731839,0.0
731840,0.0
731841,0.0
731842,0.0
731843,0.0
731844,0.0
731845,0.0
731846,0.0
731847,0.0
731848,0.0
731849,0.0
731850,1.3825828e-08
731851,0.0
731852,0.0
731853,0.0
731854,0.0
731855,0.0
731856,0.0
731857,0.0
731858,0.0
731859,1.18524445e-29
731860,0.0
731861,0.0
731862,0.0
731863,0.0
731864,0.0
731865,0.0
731866,0.0
731867,0.0
731868,0.0
731869,0.0
731870,0.0
731871,0.0
731872,0.0
731873,0.0
731874,0.0
731875,0.0
731876,0.0
731877,0.0
731878,0.0
731879,0.0
731880,0.0
731881,0.0
731882,0.0
731883,0.0
731884,0.0
731885,0.0
731886,0.0
731887,0.0
731888,0.0
731889,0.0
731890,0.0
731891,0.0
731892,0.0
731893,0.0
731894,0.0
731895,0.0
731896,0.0
731897,0.0
731898,0.0
731899,0.0
731900,0.0
731901,0.0
731902,0.0
731903,0.0
731904,0.0
731905,0.0
731906,0.0
731907,0.0
731908,0.0
731909,0.0
731910,0.0
731911,0.0
731912,0.0
731913,0.0
731914,0.0
731915,0.0
731916,0.0
731917,0.0
731918,0.0
731919,0.0
731920,0.0
731921,0.0
731922,0.0
731923,0.0
731924,0.0
731925,0.0
731926,0.0
731927,0.0
731928,0.0
731929,0.0
731930,1.6345492e-38
731931,0.0
731932,0.0
731933,0.0
731934,0.0
731935,0.0
731936,0.0
731937,0.0
731938,0.0
731939,0.0
731940,0.0
731941,0.0
731942,0.0
731943,0.0
731944,0.0
731945,0.0
731946,0.0
731947,0.0
731948,0.0
731949,0.0
731950,0.0
731951,0.0
731952,0.0
731953,0.0
731954,0.0
731955,0.0
731956,0.0
731957,0.0
731958,0.0
731959,0.0
731960,0.0
731961,0.0
731962,0.0
731963,0.0
731964,0.0
731965,0.0
731966,0.0
731967,0.0
731968,0.0
731969,0.0
731970,0.0
731971,0.0
731972,0.0
731973,0.0
731974,0.0
731975,0.0
731976,0.0
731977,0.0
731978,0.0
731979,0.0
731980,0.0
731981,0.0
731982,0.0
731983,0.113054186
731984,0.0
731985,0.0
731986,0.0
731987,0.0
731988,0.0
731989,0.0
731990,0.0
731991,0.0
731992,0.0
731993,0.0
731994,0.0
731995,0.0
731996,0.0
731997,0.0
731998,0.0
731999,0.0
732000,0.0
732001,0.0
732002,0.0
732003,0.0
732004,0.0
732005,0.0
732006,0.0
732007,0.0
732008,0.0
732009,0.0
732010,0.0
732011,0.0
732012,0.0
732013,0.0
732014,0.0
732015,0.0
732016,0.0
732017,0.0
732018,0.0
732019,0.0
732020,0.0
732021,0.0
732022,0.0
732023,0.0
732024,0.0
732025,0.0
732026,0.0
732027,0.0
732028,0.0
732029,0.0
732030,0.0
732031,0.0
732032,0.0
732033,0.0
732034,0.0
732035,0.0
732036,0.0
732037,0.0
732038,0.0
732039,0.0
732040,0.0
732041,0.0
732042,5.403027e-13
732043,0.0
732044,0.0
732045,0.0
732046,0.0
732047,0.0
732048,0.0
732049,0.0
732050,0.0
732051,0.0
732052,0.0
732053,0.0
732054,0.0
732055,0.0
732056,0.0
732057,0.0
732058,0.0
732059,0.0
732060,0.0
732061,0.0
732062,0.0
732063,0.0
732064,0.0
732065,0.0
732066,0.0
732067,0.0
732068,0.0
732069,0.0
732070,0.0
732071,0.0
732072,0.0
732073,0.0
732074,0.0
732075,0.0
732076,9.15031e-10
732077,0.0
732078,0.0
732079,0.0
732080,0.0
732081,0.0
732082,0.0
732083,0.0
732084,0.0
732085,0.0
732086,0.0
732087,0.0
732088,0.0
732089,0.0
732090,0.0
732091,0.0
732092,0.0
732093,0.0
732094,0.0
732095,0.0
732096,0.0
732097,0.0
732098,0.0
732099,0.0
732100,0.0
732101,0.0
732102,0.0
732103,0.0
732104,0.0
732105,0.0
732106,0.0
732107,0.0
732108,0.0
732109,0.0
732110,0.0
732111,0.0
732112,0.0
732113,0.0
732114,0.0
732115,0.0
732116,0.0
732117,0.0
732118,0.0
732119,0.0
732120,0.0
732121,0.0
732122,0.0
732123,0.0
732124,0.0
732125,0.0
732126,0.0
732127,0.0
732128,0.0
732129,0.0
732130,0.0
732131,0.0
732132,0.0
732133,0.0
732134,0.0
732135,0.0
732136,0.0
732137,0.0
732138,0.0
732139,0.0
732140,0.0
732141,0.0
732142,0.0
732143,0.0
732144,0.0
732145,0.0
732146,0.0
732147,0.0
732148,0.0
732149,0.0
732150,0.0
732151,0.0
732152,0.0
732153,0.0
732154,0.0
732155,0.0
732156,0.0
732157,0.0
732158,0.0
732159,0.0
732160,0.0
732161,0.0
732162,0.0
732163,0.0
732164,0.0
732165,0.0
732166,0.0
732167,0.0
732168,0.0
732169,0.0
732170,0.0
732171,0.0
732172,0.0
732173,0.0
732174,0.0
732175,0.0
732176,0.0
732177,0.0
732178,0.0
732179,0.0
732180,0.0
732181,0.0
732182,0.0
732183,0.0
732184,0.0
732185,0.0
732186,0.0
732187,0.0
732188,0.0
732189,0.0
732190,3.3286795e-30
732191,0.0
732192,0.0
732193,0.0
732194,0.0
732195,0.0
732196,0.0
732197,0.0
732198,0.0
732199,0.0
732200,0.0
732201,0.0
732202,0.0
732203,0.0
732204,0.0
732205,0.0
732206,0.0
732207,0.0
732208,0.0
732209,0.0
732210,0.0
732211,0.0
732212,0.0
732213,0.0
732214,0.0
732215,0.0
732216,0.0
732217,0.0
732218,0.0
732219,0.0
732220,0.0
732221,0.0
732222,0.0
732223,0.0
732224,0.0
732225,0.0
732226,0.0
732227,0.0
732228,0.0
732229,0.0
732230,0.0
732231,0.0
732232,0.0
732233,0.0
732234,0.0
732235,0.0
732236,0.0
732237,0.0
732238,0.0
732239,0.0
732240,0.0
732241,0.0
732242,0.0
732243,0.0
732244,0.0
732245,0.0
732246,0.0
732247,0.0
732248,0.0
732249,0.0
732250,0.0
732251,0.0
732252,0.0
732253,0.0
732254,0.0
732255,0.0
732256,0.0
732257,0.0
732258,0.0
732259,0.0
732260,0.0
732261,0.0
732262,0.0
732263,0.0
732264,0.0
732265,0.0
732266,0.0
732267,0.0
732268,0.0
732269,0.0
732270,0.0
732271,0.0
732272,0.0
732273,0.0
732274,0.0
732275,0.0
732276,0.0
732277,0.0
732278,0.0
732279,0.0
732280,0.0
732281,0.0
732282,0.0
732283,0.0
732284,0.0
732285,0.0
732286,0.0
732287,0.0
732288,0.0
732289,0.0
732290,0.0
732291,0.0
732292,0.0
732293,0.0
732294,0.0
732295,0.0
732296,0.0
732297,0.0
732298,0.0
732299,0.0
732300,0.0
732301,0.0
732302,0.0
732303,0.0
732304,0.0
732305,0.0
732306,0.0
732307,0.0
732308,0.0
732309,0.0
732310,0.0
732311,0.0
732312,0.0
732313,0.0
732314,0.0
732315,0.0
732316,0.0
732317,0.0
732318,0.0
732319,0.0
732320,0.0
732321,0.0
732322,0.0
732323,0.0
732324,0.0
732325,0.0
732326,0.0
732327,0.0
732328,0.0
732329,0.0
732330,0.0
732331,0.0
732332,0.0
732333,0.0
732334,0.0
732335,0.0
732336,0.0
732337,0.0
732338,0.0
732339,0.0
732340,0.0
732341,0.0
732342,0.0
732343,0.0
732344,0.0
732345,0.0
732346,0.0
732347,0.0
732348,0.0
732349,0.0
732350,0.0
732351,0.0
732352,0.0
732353,0.0
732354,0.0
732355,0.0
732356,0.0
732357,0.0
732358,0.0
732359,0.0
732360,0.0
732361,0.0
732362,0.0
732363,0.0
732364,0.0
732365,0.0
732366,0.0
732367,0.0
732368,0.0
732369,0.0
732370,0.0
732371,0.0
732372,0.0
732373,0.0
732374,0.0
732375,0.0
732376,0.0
732377,0.0
732378,0.0
732379,0.0
732380,0.0
732381,0.0
732382,0.0
732383,0.0
732384,0.0
732385,0.0
732386,0.0
732387,0.0
732388,0.0
732389,0.0
732390,0.0
732391,0.0
732392,0.0
732393,0.0
732394,0.0
732395,0.0
732396,0.0
732397,0.0
732398,0.0
732399,0.0
732400,0.0
732401,0.0
732402,0.0
732403,0.0
732404,0.0
732405,0.0
732406,2.905935e-34
732407,0.0
732408,0.0
732409,0.0
732410,0.0
732411,0.0
732412,0.0
732413,0.0
732414,0.0
732415,0.0
732416,0.0
732417,0.0
732418,0.0
732419,0.0
732420,0.0
732421,0.0
732422,0.0
732423,0.0
732424,0.0
732425,0.0
732426,0.0
732427,0.0
732428,0.0
732429,0.0
732430,0.0
732431,0.0
732432,0.0
732433,0.0
732434,0.0
732435,0.0
732436,0.0
732437,0.0
732438,0.0
732439,0.0
732440,0.0
732441,0.0
732442,0.0
732443,0.0
732444,0.0
732445,0.0
732446,0.0
732447,0.0
732448,0.0
732449,0.0
732450,0.0
732451,0.0
732452,0.0
732453,0.0
732454,0.0
732455,0.0
732456,0.0
732457,0.0
732458,0.0
732459,0.0
732460,0.0
732461,0.0
732462,0.0
732463,0.0
732464,0.0
732465,0.0
732466,0.0
732467,0.0
732468,0.0
732469,0.0
732470,0.0
732471,0.0
732472,0.0
732473,0.0
732474,0.0
732475,0.0
732476,0.0
732477,0.0
732478,0.0
732479,0.0
732480,0.0
732481,0.0
732482,0.0
732483,0.0
732484,0.0
732485,0.0
732486,0.0
732487,0.0
732488,0.0
732489,0.0
732490,0.0
732491,2.5052387e-31
732492,0.0
732493,0.0
732494,0.0
732495,0.0
732496,0.0
732497,0.0
732498,0.0
732499,0.0
732500,0.0
732501,0.0
732502,0.0
732503,0.0
732504,0.0
732505,0.0
732506,0.0
732507,0.0
732508,0.0
732509,0.0
732510,0.0
732511,0.0
732512,0.0
732513,0.0
732514,0.0
732515,0.0
732516,0.0
732517,0.0
732518,0.0
732519,0.0
732520,0.0
732521,0.0
732522,0.0
732523,0.0
732524,0.0
732525,0.0
732526,0.0
732527,0.0
732528,0.0
732529,0.0
732530,0.0
732531,0.0
732532,0.0
732533,0.0
732534,0.0
732535,0.0
732536,0.0
732537,0.0
732538,0.0
732539,0.0
732540,0.0
732541,0.0
732542,0.0
732543,0.0
732544,0.0
732545,0.0
732546,0.0
732547,0.0
732548,0.0
732549,0.0
732550,0.0
732551,0.0
732552,0.0
732553,0.0
732554,0.0
732555,0.0
732556,0.0
732557,0.0
732558,0.0
732559,0.0
732560,0.0
732561,0.0
732562,0.0
732563,0.0
732564,0.0
732565,0.0
732566,0.0
732567,0.0
732568,0.0
732569,0.0
732570,0.0
732571,0.0
732572,0.0
732573,0.0
732574,0.0
732575,0.0
732576,0.0
732577,0.0
732578,0.0
732579,0.0
732580,0.0
732581,0.0
732582,0.0
732583,0.0
732584,0.0
732585,0.0
732586,0.0
732587,0.0
732588,0.0
732589,0.0
732590,0.0
732591,0.0
732592,0.0
732593,0.0
732594,0.0
732595,0.0
732596,0.0
732597,0.0
732598,0.0
732599,0.0
732600,0.0
732601,0.0
732602,0.0
732603,0.0
732604,0.0
732605,0.0
732606,0.0
732607,0.0
732608,0.0
732609,0.0
732610,0.0
732611,0.0
732612,0.0
732613,0.0
732614,0.0
732615,0.0
732616,0.0
732617,0.0
732618,0.0
732619,0.0
732620,0.0
732621,0.0
732622,3.1789392e-30
732623,0.0
732624,0.0
732625,0.0
732626,0.0
732627,0.0
732628,0.0
732629,0.0
732630,0.0
732631,0.0
732632,0.0
732633,0.0
732634,0.0
732635,0.0
732636,0.0
732637,0.0
732638,0.0
732639,0.0
732640,0.0
732641,0.0
732642,0.0
732643,0.0
732644,0.0
732645,0.0
732646,0.0
732647,0.0
732648,0.0
732649,0.0
732650,0.0
732651,0.0
732652,0.0
732653,0.0
732654,0.0
732655,0.0
732656,0.0
732657,0.0
732658,0.0
732659,0.0
732660,0.0
732661,0.0
732662,0.0
732663,0.0
732664,0.0
732665,0.0
732666,0.0
732667,0.0
732668,0.0
732669,0.0
732670,0.0
732671,0.0
732672,0.0
732673,0.0
732674,0.0
732675,0.0
732676,0.0
732677,0.0
732678,0.0
732679,0.0
732680,0.0
732681,0.0
732682,0.0
732683,0.0
732684,0.0
732685,0.0
732686,0.0
732687,0.0
732688,0.0
732689,0.0
732690,0.0
732691,0.0
732692,0.0
732693,0.0
732694,0.0
732695,0.0
732696,0.0
732697,0.0
732698,0.0
732699,0.0
732700,0.0
732701,0.0
732702,0.0
732703,0.0
732704,0.0
732705,0.0
732706,0.0
732707,0.0
732708,0.0
732709,0.0
732710,0.0
732711,0.0
732712,0.0
732713,0.0
732714,0.0
732715,0.0
732716,0.0
732717,0.0
732718,0.0
732719,0.0
732720,0.0
732721,0.0
732722,0.0
732723,0.0
732724,0.0
732725,0.0
732726,0.0
732727,0.0
732728,0.0
732729,0.0
732730,0.0
732731,0.0
732732,0.0
732733,0.0
732734,0.0
732735,0.0
732736,0.0
732737,0.0
732738,0.0
732739,0.0
732740,0.0
732741,0.0
732742,0.0
732743,0.0
732744,0.0
732745,0.0
732746,0.0
732747,0.0
732748,0.0
732749,0.0
732750,0.0
732751,0.0
732752,0.0
732753,0.0
732754,0.0
732755,0.0
732756,0.0
732757,0.0
732758,0.0
732759,0.0
732760,0.0
732761,0.0
732762,0.0
732763,0.0
732764,0.0
732765,0.0
732766,0.0
732767,0.0
732768,0.0
732769,0.0
732770,0.0
732771,0.0
732772,0.0
732773,0.0
732774,0.0
732775,0.0
732776,0.0
732777,0.0
732778,0.0
732779,0.0
732780,0.0
732781,0.0
732782,0.0
732783,0.0
732784,0.0
732785,0.0
732786,0.0
732787,0.0
732788,0.0
732789,0.0
732790,0.0
732791,0.0
732792,0.0
732793,0.0
732794,0.0
732795,0.0
732796,0.0
732797,0.0
732798,0.0
732799,0.0
732800,0.0
732801,0.0
732802,0.0
732803,0.0
732804,0.0
732805,0.0
732806,0.0
732807,0.0
732808,0.0
732809,0.0
732810,0.0
732811,0.0
732812,0.0
732813,0.0
732814,0.0
732815,0.0
732816,0.0
732817,0.0
732818,0.0
732819,0.0
732820,0.0
732821,0.0
732822,0.0
732823,0.0
732824,0.0
732825,0.0
732826,0.0
732827,0.0
732828,0.0
732829,0.0
732830,0.0
732831,0.0
732832,0.0
732833,0.0
732834,0.32565135
732835,0.0
732836,0.0
732837,0.0
732838,0.0
732839,0.0
732840,0.0
732841,0.0
732842,0.0
732843,0.0
732844,0.0
732845,0.0
732846,0.0
732847,0.0
732848,0.0
732849,0.0
732850,0.0
732851,0.0
732852,0.0
732853,0.0
732854,0.0
732855,0.0
732856,0.0
732857,0.0
732858,0.0
732859,0.0
732860,0.0
732861,0.0
732862,0.0
732863,0.0
732864,0.0
732865,0.0
732866,0.0
732867,0.0
732868,0.0
732869,0.0
732870,0.0
732871,0.0
732872,0.0
732873,0.0
732874,0.0
732875,0.0
732876,0.0
732877,0.0
732878,0.0
732879,0.0
732880,0.0
732881,0.0
732882,0.0
732883,0.0
732884,0.0
732885,0.0
732886,0.0
732887,0.0
732888,0.0
732889,0.0
732890,0.0
732891,0.0
732892,0.0
732893,0.0
732894,0.0
732895,0.0
732896,0.0
732897,0.0
732898,0.0
732899,4.703381e-05
732900,0.0
732901,0.0
732902,0.0
732903,0.0
732904,2.2205453e-14
732905,1.0810184e-08
732906,0.0
732907,0.0
732908,0.0
732909,0.0
732910,0.0
732911,0.0
732912,0.0
732913,0.0
732914,0.0
732915,0.0
732916,0.0
732917,0.0
732918,0.0
732919,0.0
732920,0.0
732921,0.0
732922,0.0
732923,0.0
732924,0.0
732925,0.0
732926,0.0
732927,0.0
732928,0.0
732929,0.0
732930,0.0
732931,0.0
732932,0.0
732933,0.0
732934,0.0
732935,0.0
732936,0.0
732937,0.0
732938,0.0
732939,0.0
732940,0.0
732941,0.0
732942,0.0
732943,0.0
732944,0.0
732945,0.0
732946,0.0
732947,0.0
732948,0.0
732949,0.0
732950,0.0
732951,0.0
732952,0.0
732953,0.0
732954,0.0
732955,0.0
732956,0.0
732957,0.0
732958,0.0
732959,0.0
732960,0.0
732961,0.0
732962,0.0
732963,0.0
732964,0.0
732965,0.0
732966,0.0
732967,0.0
732968,0.0
732969,0.0
732970,0.0
732971,0.0
732972,0.0
732973,0.0
732974,0.0
732975,0.0
732976,0.0
732977,0.0
732978,0.0
732979,0.0
732980,0.0
732981,0.0
732982,0.0
732983,0.0
732984,0.0
732985,0.0
732986,7.656179e-11
732987,0.0
732988,0.0
732989,0.0
732990,0.0
732991,0.0
732992,0.0
732993,0.0
732994,4.3424775e-06
732995,0.0
732996,0.0
732997,0.0
732998,0.0
732999,0.0
733000,0.0
733001,0.0
733002,0.0
733003,0.0
733004,0.0
733005,0.0
733006,0.0
733007,0.0
733008,0.0
733009,0.0
733010,0.0
733011,0.0
733012,0.0
733013,0.0
733014,0.0
733015,0.0
733016,0.0
733017,0.0
733018,0.0
733019,0.0
733020,0.0
733021,0.0
733022,0.0
733023,0.0
733024,0.0
733025,0.0
733026,0.0
733027,0.0
733028,0.0
733029,0.0
733030,0.0
733031,0.0
733032,0.0
733033,0.0
733034,0.0
733035,0.0
733036,0.0
733037,0.0
733038,0.0
733039,0.0
733040,0.0
733041,0.0
733042,0.0
733043,0.0
733044,0.0
733045,0.0
733046,0.0
733047,0.0
733048,0.0
733049,0.0
733050,0.0
733051,0.0
733052,0.0
733053,0.0
733054,0.0
733055,0.0
733056,0.0
733057,0.0
733058,0.0
733059,0.0
733060,0.0
733061,0.0
733062,0.0
733063,0.0
733064,0.0
733065,0.0
733066,0.0
733067,0.0
733068,0.0
733069,0.0
733070,0.0
733071,0.0
733072,0.0
733073,0.0
733074,0.0
733075,0.0
733076,0.0
733077,0.0
733078,0.0
733079,0.0
733080,0.0
733081,0.0
733082,1.8342902e-25
733083,0.0
733084,0.0
733085,0.0
733086,0.0
733087,0.0
733088,0.0
733089,0.0
733090,0.0
733091,0.0
733092,0.0
733093,0.0
733094,0.0
733095,0.0
733096,0.0
733097,0.0
733098,0.0
733099,0.0
733100,0.0
733101,0.0
733102,0.0
733103,0.0
733104,0.0
733105,0.0
733106,0.0
733107,0.0
733108,0.0
733109,0.0
733110,0.0
733111,0.0
733112,0.0
733113,0.0
733114,0.0
733115,0.0
733116,0.0
733117,0.0
733118,0.0
733119,0.0
733120,0.0
733121,0.0
733122,0.0
733123,0.0
733124,0.0
733125,0.0
733126,0.0
733127,0.0
733128,0.0
733129,0.0
733130,0.0
733131,0.0
733132,0.0
733133,0.0
733134,0.0
733135,0.0
733136,0.0
733137,0.0
733138,0.0
733139,0.0
733140,0.0
733141,0.0
733142,0.0
733143,0.0
733144,0.0
733145,0.0
733146,0.0
733147,0.0
733148,0.0
733149,0.0
733150,0.0
733151,0.0
733152,0.0
733153,0.0
733154,0.0
733155,0.0
733156,0.0
733157,0.0
733158,1.2857948e-15
733159,0.0
733160,0.0
733161,0.0
733162,1.7103919e-33
733163,0.0
733164,0.0
733165,0.0
733166,0.0
733167,0.0
733168,0.0
733169,0.0
733170,0.0
733171,0.0
733172,0.0
733173,0.0
733174,0.0
733175,0.0
733176,0.0
733177,0.0
733178,0.0
733179,0.0
733180,0.0
733181,0.0
733182,0.0
733183,0.0
733184,0.0
733185,0.0
733186,0.0
733187,0.0
733188,0.0
733189,0.0
733190,0.0
733191,0.0
733192,0.0
733193,0.0
733194,0.0
733195,0.0
733196,0.0
733197,0.0
733198,0.0
733199,0.0
733200,0.0
733201,0.0
733202,0.0
733203,0.0
733204,0.0
733205,0.0
733206,0.0
733207,0.0
733208,0.0
733209,0.0
733210,0.0
733211,0.0
733212,0.0
733213,0.0
733214,0.0
733215,0.0
733216,0.0
733217,0.0
733218,0.0
733219,0.0
733220,0.0
733221,0.0
733222,0.0
733223,0.0
733224,0.0
733225,0.0
733226,0.0
733227,0.0
733228,0.0
733229,0.0
733230,0.0
733231,0.0
733232,0.0
733233,0.0
733234,0.0
733235,0.0
733236,0.0
733237,0.0
733238,0.0
733239,0.0
733240,0.0
733241,0.0
733242,0.0
733243,0.0
733244,0.0
733245,0.0
733246,7.0604226e-17
733247,0.0
733248,0.0
733249,0.0
733250,0.0
733251,0.0
733252,0.0
733253,0.0
733254,0.0
733255,0.0
733256,0.0
733257,0.0
733258,0.0
733259,0.0
733260,0.0
733261,0.0
733262,0.0
733263,0.0
733264,0.0
733265,0.0
733266,0.0
733267,0.0
733268,0.0
733269,0.0
733270,0.0
733271,0.0
733272,0.0
733273,0.0
733274,0.0
733275,0.0
733276,0.0
733277,0.0
733278,0.0
733279,0.0
733280,0.0
733281,0.0
733282,0.0
733283,0.0
733284,0.0
733285,0.0
733286,0.0
733287,0.0
733288,0.0
733289,0.0
733290,0.0
733291,0.0
733292,0.0
733293,0.0
733294,0.0
733295,0.0
733296,0.0
733297,0.0
733298,0.0
733299,0.0
733300,0.0
733301,0.0
733302,0.0
733303,0.0
733304,0.0
733305,0.0
733306,0.0
733307,0.0
733308,0.0
733309,0.0
733310,0.0
733311,0.0
733312,0.0
733313,0.0
733314,0.0
733315,0.0
733316,0.0
733317,0.0
733318,0.0
733319,0.0
733320,0.0
733321,0.0
733322,0.0
733323,0.0
733324,0.0
733325,0.0
733326,0.0
733327,0.0
733328,0.0
733329,0.0
733330,0.0
733331,0.0
733332,0.0
733333,0.0
733334,0.0
733335,0.0
733336,0.0
733337,0.0
733338,0.0
733339,0.0
733340,0.0
733341,0.0
733342,0.0
733343,0.0
733344,0.0
733345,0.0
733346,0.0
733347,0.0
733348,0.0
733349,0.0
733350,0.0
733351,0.0
733352,0.0
733353,0.0
733354,0.0
733355,0.0
733356,0.0
733357,0.0
733358,0.0
733359,0.0
733360,0.0
733361,0.0
733362,0.0
733363,0.0
733364,0.0
733365,0.0
733366,0.0
733367,0.0
733368,0.0
733369,0.0
733370,0.0
733371,0.0
733372,0.0
733373,0.0
733374,0.0
733375,0.0
733376,0.0
733377,0.0
733378,0.0
733379,0.0
733380,0.0
733381,0.0
733382,0.0
733383,0.0
733384,0.0
733385,0.0
733386,0.0
733387,0.0
733388,0.0
733389,0.0
733390,0.0
733391,0.0
733392,0.0
733393,0.0
733394,0.0
733395,0.0
733396,0.0
733397,0.0
733398,0.0
733399,0.0
733400,0.0
733401,0.0
733402,0.0
733403,0.0
733404,0.0
733405,0.0
733406,0.0
733407,0.0
733408,0.0
733409,0.0
733410,0.0
733411,0.0
733412,0.0
733413,0.0
733414,0.0
733415,0.0
733416,0.0
733417,3.588578e-22
733418,0.0
733419,0.0
733420,0.0
733421,0.0
733422,0.0
733423,0.0
733424,0.0
733425,0.0
733426,0.0
733427,0.0
733428,0.0
733429,0.0
733430,0.0
733431,0.0
733432,0.0
733433,0.0
733434,0.0
733435,0.0
733436,0.035524983
733437,0.0
733438,0.0
733439,0.0
733440,0.0
733441,0.0
733442,0.0
733443,0.0
733444,0.0
733445,0.0
733446,0.0
733447,0.0
733448,0.0
733449,0.0
733450,1.0444268e-06
733451,0.0
733452,0.0
733453,0.0
733454,0.0
733455,0.0
733456,0.0
733457,0.0
733458,0.0
733459,0.0
733460,0.0
733461,0.0
733462,0.0
733463,0.0
733464,0.0
733465,0.0
733466,0.0
733467,0.0
733468,0.0
733469,0.0
733470,0.0
733471,0.0
733472,0.0
733473,0.0
733474,0.0
733475,0.0
733476,0.0
733477,0.0
733478,0.0
733479,0.0
733480,0.0
733481,0.0
733482,0.0
733483,0.0
733484,0.0
733485,0.0
733486,0.0
733487,0.0
733488,0.0
733489,0.0
733490,0.0
733491,0.0
733492,0.0
733493,0.0
733494,0.0
733495,0.0
733496,0.0
733497,0.0
733498,0.0
733499,0.0
733500,0.0
733501,0.0
733502,0.0
733503,0.0
733504,0.0
733505,0.0
733506,0.0
733507,0.0
733508,0.0
733509,0.0
733510,0.0
733511,0.0
733512,0.0
733513,0.0
733514,0.0
733515,0.0
733516,0.0
733517,0.0
733518,0.0
733519,0.0
733520,0.0
733521,0.0
733522,0.0
733523,0.0
733524,0.0
733525,0.0
733526,0.0
733527,0.0
733528,0.0
733529,0.0
733530,0.0
733531,0.0
733532,0.0
733533,0.0
733534,0.0
733535,0.0
733536,0.0
733537,0.0
733538,0.0
733539,0.0
733540,0.0
733541,0.0
733542,0.0
733543,0.0
733544,0.0
733545,0.0
733546,0.0
733547,0.0
733548,0.0
733549,0.0
733550,0.0
733551,0.0
733552,0.0
733553,0.0
733554,0.0
733555,0.0
733556,0.0
733557,0.0
733558,0.0
733559,0.0
733560,0.0
733561,0.0
733562,0.0
733563,0.0
733564,0.0
733565,0.0
733566,0.0
733567,0.0
733568,3.526168e-38
733569,0.0
733570,0.0
733571,0.0
733572,0.0
733573,0.0
733574,0.0
733575,0.0
733576,0.0
733577,0.0
733578,0.0
733579,0.0
733580,0.0
733581,0.0
733582,0.0
733583,0.0
733584,0.0
733585,0.0
733586,0.0
733587,0.0
733588,0.0
733589,0.0
733590,0.0
733591,0.0
733592,0.0
733593,0.0
733594,0.0
733595,0.0
733596,0.0
733597,0.0
733598,0.0
733599,0.0
733600,0.0
733601,0.0
733602,0.0
733603,0.0
733604,0.0
733605,0.0
733606,0.0
733607,0.0
733608,0.0
733609,0.0
733610,0.0
733611,0.0
733612,0.0
733613,0.0
733614,0.0
733615,0.0
733616,0.0
733617,0.0
733618,0.0
733619,0.0
733620,0.0
733621,0.0
733622,0.0
733623,0.0
733624,0.0
733625,0.0
733626,0.0
733627,0.0
733628,0.0
733629,0.0
733630,0.0
733631,0.0
733632,0.0
733633,0.0
733634,0.0
733635,0.0
733636,0.0
733637,0.0
733638,0.0
733639,0.0
733640,0.0
733641,0.0
733642,0.0
733643,0.0
733644,0.0
733645,0.0
733646,0.0
733647,0.0
733648,0.0
733649,0.0
733650,0.0
733651,0.0
733652,0.0
733653,0.0
733654,0.0
733655,0.0
733656,0.0
733657,0.0
733658,0.0
733659,0.0
733660,0.0
733661,0.0
733662,0.0
733663,0.0
733664,0.0
733665,0.0
733666,0.0
733667,0.0
733668,0.0
733669,0.0
733670,0.0
733671,0.0
733672,0.0
733673,0.0
733674,0.0
733675,0.0
733676,0.0
733677,0.0
733678,0.0
733679,0.0
733680,0.0
733681,0.0
733682,0.0
733683,0.0
733684,0.00012207375
733685,0.0
733686,0.0
733687,0.0
733688,0.0
733689,0.0
733690,0.0
733691,0.0
733692,0.0
733693,0.0
733694,0.0
733695,0.0
733696,0.0
733697,0.0
733698,0.0
733699,0.0
733700,0.0
733701,0.0
733702,0.0
733703,0.0
733704,0.0
733705,1.3987285e-30
733706,0.0
733707,0.0
733708,0.0
733709,0.0
733710,0.0
733711,0.0
733712,0.0
733713,0.0
733714,0.0
733715,0.0
733716,0.0
733717,0.0
733718,0.0
733719,0.0
733720,0.0
733721,0.0
733722,0.0
733723,0.0
733724,0.0
733725,0.0
733726,0.0
733727,0.0
733728,0.0
733729,0.0
733730,0.0
733731,0.0
733732,0.0
733733,0.0
733734,0.0
733735,0.0
733736,0.0
733737,0.0
733738,0.0
733739,0.0
733740,0.0
733741,0.0
733742,0.0
733743,0.0
733744,0.0
733745,0.0
733746,0.0
733747,0.0
733748,0.0
733749,0.0
733750,0.0
733751,0.0
733752,0.0
733753,0.0
733754,0.0
733755,0.0
733756,0.0
733757,0.0
733758,0.0
733759,0.0
733760,0.0
733761,0.0
733762,0.0
733763,0.0
733764,0.0
733765,0.0
733766,0.0
733767,0.0
733768,0.0
733769,0.0
733770,0.0
733771,0.0
733772,0.0
733773,0.0
733774,0.0
733775,0.0
733776,0.0
733777,0.0
733778,0.0
733779,0.0
733780,0.0
733781,0.0
733782,0.0
733783,0.0
733784,0.0
733785,0.0
733786,3.4154176e-08
733787,0.0
733788,0.0
733789,0.0
733790,0.0
733791,0.0
733792,0.0
733793,0.0
733794,0.0
733795,0.0
733796,0.0
733797,0.0
733798,0.0
733799,0.0
733800,0.0
733801,0.0
733802,0.0
733803,0.0
733804,0.0
733805,0.0
733806,9.7268446e-14
733807,0.0
733808,0.0
733809,0.0
733810,0.0
733811,0.0
733812,0.0
733813,0.0
733814,0.0
733815,0.0
733816,0.0
733817,0.0
733818,0.0
733819,0.0
733820,0.0
733821,0.0
733822,0.0
733823,0.0
733824,0.0
733825,0.0
733826,0.0
733827,0.0
733828,0.0
733829,0.0
733830,0.0
733831,0.0
733832,0.0
733833,0.0
733834,0.0
733835,0.0
733836,0.0
733837,0.0
733838,0.0
733839,0.0
733840,0.0
733841,0.0
733842,0.0
733843,0.0
733844,0.0
733845,0.0
733846,0.0
733847,0.0
733848,0.0
733849,0.0
733850,0.0
733851,0.0
733852,0.0
733853,0.0
733854,0.0
733855,0.0
733856,0.0
733857,0.0
733858,0.0
733859,0.0
733860,0.0
733861,0.0
733862,0.0
733863,0.0
733864,0.0
733865,0.0
733866,0.0
733867,0.0
733868,0.0
733869,0.0
733870,0.0
733871,0.0
733872,0.0
733873,0.0
733874,0.0
733875,0.0
733876,0.0
733877,0.0
733878,0.0
733879,0.0
733880,0.0
733881,0.0
733882,0.0
733883,0.0
733884,0.0
733885,0.0
733886,0.0
733887,0.0
733888,0.0
733889,0.0
733890,0.0
733891,0.0
733892,0.0
733893,0.0
733894,0.0
733895,0.0
733896,0.0
733897,0.0
733898,0.0
733899,0.0
733900,0.0
733901,0.0
733902,0.0
733903,0.0
733904,0.0
733905,0.0
733906,0.0
733907,0.0
733908,0.0
733909,0.0
733910,0.0
733911,0.0
733912,0.0
733913,0.0
733914,0.0
733915,0.0
733916,0.0
733917,0.0
733918,0.0
733919,0.0
733920,0.0
733921,0.0
733922,0.0
733923,0.0
733924,0.0
733925,0.0
733926,0.0
733927,0.0
733928,0.0
733929,0.0
733930,0.0
733931,0.0
733932,0.0
733933,0.0
733934,0.0
733935,0.0
733936,0.0
733937,0.0
733938,0.0
733939,0.0
733940,0.0
733941,0.0
733942,0.0
733943,0.0
733944,0.0
733945,0.0
733946,0.0
733947,0.0
733948,0.0
733949,0.0
733950,0.0
733951,0.0
733952,0.0
733953,0.0
733954,0.0
733955,0.0
733956,0.0
733957,0.0
733958,0.0
733959,0.0
733960,0.0
733961,0.0
733962,0.0
733963,0.0
733964,0.0
733965,0.0
733966,0.0
733967,0.0
733968,0.0
733969,0.0
733970,0.0
733971,0.0
733972,0.0
733973,0.0
733974,0.0
733975,0.0
733976,0.0
733977,0.0
733978,0.0
733979,0.0
733980,0.0
733981,0.0
733982,0.0
733983,0.0
733984,0.0
733985,0.0
733986,0.0
733987,0.0
733988,0.0
733989,0.0
733990,0.0
733991,0.0
733992,0.0
733993,0.0
733994,0.0
733995,0.0
733996,0.0
733997,0.0
733998,0.0
733999,0.0
734000,0.0
734001,0.0
734002,0.0
734003,0.0
734004,0.0
734005,0.0
734006,0.0
734007,0.0
734008,0.0
734009,0.0
734010,0.0
734011,0.0
734012,0.0
734013,0.0
734014,0.0
734015,0.0
734016,0.0
734017,0.0
734018,6.687743e-37
734019,0.0
734020,0.0
734021,0.0
734022,0.0
734023,0.0
734024,0.0
734025,0.0
734026,0.0
734027,0.0
734028,0.0
734029,0.0
734030,0.0
734031,0.0
734032,0.0
734033,0.0
734034,0.0
734035,0.0
734036,0.0
734037,0.0
734038,0.0
734039,0.0
734040,0.0
734041,0.0
734042,0.0
734043,0.0
734044,0.0
734045,0.0
734046,0.0
734047,0.0
734048,0.0
734049,0.0
734050,0.0
734051,0.0
734052,0.0
734053,0.0
734054,0.0
734055,0.0
734056,0.0
734057,0.0
734058,0.0
734059,0.0
734060,0.0
734061,0.0
734062,0.0
734063,0.0
734064,0.0
734065,0.0
734066,0.0
734067,0.0
734068,0.0
734069,0.0
734070,0.0
734071,0.0
734072,0.0
734073,0.0
734074,0.0
734075,0.0
734076,0.0
734077,0.0
734078,0.0
734079,0.0
734080,0.0
734081,0.0
734082,0.0
734083,0.0
734084,0.0
734085,0.0
734086,0.0
734087,0.0
734088,0.0
734089,0.0
734090,0.0
734091,0.0
734092,0.0
734093,0.0
734094,0.0
734095,0.0
734096,0.0
734097,0.0
734098,0.0
734099,0.0
734100,0.0
734101,0.0
734102,0.0
734103,0.0
734104,0.0
734105,0.0
734106,0.0
734107,0.0
734108,0.0
734109,0.0
734110,0.0
734111,0.0
734112,0.0
734113,0.0
734114,0.0
734115,0.0
734116,0.0
734117,0.0
734118,0.0
734119,0.0
734120,0.0
734121,0.0
734122,0.0
734123,0.0
734124,0.0
734125,0.0
734126,0.0
734127,0.0
734128,0.0
734129,0.0
734130,0.0
734131,0.0
734132,0.0
734133,0.0
734134,0.0
734135,0.0
734136,0.0
734137,0.0
734138,0.0
734139,0.0
734140,0.0
734141,0.0
734142,0.0
734143,0.0
734144,0.0
734145,0.0
734146,0.0
734147,0.0
734148,0.0
734149,0.0
734150,0.0
734151,0.0
734152,0.0
734153,0.0
734154,0.0
734155,0.0
734156,0.0
734157,0.0
734158,0.0
734159,0.0
734160,0.0
734161,0.0
734162,0.0
734163,0.0
734164,0.0
734165,0.0
734166,0.0
734167,0.0
734168,0.0
734169,0.0
734170,0.0
734171,0.0
734172,0.0
734173,0.0
734174,0.0
734175,0.0
734176,0.0
734177,0.0
734178,0.0
734179,0.0
734180,0.0
734181,0.0
734182,0.0
734183,0.0
734184,0.0
734185,0.0
734186,0.0
734187,0.0
734188,0.0
734189,0.0
734190,0.0
734191,0.0
734192,0.0
734193,0.0
734194,0.0
734195,0.0
734196,0.0
734197,0.0
734198,0.0
734199,0.0
734200,0.0
734201,0.0
734202,0.0
734203,0.0
734204,0.0
734205,0.0
734206,0.0
734207,0.0
734208,0.0
734209,0.0
734210,0.0
734211,0.0
734212,0.0
734213,0.0
734214,0.0
734215,0.0
734216,0.0
734217,0.0
734218,0.0
734219,0.0
734220,0.0
734221,0.0
734222,0.0
734223,0.0
734224,0.0
734225,0.0
734226,1.2697372e-33
734227,0.0
734228,0.0
734229,0.0
734230,0.0
734231,0.0
734232,0.0
734233,0.0
734234,0.0
734235,0.0
734236,0.0
734237,0.0
734238,0.0
734239,0.0
734240,0.0
734241,0.0
734242,1.6844364e-30
734243,0.0
734244,0.0
734245,0.0
734246,0.0
734247,0.0
734248,0.0
734249,0.0
734250,0.0
734251,0.0
734252,0.0
734253,0.0
734254,0.0
734255,0.0
734256,0.0
734257,0.0
734258,0.0
734259,0.0
734260,0.0
734261,0.0
734262,0.0
734263,0.0
734264,0.0
734265,0.0
734266,0.0
734267,0.0
734268,0.0
734269,2.8075283e-08
734270,0.0
734271,0.0
734272,0.0
734273,0.0
734274,0.0
734275,0.0
734276,0.0
734277,0.0
734278,0.0
734279,0.0
734280,0.0
734281,0.0
734282,2.127083e-18
734283,0.0
734284,0.0
734285,0.0
734286,0.0
734287,0.0
734288,0.0
734289,0.0
734290,0.0
734291,0.0
734292,0.0
734293,0.0
734294,0.0
734295,0.0
734296,0.0
734297,0.0
734298,0.0
734299,0.0
734300,0.0
734301,0.0
734302,0.0
734303,0.0
734304,0.0
734305,0.0
734306,0.0
734307,0.0
734308,0.0
734309,0.0
734310,0.0
734311,0.0
734312,0.0
734313,0.0
734314,0.0
734315,0.0
734316,0.0
734317,0.0
734318,0.0
734319,0.0
734320,0.0
734321,0.0
734322,0.0
734323,0.0
734324,0.0
734325,0.0
734326,0.0
734327,0.0
734328,0.0
734329,0.0
734330,0.0
734331,0.0
734332,0.0
734333,0.0
734334,0.0
734335,0.0
734336,0.0
734337,0.0
734338,0.0
734339,0.0
734340,0.0
734341,0.0
734342,0.0
734343,0.0
734344,0.0
734345,0.0
734346,0.0
734347,0.0
734348,0.0
734349,0.0
734350,0.0
734351,0.0
734352,0.0
734353,0.0
734354,0.0
734355,0.0
734356,0.0
734357,0.0
734358,0.0
734359,0.0
734360,0.0
734361,0.0
734362,0.0
734363,0.0
734364,0.0
734365,0.0
734366,0.0
734367,0.0
734368,0.0
734369,0.0
734370,0.0
734371,0.0
734372,0.0
734373,0.0
734374,0.0
734375,0.0
734376,0.0
734377,0.0
734378,0.0
734379,0.0
734380,0.0
734381,0.0
734382,0.0
734383,0.0
734384,0.0
734385,0.0
734386,0.0
734387,0.0
734388,0.0
734389,0.0
734390,0.0
734391,0.0
734392,0.0
734393,0.0
734394,0.0
734395,0.0
734396,0.0
734397,0.0
734398,0.0
734399,0.0
734400,0.0
734401,0.0
734402,0.0
734403,0.0
734404,0.0
734405,0.0
734406,0.0
734407,0.0
734408,0.0
734409,0.0
734410,0.0
734411,0.0
734412,0.0
734413,0.0
734414,0.0
734415,0.0
734416,0.0
734417,0.0
734418,0.0
734419,0.0
734420,0.0
734421,0.0
734422,0.0
734423,0.0
734424,0.0
734425,0.0
734426,0.0
734427,0.0
734428,0.0
734429,0.0
734430,0.0
734431,0.0
734432,0.0
734433,0.0
734434,0.0
734435,0.0
734436,0.0
734437,0.0
734438,0.0
734439,0.0
734440,0.0
734441,0.0
734442,0.0
734443,0.0
734444,0.0
734445,0.0
734446,0.0
734447,0.0
734448,0.0
734449,0.0
734450,0.0
734451,0.0
734452,0.0
734453,0.0
734454,0.0
734455,0.0
734456,0.0
734457,0.0
734458,0.0
734459,0.0
734460,0.0
734461,0.0
734462,0.0
734463,0.0
734464,0.0
734465,0.0
734466,0.0
734467,0.0
734468,0.0
734469,0.0
734470,0.0
734471,0.0
734472,0.0
734473,0.0
734474,0.0
734475,0.0
734476,0.0
734477,0.0
734478,0.0
734479,0.0
734480,0.0
734481,0.0
734482,0.0
734483,0.0
734484,0.0
734485,0.0
734486,0.0
734487,0.0
734488,0.0
734489,0.0
734490,0.0
734491,0.0
734492,0.0
734493,0.0
734494,0.0
734495,0.0
734496,0.0
734497,0.0
734498,0.0
734499,0.0
734500,0.0
734501,0.0
734502,0.0
734503,0.0
734504,0.0
734505,0.0
734506,0.0
734507,0.0
734508,0.0
734509,0.0
734510,0.0
734511,0.0
734512,0.0
734513,0.0
734514,0.0
734515,0.0
734516,0.0
734517,0.0
734518,0.0
734519,0.0
734520,0.0
734521,0.0
734522,0.0
734523,0.0
734524,0.0
734525,0.0
734526,0.0
734527,0.0
734528,0.0
734529,0.0
734530,0.0
734531,0.0
734532,0.0
734533,0.0
734534,0.0
734535,0.0
734536,0.0
734537,0.0
734538,0.0
734539,0.0
734540,0.0
734541,0.0
734542,0.0
734543,0.0
734544,0.0
734545,0.0
734546,0.0
734547,0.0
734548,0.0
734549,0.0
734550,0.0
734551,0.0
734552,0.0
734553,0.0
734554,0.0
734555,0.0
734556,0.0
734557,0.0
734558,0.0
734559,0.0
734560,0.0
734561,0.0
734562,0.0
734563,0.0
734564,0.0
734565,0.0
734566,0.0
734567,0.0
734568,0.0
734569,0.0
734570,0.0
734571,0.0
734572,0.0
734573,0.0
734574,0.0
734575,0.0
734576,0.0
734577,0.0
734578,0.0
734579,0.0
734580,0.0
734581,0.0
734582,0.0
734583,1.1164099e-24
734584,0.0
734585,0.0
734586,0.0
734587,0.0
734588,0.0
734589,0.0
734590,0.0
734591,0.0
734592,0.0
734593,0.0
734594,0.0
734595,0.0
734596,0.0
734597,0.0
734598,0.0
734599,0.0
734600,0.0
734601,0.0
734602,0.0
734603,0.0
734604,0.0
734605,0.0
734606,0.0
734607,0.0
734608,0.0
734609,0.0
734610,0.0
734611,0.0
734612,0.0
734613,0.0
734614,0.0
734615,0.0
734616,0.0
734617,0.0
734618,0.0
734619,0.0
734620,0.0
734621,0.0
734622,0.0
734623,0.0
734624,0.0
734625,0.0
734626,0.0
734627,0.0
734628,0.0
734629,0.0
734630,0.0
734631,0.0
734632,0.0
734633,0.0
734634,0.0
734635,0.0
734636,0.0
734637,6.253508e-20
734638,0.0
734639,0.0
734640,0.0
734641,0.0
734642,0.0
734643,0.0
734644,0.0
734645,0.0
734646,0.0
734647,0.0
734648,0.0
734649,0.0
734650,0.0
734651,0.0
734652,0.0
734653,0.0
734654,0.0
734655,0.0
734656,0.0
734657,0.0
734658,0.0
734659,0.0
734660,0.0
734661,0.0
734662,0.0
734663,0.0
734664,0.0
734665,8.774511e-32
734666,0.0
734667,0.0
734668,0.0
734669,0.0
734670,0.0
734671,0.0
734672,0.0
734673,0.0
734674,0.0
734675,0.0
734676,0.0
734677,0.0
734678,0.0
734679,0.0
734680,0.0
734681,0.0
734682,0.0
734683,0.0
734684,0.0
734685,0.0
734686,0.0
734687,0.0
734688,0.0
734689,0.0
734690,0.0
734691,0.0
734692,0.0
734693,0.0
734694,0.0
734695,0.0
734696,0.0
734697,0.0
734698,0.0
734699,0.0
734700,0.0
734701,0.0
734702,0.0
734703,0.0
734704,0.0
734705,0.0
734706,0.0
734707,0.0
734708,0.0
734709,0.0
734710,0.0
734711,0.0
734712,0.0
734713,0.0
734714,0.0
734715,0.0
734716,0.0
734717,0.0
734718,0.0
734719,0.0
734720,0.0
734721,0.0
734722,0.0
734723,0.0
734724,0.0
734725,0.0
734726,0.0
734727,0.0
734728,0.0
734729,0.0
734730,0.0
734731,0.0
734732,0.0
734733,0.0
734734,0.0
734735,0.0
734736,0.0
734737,0.0
734738,0.0
734739,0.0
734740,0.0
734741,0.0
734742,0.0
734743,0.0
734744,0.0
734745,0.0
734746,0.0
734747,0.0
734748,0.0
734749,0.0
734750,0.0
734751,0.0
734752,0.0
734753,0.0
734754,0.0
734755,0.0
734756,0.0
734757,0.0
734758,0.0
734759,0.0
734760,0.0
734761,0.0
734762,0.0
734763,0.0
734764,0.0
734765,0.0
734766,0.0
734767,0.0
734768,0.0
734769,0.0
734770,0.0
734771,0.0
734772,0.0
734773,0.0
734774,0.0
734775,0.0
734776,0.0
734777,0.0
734778,0.0
734779,0.0
734780,0.0
734781,0.0
734782,0.0
734783,0.0
734784,0.0
734785,0.0
734786,0.0
734787,0.0
734788,0.0
734789,0.0
734790,0.0
734791,0.0
734792,0.0
734793,0.0
734794,0.0
734795,0.0
734796,0.0
734797,0.0
734798,0.0
734799,0.0
734800,0.0
734801,0.0
734802,0.0
734803,0.0
734804,2.267416e-09
734805,0.0
734806,0.0
734807,0.0
734808,0.0
734809,0.0
734810,0.0
734811,0.0
734812,0.0
734813,0.0
734814,0.0
734815,6.7173207e-12
734816,0.0
734817,0.0
734818,0.0
734819,0.0
734820,0.0
734821,0.0
734822,0.0
734823,0.0
734824,0.0
734825,0.0
734826,0.0
734827,0.0
734828,0.0
734829,0.0
734830,0.0
734831,0.0
734832,0.0
734833,0.0
734834,0.0
734835,0.0
734836,0.0
734837,0.0
734838,0.0
734839,0.0
734840,0.0
734841,0.0
734842,0.0
734843,0.0
734844,0.0
734845,0.0
734846,0.0
734847,0.0
734848,0.0
734849,0.0
734850,0.0
734851,0.0
734852,0.0
734853,0.0
734854,0.0
734855,0.0
734856,0.0
734857,0.0
734858,0.0
734859,0.0
734860,0.0
734861,0.0
734862,0.0
734863,0.0
734864,0.0
734865,0.0
734866,0.0
734867,2.9391688e-07
734868,0.0
734869,0.0
734870,0.0
734871,0.0
734872,0.0
734873,0.0
734874,0.0
734875,0.0
734876,0.0
734877,0.0
734878,0.0
734879,0.0
734880,0.0
734881,0.0
734882,0.0
734883,0.0
734884,0.0
734885,0.0
734886,0.0
734887,0.0
734888,0.0
734889,0.0
734890,0.0
734891,0.0
734892,0.0
734893,1.6872716e-12
734894,0.0
734895,0.0
734896,0.0
734897,0.0
734898,0.0
734899,0.0
734900,0.0
734901,0.0
734902,0.0
734903,0.0
734904,0.0
734905,0.0
734906,0.0
734907,0.0
734908,0.0
734909,0.0
734910,0.0
734911,0.0
734912,0.0
734913,0.0
734914,0.0
734915,0.0
734916,0.0
734917,0.0
734918,0.0
734919,0.0
734920,0.0
734921,0.0
734922,0.0
734923,0.0
734924,0.0
734925,0.0
734926,0.0
734927,0.0
734928,0.0
734929,0.0
734930,0.0
734931,0.0
734932,0.0
734933,0.0
734934,0.0
734935,0.0
734936,0.0
734937,0.0
734938,0.0
734939,0.0
734940,0.0
734941,0.0
734942,0.0
734943,0.0
734944,0.0
734945,0.0
734946,0.0
734947,0.0
734948,0.0
734949,0.0
734950,0.0
734951,0.0
734952,0.0
734953,0.0
734954,0.0
734955,0.0
734956,0.0
734957,0.0
734958,0.0
734959,0.0
734960,0.0
734961,0.0
734962,0.0
734963,0.0
734964,0.0
734965,0.0
734966,0.0
734967,0.0
734968,0.0
734969,0.0
734970,0.0
734971,0.0
734972,0.0
734973,0.0
734974,0.0
734975,0.0
734976,0.0
734977,0.0
734978,0.0
734979,0.0
734980,0.0
734981,0.0
734982,0.0
734983,0.0
734984,0.0
734985,0.0
734986,0.0
734987,0.0
734988,0.0
734989,0.0
734990,0.0
734991,0.0
734992,0.0
734993,0.0
734994,0.0
734995,0.0
734996,0.0
734997,0.0
734998,0.0
734999,0.0
735000,0.0
735001,0.0
735002,0.0
735003,0.0
735004,0.0
735005,0.0
735006,0.0
735007,0.0
735008,0.0
735009,0.0
735010,0.0
735011,0.0
735012,0.0
735013,7.566616e-31
735014,0.0
735015,0.0
735016,0.0
735017,0.0
735018,0.0
735019,0.0
735020,0.0
735021,0.0
735022,0.0
735023,0.0
735024,0.0
735025,0.0
735026,0.0
735027,0.0
735028,0.0
735029,0.0
735030,0.0
735031,0.0
735032,0.0
735033,0.0
735034,0.0
735035,0.0
735036,0.0
735037,0.0
735038,0.0
735039,0.0
735040,0.0
735041,0.0
735042,0.0
735043,0.0
735044,0.0
735045,0.0
735046,0.0
735047,0.0
735048,0.0
735049,0.0
735050,0.0
735051,0.0
735052,0.0
735053,0.0
735054,0.0
735055,0.0
735056,0.0
735057,0.0
735058,0.0
735059,0.0
735060,0.0
735061,0.0
735062,0.0
735063,0.0
735064,0.0
735065,0.0
735066,0.0
735067,0.0
735068,0.0
735069,0.0
735070,0.0
735071,0.0
735072,0.0
735073,0.0
735074,0.0
735075,0.0
735076,0.0
735077,0.0
735078,1.429787e-10
735079,0.0
735080,0.0
735081,0.0
735082,0.0
735083,0.0
735084,0.0
735085,0.0
735086,0.0
735087,0.0
735088,0.0
735089,0.0
735090,0.0
735091,0.0
735092,0.0
735093,0.0
735094,0.0
735095,0.0
735096,0.0
735097,0.0
735098,0.0
735099,0.0
735100,0.0
735101,0.0
735102,0.0
735103,0.0
735104,0.0
735105,0.0
735106,0.0
735107,0.0
735108,0.0
735109,0.0
735110,3.5846093e-30
735111,0.0
735112,0.0
735113,1.7813654e-17
735114,0.0
735115,0.0
735116,0.0
735117,0.0
735118,0.0
735119,0.0
735120,0.0
735121,0.0
735122,0.0
735123,0.0
735124,0.0
735125,0.0
735126,0.0
735127,0.0
735128,0.0
735129,0.0
735130,0.0
735131,0.0
735132,0.0
735133,0.0
735134,0.0
735135,0.0
735136,0.0
735137,0.0
735138,0.0
735139,0.0
735140,0.0
735141,0.0
735142,0.0
735143,0.0
735144,0.0
735145,0.0
735146,0.0
735147,0.0
735148,0.0
735149,0.0
735150,0.0
735151,0.0
735152,0.0
735153,0.0
735154,0.0
735155,0.0
735156,0.0
735157,0.0
735158,0.0
735159,0.0
735160,0.0
735161,0.0
735162,0.0
735163,0.0
735164,0.0
735165,0.0
735166,0.0
735167,0.0
735168,0.0
735169,0.0
735170,0.0
735171,0.0
735172,0.0
735173,0.0
735174,0.0
735175,0.0
735176,0.0
735177,0.0
735178,0.0
735179,0.0
735180,0.0
735181,0.0
735182,0.0
735183,0.0
735184,0.0
735185,0.0
735186,0.0
735187,0.0
735188,0.0
735189,0.0
735190,0.0
735191,0.0
735192,0.0
735193,0.0
735194,0.0
735195,0.0
735196,0.0
735197,0.0
735198,4.9457054e-35
735199,0.0
735200,0.0
735201,0.0
735202,0.0
735203,0.0
735204,0.0
735205,0.0
735206,0.0
735207,0.0
735208,0.0
735209,0.0
735210,0.0
735211,0.0
735212,0.0
735213,0.0
735214,0.0
735215,0.0
735216,0.0
735217,0.0
735218,0.0
735219,0.0
735220,0.0
735221,0.0
735222,0.0
735223,0.0
735224,0.0
735225,0.0
735226,0.0
735227,0.0
735228,0.0
735229,0.0
735230,0.0
735231,0.0
735232,0.0
735233,0.0
735234,0.0
735235,0.0
735236,0.0
735237,0.0
735238,0.0
735239,0.0
735240,0.0
735241,0.0
735242,0.0
735243,0.0
735244,0.0
735245,0.0
735246,0.0
735247,0.0
735248,0.0
735249,0.0
735250,0.0
735251,0.0
735252,0.0
735253,0.0
735254,1.1546894e-26
735255,0.0
735256,0.0
735257,0.0
735258,0.0
735259,0.0
735260,0.0
735261,0.0
735262,0.0
735263,0.0
735264,0.0
735265,0.0
735266,0.0
735267,0.0
735268,0.0
735269,0.0
735270,0.0
735271,0.0
735272,0.0
735273,0.0
735274,0.0
735275,0.0
735276,0.0
735277,0.0
735278,0.0
735279,0.0
735280,0.0
735281,0.0
735282,0.0
735283,0.0
735284,0.0
735285,0.0
735286,0.0
735287,0.0
735288,0.0
735289,0.0
735290,0.0
735291,0.0
735292,0.0
735293,0.0
735294,0.0
735295,0.0
735296,0.0
735297,0.0
735298,3.294418e-39
735299,0.0
735300,0.0
735301,0.0
735302,0.0
735303,0.0
735304,0.0
735305,0.0
735306,0.0
735307,0.0
735308,0.0
735309,0.0
735310,0.0
735311,0.0
735312,0.0
735313,2.773519e-26
735314,0.0
735315,0.0
735316,0.0
735317,0.0
735318,0.0
735319,0.0
735320,0.0
735321,0.0
735322,0.0
735323,0.0
735324,0.0
735325,0.0
735326,0.0
735327,0.0
735328,0.0
735329,0.0
735330,0.0
735331,0.0
735332,0.0
735333,0.0
735334,0.0
735335,0.1610617
735336,0.0
735337,0.0
735338,0.0
735339,0.0
735340,0.0
735341,0.0
735342,0.0
735343,0.0
735344,0.0
735345,0.0
735346,0.0
735347,0.0
735348,0.0
735349,0.0
735350,0.0
735351,0.0
735352,0.0
735353,0.0
735354,0.0
735355,0.0
735356,0.0
735357,0.0
735358,0.0
735359,0.0
735360,0.0
735361,0.0
735362,0.0
735363,0.0
735364,0.0
735365,0.0
735366,0.0
735367,0.0
735368,0.0
735369,0.0
735370,0.0
735371,0.0
735372,0.0
735373,0.0
735374,0.0
735375,0.0
735376,0.0
735377,0.0
735378,0.0
735379,0.0
735380,0.0
735381,0.0
735382,0.0
735383,0.0
735384,0.0
735385,0.0
735386,0.0
735387,0.0
735388,0.0
735389,0.0
735390,0.0
735391,0.0
735392,0.0
735393,0.0
735394,0.0
735395,0.0
735396,0.0
735397,0.0
735398,0.0
735399,0.0
735400,0.0
735401,0.0
735402,0.0
735403,0.0
735404,0.0
735405,0.0
735406,0.0
735407,0.0
735408,0.0
735409,0.0
735410,0.0
735411,0.0
735412,0.0
735413,0.0
735414,0.0
735415,0.0
735416,0.0
735417,0.0
735418,0.0
735419,0.0
735420,0.0
735421,0.0
735422,0.0
735423,0.0
735424,0.0
735425,0.0
735426,0.0
735427,0.0
735428,0.0
735429,0.0
735430,0.0
735431,0.0
735432,0.0
735433,0.0
735434,0.0
735435,0.0
735436,0.0
735437,0.0
735438,0.0
735439,0.0
735440,4.7776076e-19
735441,9.262066e-34
735442,0.0
735443,0.0
735444,0.0
735445,0.0
735446,0.0
735447,0.0
735448,0.0
735449,0.0
735450,0.0
735451,0.0
735452,0.0
735453,0.0
735454,0.0
735455,0.0
735456,0.0
735457,0.0
735458,0.0
735459,0.0
735460,0.0
735461,0.0
735462,0.0
735463,0.0
735464,0.0
735465,0.0
735466,0.0
735467,0.0
735468,0.0
735469,0.0
735470,0.0
735471,0.0
735472,0.0
735473,0.0
735474,0.0
735475,0.0
735476,0.0
735477,0.0
735478,0.0
735479,0.0
735480,0.0
735481,0.0
735482,0.0
735483,0.0
735484,0.0
735485,0.0
735486,0.0
735487,0.0
735488,0.0
735489,0.0
735490,0.0
735491,5.54272e-32
735492,0.0
735493,0.0
735494,0.0
735495,0.0
735496,0.0
735497,0.0
735498,0.0
735499,0.0
735500,0.0
735501,0.0
735502,0.0
735503,0.0
735504,0.0
735505,0.0
735506,0.0
735507,0.0
735508,0.0
735509,0.0
735510,0.0
735511,8.501809e-28
735512,0.0
735513,0.0
735514,0.0
735515,0.01118111
735516,0.0
735517,0.0
735518,0.0
735519,0.0
735520,0.0
735521,0.0
735522,0.0
735523,0.0
735524,0.0
735525,0.0
735526,0.0
735527,0.0
735528,0.0
735529,0.0
735530,0.0
735531,0.0
735532,0.0
735533,0.0
735534,0.0
735535,0.0
735536,0.0
735537,0.0
735538,0.0
735539,0.0
735540,0.0
735541,0.0
735542,0.0
735543,0.0
735544,0.0
735545,0.0
735546,0.0
735547,0.0
735548,0.0
735549,0.0
735550,0.0
735551,0.0
735552,0.0
735553,0.0
735554,0.0
735555,0.0
735556,0.0
735557,0.0
735558,0.0
735559,0.0
735560,0.0
735561,0.0
735562,0.0
735563,0.0
735564,0.0
735565,0.0
735566,0.0
735567,0.0
735568,0.0
735569,0.0
735570,0.0
735571,0.0
735572,0.0
735573,0.0
735574,0.0
735575,0.0
735576,0.0
735577,0.0
735578,0.0
735579,0.0
735580,0.0
735581,0.0
735582,0.0
735583,0.0
735584,0.0
735585,0.0
735586,0.0
735587,0.0
735588,0.0
735589,0.0
735590,0.0
735591,0.0
735592,0.0
735593,0.0
735594,0.0
735595,0.0
735596,0.0
735597,0.0
735598,0.0
735599,0.0
735600,0.0
735601,0.0
735602,0.0
735603,0.0
735604,0.0
735605,0.0
735606,0.0
735607,0.0
735608,0.0
735609,0.0
735610,0.0
735611,0.0
735612,0.0
735613,0.0
735614,0.0
735615,0.0
735616,0.0
735617,0.0
735618,0.0
735619,0.0
735620,0.0
735621,0.0
735622,0.0
735623,0.0
735624,0.0
735625,0.0
735626,0.0
735627,0.0
735628,0.0
735629,0.0
735630,0.0
735631,0.0
735632,0.0
735633,0.0
735634,0.0
735635,0.0
735636,0.0
735637,0.0
735638,0.0
735639,0.0
735640,0.0
735641,0.0
735642,0.0
735643,0.0
735644,0.0
735645,0.0
735646,0.0
735647,0.0
735648,0.0
735649,0.0
735650,0.0
735651,0.0
735652,0.0
735653,0.0
735654,0.0
735655,0.0
735656,0.0
735657,0.0
735658,0.0
735659,0.0
735660,0.0
735661,0.0
735662,0.0
735663,0.0
735664,0.0
735665,0.0
735666,0.0
735667,0.0
735668,0.0
735669,0.0
735670,0.0
735671,0.0
735672,0.0
735673,0.0
735674,0.0
735675,0.0
735676,0.0
735677,0.0
735678,0.0
735679,0.0
735680,0.0
735681,0.0
735682,0.0
735683,0.0
735684,0.0
735685,0.0
735686,0.0
735687,0.0
735688,0.0
735689,0.0
735690,0.0
735691,0.0
735692,0.0
735693,0.0
735694,0.0
735695,0.0
735696,0.0
735697,0.0
735698,0.0
735699,0.0
735700,0.0
735701,0.0
735702,0.0
735703,0.0
735704,0.0
735705,0.0
735706,0.0
735707,0.0
735708,0.0
735709,0.0
735710,0.0
735711,0.0
735712,0.0
735713,0.0
735714,0.0
735715,0.0
735716,0.0
735717,0.0
735718,0.0
735719,0.0
735720,0.0
735721,0.0
735722,0.0
735723,0.0
735724,0.0
735725,0.0
735726,0.0
735727,0.0
735728,0.0
735729,0.0
735730,0.0
735731,0.0
735732,0.0
735733,0.0
735734,0.0
735735,0.0
735736,0.0
735737,0.0
735738,0.0
735739,0.0
735740,0.0
735741,0.0
735742,0.0
735743,0.0
735744,0.0
735745,0.0
735746,0.0
735747,0.0
735748,0.0
735749,0.0
735750,0.0
735751,0.0
735752,0.0
735753,0.0
735754,0.0
735755,0.0
735756,0.0
735757,0.0
735758,0.0
735759,0.0
735760,0.0
735761,0.0
735762,0.0
735763,0.0
735764,0.0
735765,0.0
735766,0.0
735767,0.0
735768,0.0
735769,0.0
735770,0.0
735771,0.0
735772,0.0
735773,0.0
735774,0.0
735775,0.0
735776,0.0
735777,0.0
735778,0.0
735779,0.0
735780,0.0
735781,0.0
735782,0.0
735783,0.0
735784,0.0
735785,0.0
735786,0.0
735787,0.0
735788,0.0
735789,0.0
735790,3.1473046e-28
735791,0.0
735792,0.0
735793,0.0
735794,0.0
735795,0.0
735796,0.0
735797,0.0
735798,3.889926e-39
735799,0.0
735800,0.0
735801,0.0
735802,0.0
735803,0.0
735804,0.0
735805,0.0
735806,0.0
735807,0.0
735808,0.0
735809,0.0
735810,0.0
735811,0.0
735812,0.0
735813,0.0
735814,0.0
735815,0.0
735816,0.0
735817,0.0
735818,0.0
735819,0.0
735820,0.0
735821,0.0
735822,0.0
735823,0.0
735824,0.0
735825,0.0
735826,0.0
735827,0.0
735828,0.0
735829,0.0
735830,0.0
735831,0.0
735832,0.0
735833,0.0
735834,0.0
735835,0.0
735836,0.0
735837,0.0
735838,0.0
735839,0.0
735840,0.0
735841,0.0
735842,0.0
735843,0.0
735844,0.0
735845,0.0
735846,0.0
735847,0.0
735848,0.0
735849,0.0
735850,0.0
735851,0.0
735852,0.0
735853,0.0
735854,0.0
735855,0.0
735856,0.0
735857,0.0
735858,0.0
735859,0.0
735860,0.0
735861,0.0
735862,0.0
735863,0.0
735864,0.0
735865,0.0
735866,0.0
735867,0.0
735868,0.0
735869,0.0
735870,0.0
735871,0.0
735872,0.0
735873,0.0
735874,0.0
735875,0.0
735876,0.0
735877,0.0
735878,0.0
735879,0.0
735880,0.0
735881,0.0
735882,0.0
735883,0.0
735884,0.0
735885,0.0
735886,0.0
735887,0.0
735888,0.0
735889,0.0
735890,0.0
735891,0.0
735892,0.0
735893,0.0
735894,0.0
735895,0.0
735896,0.0
735897,0.0
735898,0.0
735899,0.0
735900,0.0
735901,0.0
735902,0.0
735903,0.0
735904,0.0
735905,0.0
735906,0.0
735907,0.0
735908,0.0
735909,0.0
735910,0.0
735911,0.0
735912,0.0
735913,0.0
735914,0.0
735915,0.0
735916,0.0
735917,0.0
735918,0.0
735919,0.0
735920,0.0
735921,0.0
735922,0.0
735923,0.0
735924,0.0
735925,0.0
735926,0.0
735927,0.0
735928,0.0
735929,0.0
735930,0.0
735931,0.0
735932,0.0
735933,0.0
735934,0.0
735935,0.0
735936,0.0
735937,0.0
735938,0.0
735939,0.0
735940,0.0
735941,0.0
735942,0.0
735943,0.0
735944,0.0
735945,0.0
735946,0.0
735947,0.0
735948,0.0
735949,0.0
735950,0.0
735951,0.0
735952,0.0
735953,0.0
735954,0.0
735955,0.0
735956,0.0
735957,0.0
735958,0.0
735959,0.0
735960,0.0
735961,0.0
735962,0.0
735963,0.0
735964,0.0
735965,0.0
735966,0.0
735967,0.0
735968,0.0
735969,0.0
735970,0.0
735971,0.0
735972,0.0
735973,0.0
735974,0.0
735975,0.0
735976,0.0
735977,0.0
735978,0.0
735979,0.0
735980,0.0
735981,0.0
735982,0.0
735983,0.0
735984,0.0
735985,0.0
735986,0.0
735987,0.0
735988,0.0
735989,0.0
735990,0.0
735991,0.0
735992,0.0
735993,0.0
735994,5.4728535e-12
735995,0.0
735996,0.0
735997,0.0
735998,0.0
735999,0.0
736000,0.0
736001,0.0
736002,0.0
736003,0.0
736004,0.0
736005,0.0
736006,0.0
736007,0.0
736008,0.0
736009,0.0
736010,0.0
736011,0.0
736012,0.0
736013,0.0
736014,0.0
736015,0.0
736016,0.0
736017,0.0
736018,0.0
736019,0.0
736020,0.0
736021,0.0
736022,0.0
736023,0.0
736024,0.0
736025,0.0
736026,0.0
736027,0.0
736028,0.0
736029,0.0
736030,0.0
736031,0.0
736032,0.0
736033,0.0
736034,0.0
736035,0.0
736036,0.0
736037,0.0
736038,0.0
736039,0.0
736040,0.0
736041,1.1184819e-31
736042,0.0
736043,0.0
736044,0.0
736045,0.0
736046,0.0
736047,0.0
736048,0.0
736049,0.0
736050,0.0
736051,0.0
736052,0.0
736053,0.0
736054,0.0
736055,0.0
736056,0.0
736057,0.0
736058,0.0
736059,0.0
736060,0.0
736061,0.0
736062,0.0
736063,0.0
736064,0.0
736065,0.0
736066,0.0
736067,0.0
736068,0.0
736069,0.0
736070,0.0
736071,0.0
736072,0.0
736073,0.0
736074,0.0
736075,0.0
736076,0.0
736077,0.0
736078,0.0
736079,0.0
736080,0.0
736081,0.0
736082,0.0
736083,0.0
736084,0.0
736085,0.0017189933
736086,0.0
736087,0.0
736088,0.0
736089,0.0
736090,0.11020119
736091,0.0
736092,0.0
736093,0.0
736094,0.0
736095,0.0
736096,0.0
736097,0.0
736098,0.0
736099,0.0
736100,0.0
736101,0.0
736102,0.0
736103,0.0
736104,0.0
736105,0.0
736106,0.0
736107,0.0
736108,0.0
736109,0.0
736110,0.0
736111,0.0
736112,0.0
736113,0.0
736114,0.0
736115,0.0
736116,0.0
736117,0.0
736118,0.0
736119,0.0
736120,0.0
736121,0.0
736122,0.0
736123,0.0
736124,0.0
736125,0.0
736126,0.0
736127,0.0
736128,0.0
736129,0.0
736130,0.0
736131,0.0
736132,0.0
736133,0.0
736134,0.0
736135,0.0
736136,0.0
736137,0.0
736138,0.0
736139,0.0
736140,0.0
736141,0.0
736142,0.0
736143,0.0
736144,0.0
736145,0.0
736146,0.0
736147,0.0
736148,0.0
736149,0.0
736150,0.0
736151,0.0
736152,0.0
736153,0.0
736154,0.0
736155,0.0
736156,0.0
736157,0.0
736158,0.0
736159,0.0
736160,0.0
736161,0.0
736162,0.0
736163,0.0
736164,0.0
736165,0.0
736166,0.0
736167,0.0
736168,0.0
736169,0.0
736170,0.0
736171,0.0
736172,0.0
736173,0.0
736174,0.0
736175,0.0
736176,0.0
736177,0.0
736178,0.0
736179,0.0
736180,0.0
736181,0.0
736182,0.0
736183,0.0
736184,0.0
736185,0.0
736186,0.0
736187,0.0
736188,0.0
736189,0.0
736190,0.0
736191,0.0
736192,0.0
736193,0.0
736194,0.0
736195,0.0
736196,0.0
736197,0.0
736198,0.0
736199,0.0
736200,0.0
736201,0.0
736202,0.0
736203,0.0
736204,0.0
736205,0.0
736206,0.0
736207,0.0
736208,0.0
736209,0.0
736210,0.0
736211,0.0
736212,0.0
736213,0.0
736214,0.0
736215,0.0
736216,0.0
736217,0.0
736218,0.0
736219,0.0
736220,0.0
736221,0.0
736222,0.0
736223,0.0
736224,0.0
736225,0.0
736226,0.0
736227,0.0
736228,0.0
736229,0.0
736230,0.0
736231,0.0
736232,0.0
736233,0.0
736234,0.0
736235,0.0
736236,0.0
736237,0.0
736238,0.0
736239,0.0
736240,0.0
736241,0.0
736242,0.0
736243,0.0
736244,0.0
736245,0.0
736246,0.0
736247,0.0
736248,0.0
736249,0.0
736250,0.0
736251,0.0
736252,0.0
736253,0.0
736254,0.0
736255,0.0
736256,0.0
736257,0.0
736258,0.0
736259,0.0
736260,0.0
736261,0.0
736262,0.0
736263,0.0
736264,0.0
736265,0.0
736266,0.0
736267,0.0
736268,0.0
736269,0.0
736270,0.0
736271,0.0
736272,0.0
736273,0.0
736274,0.0
736275,0.0
736276,0.0
736277,0.0
736278,0.0
736279,0.0
736280,0.0
736281,0.0
736282,0.0
736283,0.0
736284,0.0
736285,0.0
736286,0.0
736287,0.0
736288,0.0
736289,0.0
736290,0.0
736291,0.0
736292,0.0
736293,0.0
736294,0.0
736295,0.0
736296,0.0
736297,0.0
736298,0.0
736299,0.0
736300,0.0
736301,0.0
736302,0.0
736303,0.0
736304,0.0
736305,0.0
736306,0.0
736307,0.0
736308,0.0
736309,0.0
736310,0.0
736311,0.0
736312,1.1136557e-09
736313,0.0
736314,0.0
736315,0.0
736316,0.0
736317,0.0
736318,0.0
736319,0.0
736320,0.0
736321,0.0
736322,0.0
736323,0.0
736324,0.0
736325,0.0
736326,0.0
736327,0.0
736328,0.0
736329,0.0
736330,0.0
736331,0.0
736332,0.0
736333,0.0
736334,0.0
736335,0.0
736336,0.0
736337,0.0
736338,0.0
736339,0.0
736340,0.0
736341,0.0
736342,0.0
736343,0.0
736344,0.0
736345,0.0
736346,0.0
736347,0.0
736348,0.0
736349,0.0
736350,0.0
736351,0.0
736352,0.0
736353,0.0
736354,0.0
736355,0.0
736356,0.0
736357,0.0
736358,0.0
736359,0.0
736360,0.0
736361,0.0
736362,0.0
736363,0.0
736364,0.0
736365,0.0
736366,0.0
736367,0.0
736368,0.0
736369,0.0
736370,0.0
736371,0.0
736372,0.0
736373,0.0
736374,0.0
736375,0.0
736376,0.0
736377,0.0
736378,0.0
736379,0.0
736380,0.0
736381,0.0
736382,0.0
736383,0.0
736384,0.0
736385,0.0
736386,0.0
736387,0.0
736388,0.0
736389,0.0
736390,0.0
736391,0.0
736392,0.0
736393,0.0
736394,0.0
736395,0.0
736396,0.0
736397,0.0
736398,0.0
736399,0.0
736400,0.0
736401,0.0
736402,0.0
736403,0.0
736404,0.0
736405,0.0
736406,0.0
736407,0.0
736408,0.0
736409,0.0
736410,0.0
736411,0.0
736412,0.0
736413,0.0
736414,0.0
736415,0.0
736416,0.0
736417,0.0
736418,0.0
736419,0.0
736420,0.0
736421,0.0
736422,0.0
736423,0.0
736424,0.0
736425,0.0
736426,0.0
736427,0.0
736428,0.0
736429,0.0
736430,0.0
736431,0.0
736432,0.0
736433,0.0
736434,0.0
736435,0.0
736436,0.0
736437,0.0
736438,0.0
736439,0.0
736440,0.0
736441,0.0
736442,0.0
736443,0.0
736444,0.0
736445,0.0
736446,0.0
736447,0.0
736448,0.0
736449,0.0
736450,0.0
736451,0.0
736452,0.0
736453,0.0
736454,0.0
736455,0.0
736456,0.0
736457,0.0
736458,0.0
736459,0.0
736460,0.0
736461,0.0
736462,0.0
736463,0.0
736464,0.0
736465,0.0
736466,0.0
736467,0.0
736468,0.0
736469,0.0
736470,0.0
736471,0.0
736472,0.0
736473,0.0
736474,2.169367e-18
736475,0.0
736476,0.0
736477,0.0
736478,0.0
736479,0.0
736480,0.0
736481,0.0
736482,0.0
736483,0.0
736484,0.0
736485,0.0
736486,0.0
736487,0.0
736488,0.0
736489,0.0
736490,0.0
736491,0.0
736492,0.0
736493,0.0
736494,0.0
736495,0.0
736496,0.0
736497,0.0
736498,0.0
736499,0.0
736500,0.0
736501,0.0
736502,0.0
736503,0.0
736504,0.0
736505,0.0
736506,0.0
736507,0.0
736508,0.0
736509,0.0
736510,0.0
736511,0.0
736512,0.0
736513,0.0
736514,0.0
736515,0.0
736516,0.0
736517,0.0
736518,0.0
736519,0.0
736520,0.0
736521,0.0
736522,0.0
736523,0.0
736524,0.0
736525,0.0
736526,0.0
736527,0.0
736528,0.0
736529,0.0
736530,0.0
736531,0.0
736532,0.0
736533,0.0
736534,0.0
736535,0.0
736536,0.0
736537,0.0
736538,0.0
736539,0.0
736540,0.0
736541,0.0
736542,0.0
736543,0.0
736544,0.0
736545,0.0
736546,0.0
736547,0.0
736548,0.0
736549,0.0
736550,0.0
736551,0.0
736552,0.0
736553,0.0
736554,0.0
736555,0.0
736556,0.008212831
736557,0.0
736558,0.0
736559,0.0
736560,0.0
736561,0.0
736562,0.0
736563,0.0
736564,0.0
736565,0.0
736566,0.0
736567,0.0
736568,0.0
736569,0.0
736570,0.0
736571,0.0
736572,0.0
736573,0.0
736574,0.0
736575,0.0
736576,0.0
736577,0.0
736578,0.0
736579,0.0
736580,0.0
736581,0.0
736582,0.0
736583,0.0
736584,0.0
736585,0.0
736586,0.0
736587,0.0
736588,0.0
736589,0.0
736590,0.0
736591,0.0
736592,0.0
736593,0.0
736594,0.0
736595,0.0
736596,0.0
736597,0.0
736598,0.0
736599,0.0
736600,0.0
736601,0.0
736602,0.0
736603,0.0
736604,0.0
736605,0.0
736606,0.0
736607,0.0
736608,0.0
736609,0.0
736610,0.0
736611,0.0
736612,0.0
736613,0.0
736614,0.0
736615,0.0
736616,0.0
736617,0.0
736618,0.0
736619,0.0
736620,0.0
736621,0.0
736622,0.0
736623,0.0
736624,0.0
736625,0.0
736626,0.0
736627,0.0
736628,0.0
736629,0.0
736630,0.0
736631,0.0
736632,0.0
736633,0.0
736634,0.0
736635,0.0
736636,0.0
736637,0.0
736638,0.0
736639,0.0
736640,0.0
736641,0.0
736642,0.0
736643,0.0
736644,0.0
736645,0.0
736646,0.0
736647,0.0
736648,0.0
736649,0.0
736650,0.0
736651,0.0
736652,0.0
736653,0.0
736654,0.0
736655,0.0
736656,0.0
736657,0.0
736658,0.0
736659,0.0
736660,0.0
736661,0.0
736662,0.0
736663,0.0
736664,0.0
736665,0.0
736666,0.0
736667,0.0
736668,0.0
736669,0.0
736670,0.0
736671,0.0
736672,0.0
736673,0.0
736674,0.0
736675,0.0
736676,0.0
736677,0.0
736678,0.0
736679,0.0
736680,0.0
736681,0.0
736682,0.0
736683,0.0
736684,0.0
736685,0.0
736686,0.0
736687,0.0
736688,0.0
736689,0.0
736690,0.0
736691,0.0
736692,0.0
736693,0.0
736694,0.0
736695,0.0
736696,0.0
736697,0.0
736698,0.0
736699,0.0
736700,0.0
736701,0.0
736702,0.0
736703,0.0
736704,0.0
736705,0.0
736706,0.0
736707,0.0
736708,0.0
736709,0.0
736710,0.0
736711,0.0
736712,0.0
736713,0.0
736714,0.0
736715,0.0
736716,0.0
736717,0.0
736718,0.0
736719,0.0
736720,0.0
736721,0.0
736722,0.0
736723,0.0
736724,0.0
736725,0.0
736726,0.0
736727,0.0
736728,0.0
736729,0.0
736730,0.0
736731,0.0
736732,0.0
736733,0.0
736734,0.0
736735,0.0
736736,0.0
736737,0.0
736738,0.0
736739,0.0
736740,0.0
736741,0.0
736742,0.0
736743,0.0
736744,0.0
736745,0.0
736746,0.0
736747,0.0
736748,0.0
736749,0.0
736750,0.0
736751,0.0
736752,0.0
736753,0.0
736754,0.0
736755,0.0
736756,0.0
736757,0.0
736758,0.0
736759,0.0
736760,0.0
736761,0.034593876
736762,0.0
736763,0.0
736764,0.0
736765,0.0
736766,0.0
736767,0.0
736768,0.0
736769,0.0
736770,0.0
736771,0.0
736772,0.0
736773,0.0
736774,0.0
736775,0.0
736776,0.0
736777,0.0
736778,0.0
736779,0.0
736780,0.0
736781,0.0
736782,0.0
736783,0.0
736784,0.0
736785,0.0
736786,0.0
736787,0.0
736788,0.0
736789,0.0
736790,0.0
736791,0.0
736792,0.0
736793,0.0
736794,0.0
736795,0.0
736796,0.0
736797,0.0
736798,0.0
736799,0.0
736800,0.0
736801,0.0
736802,0.0
736803,0.0
736804,0.0
736805,0.0
736806,0.0
736807,0.0
736808,0.0
736809,0.015992938
736810,0.0
736811,0.0
736812,0.0
736813,0.0
736814,0.0
736815,0.0
736816,0.0
736817,0.0
736818,0.0
736819,0.0
736820,0.0
736821,0.0
736822,0.0
736823,0.0
736824,0.0
736825,0.0
736826,0.0
736827,0.0
736828,0.0
736829,0.0
736830,0.0
736831,0.0
736832,0.0
736833,0.0
736834,0.0
736835,0.0
736836,0.0
736837,0.0
736838,0.0
736839,0.0
736840,0.0
736841,0.0
736842,0.0
736843,0.0
736844,0.0
736845,0.0
736846,0.0
736847,0.0
736848,0.0
736849,0.0
736850,0.0
736851,0.0
736852,0.0
736853,0.0
736854,0.0
736855,0.0
736856,0.0
736857,0.0
736858,0.0
736859,0.0
736860,0.0
736861,0.0
736862,0.0
736863,0.0
736864,0.0
736865,0.0
736866,0.0
736867,0.0
736868,0.0
736869,0.0
736870,0.0
736871,0.0
736872,0.0
736873,0.0
736874,0.0
736875,0.0
736876,0.0
736877,0.0
736878,0.0
736879,0.0
736880,0.0
736881,0.0
736882,0.0
736883,0.0
736884,0.0
736885,0.0
736886,0.0
736887,0.0
736888,0.0
736889,0.0
736890,0.0
736891,0.0
736892,0.0
736893,0.0
736894,0.0
736895,0.0
736896,0.0
736897,0.0
736898,0.0
736899,0.0
736900,0.0
736901,0.0
736902,0.0
736903,0.0
736904,0.0
736905,0.0
736906,0.0
736907,0.0
736908,0.0
736909,0.0
736910,0.0
736911,0.0
736912,0.0
736913,0.0
736914,0.0
736915,0.0
736916,0.0
736917,0.0
736918,0.0
736919,0.0
736920,0.0
736921,0.0
736922,0.0
736923,0.0
736924,0.0
736925,0.0
736926,0.0
736927,0.0
736928,0.0
736929,0.0
736930,0.0
736931,0.0
736932,0.0
736933,0.0
736934,0.0
736935,0.0
736936,0.0
736937,0.0
736938,0.0
736939,0.0
736940,0.0
736941,0.0
736942,0.0
736943,0.0
736944,0.0
736945,0.0
736946,0.0
736947,0.0
736948,0.0
736949,0.0
736950,0.0
736951,0.29862475
736952,0.0
736953,0.0
736954,0.0
736955,0.0
736956,0.0
736957,0.0
736958,0.0
736959,0.0
736960,0.0
736961,0.0
736962,0.0
736963,0.0
736964,0.0
736965,0.0
736966,0.0
736967,0.0
736968,0.0
736969,0.0
736970,0.0
736971,0.0
736972,0.0
736973,0.0
736974,0.0
736975,0.0
736976,0.0
736977,0.0
736978,0.0
736979,0.0
736980,0.0
736981,0.0
736982,0.0
736983,0.0
736984,0.0
736985,0.0
736986,0.0
736987,0.0
736988,0.0
736989,0.0
736990,0.0
736991,0.0
736992,0.0
736993,0.0
736994,0.0
736995,0.0
736996,0.0
736997,0.10683732
736998,0.0
736999,0.0
737000,0.0
737001,0.0
737002,0.0
737003,0.0
737004,0.0
737005,0.0
737006,0.0
737007,0.0
737008,0.0
737009,0.0
737010,0.0
737011,0.0
737012,0.0
737013,0.0
737014,0.0
737015,0.0
737016,0.0
737017,0.0
737018,0.0
737019,0.0
737020,0.0
737021,0.0
737022,0.0
737023,0.0
737024,0.0
737025,0.0
737026,0.0
737027,0.0
737028,0.0
737029,0.0
737030,0.0
737031,0.0
737032,0.0
737033,0.0
737034,0.0
737035,0.0
737036,0.0
737037,0.0
737038,0.0
737039,0.0
737040,0.0
737041,0.0
737042,0.0
737043,0.0
737044,0.0
737045,0.0
737046,0.0
737047,0.0
737048,0.0
737049,0.0
737050,2.9869006e-19
737051,0.0
737052,0.0
737053,0.0
737054,0.0
737055,0.0
737056,0.0
737057,0.0
737058,0.0
737059,1.2228629e-30
737060,0.0
737061,0.0
737062,0.0
737063,0.0
737064,0.0
737065,0.0
737066,0.0
737067,0.0
737068,0.0
737069,0.0
737070,0.0
737071,0.0
737072,0.0
737073,0.0
737074,0.0
737075,0.0
737076,0.0
737077,0.0
737078,0.0
737079,0.0
737080,0.0
737081,0.0
737082,0.0
737083,0.0
737084,0.0
737085,0.0
737086,0.0
737087,0.0
737088,0.0
737089,0.0
737090,0.0
737091,0.0
737092,0.0
737093,0.0
737094,0.0
737095,0.0
737096,0.0
737097,0.0
737098,0.0
737099,0.0
737100,0.0
737101,0.0
737102,0.0
737103,0.0
737104,0.0
737105,0.0
737106,0.0
737107,0.0
737108,0.0
737109,0.0
737110,0.0
737111,0.0
737112,0.0
737113,0.0
737114,0.0
737115,0.0
737116,0.0
737117,0.0
737118,0.0
737119,0.0
737120,0.0
737121,0.0
737122,0.0
737123,0.0
737124,0.0
737125,0.0
737126,0.0
737127,0.0
737128,0.0
737129,0.0
737130,0.0
737131,0.0
737132,0.0
737133,0.0
737134,0.0
737135,0.0
737136,0.0
737137,0.0
737138,0.0
737139,0.0
737140,0.0
737141,0.0
737142,0.0
737143,0.0
737144,0.0
737145,0.0
737146,0.0
737147,0.0
737148,0.0
737149,0.0
737150,3.3578128e-35
737151,0.0
737152,0.0
737153,0.0
737154,0.0
737155,0.0
737156,0.0
737157,0.0
737158,0.0
737159,0.0
737160,0.0
737161,0.0
737162,0.0
737163,0.0
737164,0.0
737165,0.0
737166,0.0
737167,0.0
737168,0.0
737169,0.0
737170,0.0
737171,0.0
737172,0.0
737173,0.0
737174,0.0
737175,0.0
737176,0.0
737177,0.0
737178,0.0
737179,0.0
737180,0.0
737181,0.0
737182,0.0
737183,0.0
737184,0.0
737185,0.0
737186,0.0
737187,0.0
737188,0.0
737189,0.0
737190,0.0
737191,0.0
737192,0.0
737193,0.0
737194,0.0
737195,0.0
737196,0.0
737197,0.0
737198,0.0
737199,0.0
737200,0.0
737201,0.0
737202,0.0
737203,0.0
737204,0.0
737205,0.0
737206,0.0
737207,0.0
737208,0.0
737209,0.0
737210,0.0
737211,0.0
737212,0.0
737213,0.0
737214,0.0
737215,0.0
737216,0.0
737217,0.0
737218,0.0
737219,0.0
737220,0.0
737221,0.0
737222,0.0
737223,0.0
737224,0.0
737225,0.0
737226,0.0
737227,0.0
737228,0.0
737229,0.0
737230,0.0
737231,0.0
737232,0.0
737233,0.018096983
737234,0.0
737235,0.0
737236,0.0
737237,0.10392776
737238,0.0
737239,0.0
737240,0.0
737241,0.0
737242,0.0
737243,0.0
737244,0.0
737245,0.0
737246,0.0
737247,0.0
737248,0.0
737249,0.0
737250,0.0
737251,0.0
737252,0.0
737253,0.0
737254,0.0
737255,0.0
737256,0.0
737257,0.0
737258,0.0
737259,0.0
737260,0.0
737261,0.0
737262,0.0
737263,0.0
737264,0.0
737265,0.0
737266,0.0
737267,0.0
737268,0.0
737269,0.0
737270,0.0
737271,0.0
737272,0.0
737273,0.0
737274,0.0
737275,0.0
737276,0.0
737277,0.0
737278,0.0
737279,0.0
737280,0.0
737281,0.0
737282,0.0
737283,0.0
737284,0.0
737285,0.0
737286,0.0
737287,0.0
737288,0.0
737289,0.0
737290,0.0
737291,0.0
737292,0.0
737293,0.0
737294,0.0
737295,0.0
737296,0.0
737297,0.0
737298,0.0
737299,0.0
737300,0.0
737301,0.0
737302,0.0
737303,0.0
737304,0.0
737305,0.0
737306,0.0
737307,0.0
737308,0.0
737309,0.0
737310,0.0
737311,0.0
737312,0.0
737313,0.0
737314,0.0
737315,0.0
737316,0.0
737317,0.0
737318,0.0
737319,0.0
737320,0.0
737321,0.0
737322,0.0
737323,0.0
737324,0.0
737325,0.0
737326,0.0
737327,0.0
737328,0.0
737329,0.0
737330,0.0
737331,0.0
737332,0.0
737333,0.0
737334,0.0
737335,0.0
737336,0.0
737337,0.0
737338,0.0
737339,0.0
737340,0.0
737341,0.0
737342,0.0
737343,0.0
737344,0.0
737345,0.0
737346,0.0
737347,0.0
737348,0.0
737349,0.0
737350,0.0
737351,0.0
737352,0.0
737353,0.0
737354,0.0
737355,0.0
737356,0.0
737357,0.0
737358,0.0
737359,0.0
737360,0.0
737361,0.0
737362,0.0
737363,0.0
737364,0.0
737365,0.0
737366,0.0
737367,0.0
737368,0.0
737369,0.0
737370,0.0
737371,0.0
737372,0.0
737373,0.0
737374,0.0
737375,0.0
737376,0.0
737377,0.0
737378,0.0
737379,0.0
737380,0.0
737381,0.0
737382,0.0
737383,0.0
737384,0.0
737385,0.0
737386,0.0
737387,0.0
737388,0.0
737389,0.0
737390,0.0
737391,0.0
737392,0.0002397648
737393,0.0
737394,0.0
737395,0.0
737396,0.0
737397,0.0
737398,0.0
737399,0.0
737400,0.0
737401,0.0
737402,0.0
737403,0.0
737404,0.0
737405,0.0
737406,0.0
737407,0.0
737408,0.0
737409,0.0
737410,0.0
737411,0.0
737412,0.0
737413,0.0
737414,0.0
737415,0.0
737416,0.0
737417,0.0
737418,0.0
737419,0.0
737420,0.0
737421,0.0
737422,0.0
737423,0.0
737424,0.0
737425,0.0
737426,0.0
737427,0.0
737428,0.0
737429,0.0
737430,0.0
737431,0.0
737432,0.0
737433,0.0
737434,0.0
737435,0.0
737436,0.0
737437,0.0
737438,0.0
737439,0.0
737440,0.0
737441,0.0
737442,0.0
737443,0.0
737444,0.0
737445,0.0
737446,0.0
737447,0.0
737448,0.0
737449,0.0
737450,0.0
737451,0.0
737452,0.0
737453,0.0
737454,0.0
737455,0.0
737456,0.0
737457,0.0
737458,0.0
737459,0.0
737460,0.0
737461,0.0
737462,0.0
737463,0.0
737464,3.144148e-36
737465,0.0
737466,0.0
737467,0.0
737468,0.0
737469,0.0
737470,0.0
737471,0.0
737472,0.0
737473,0.0
737474,0.0
737475,0.0
737476,0.0
737477,0.0
737478,0.0
737479,4.5396308e-05
737480,0.0
737481,0.0
737482,0.0
737483,0.0
737484,0.0
737485,0.0
737486,0.0
737487,0.0
737488,0.0
737489,0.0
737490,0.0
737491,0.0
737492,0.0
737493,0.0
737494,0.0
737495,0.0
737496,0.0
737497,0.0
737498,0.0
737499,0.0
737500,0.0
737501,0.0
737502,0.0
737503,0.0
737504,0.0
737505,0.0
737506,0.0
737507,0.0
737508,0.0
737509,0.0
737510,0.0
737511,0.0
737512,0.0
737513,0.0
737514,2.0607841e-24
737515,0.0
737516,0.0
737517,0.0
737518,0.0
737519,0.0
737520,0.0
737521,0.0
737522,0.0
737523,0.0
737524,0.0
737525,0.0
737526,0.0
737527,0.0
737528,0.0
737529,0.0
737530,0.0
737531,0.0
737532,0.0
737533,0.0
737534,0.0
737535,0.0
737536,0.0
737537,0.0
737538,0.0
737539,0.0
737540,0.0
737541,0.0
737542,0.0
737543,0.0
737544,0.0
737545,0.0
737546,0.0
737547,0.0
737548,0.0
737549,0.0
737550,0.0
737551,0.0
737552,0.0
737553,0.0
737554,0.0
737555,0.0
737556,0.0
737557,0.0
737558,0.0
737559,0.0
737560,0.0
737561,0.0
737562,0.0
737563,0.0
737564,0.0
737565,0.0
737566,0.0
737567,0.0
737568,0.0
737569,0.0
737570,0.0
737571,0.0
737572,0.0
737573,0.0
737574,0.0
737575,0.0
737576,0.0
737577,0.0
737578,0.0
737579,0.0
737580,0.0
737581,0.0
737582,0.0
737583,0.0
737584,0.0
737585,0.0
737586,0.0
737587,0.0
737588,0.0
737589,0.0
737590,0.0
737591,0.0
737592,0.0
737593,0.0
737594,0.0
737595,0.0
737596,0.0
737597,0.0
737598,0.0
737599,0.0
737600,0.0
737601,0.0
737602,0.0
737603,0.0
737604,0.0
737605,0.0
737606,0.0
737607,0.0
737608,0.0
737609,0.0
737610,0.0
737611,0.0
737612,0.0
737613,0.0
737614,0.0
737615,0.0
737616,0.0
737617,0.0
737618,0.0
737619,0.0
737620,0.0
737621,0.0
737622,0.0
737623,0.0
737624,0.0
737625,0.0
737626,0.0
737627,0.0
737628,0.0
737629,0.0
737630,0.0
737631,0.0
737632,0.0
737633,0.0
737634,0.0
737635,0.0
737636,0.0
737637,0.0
737638,0.0
737639,0.0
737640,0.0
737641,0.0
737642,0.0
737643,0.0
737644,0.0
737645,0.0
737646,0.0
737647,0.0
737648,0.0
737649,0.0
737650,0.0
737651,0.0
737652,0.0
737653,0.0
737654,0.0
737655,0.0
737656,0.0
737657,0.0
737658,0.0
737659,9.671172e-23
737660,0.0
737661,0.0
737662,0.0
737663,0.0
737664,0.0
737665,0.0
737666,0.0
737667,0.0
737668,0.0
737669,0.0
737670,0.0
737671,0.0
737672,0.0
737673,0.0
737674,0.0
737675,0.0
737676,0.0
737677,0.0
737678,0.0
737679,0.0
737680,0.0
737681,0.0
737682,0.0
737683,0.0
737684,0.0
737685,0.0
737686,0.0
737687,0.0
737688,0.0
737689,0.0
737690,0.0
737691,0.0
737692,0.0
737693,0.0
737694,0.0
737695,0.0
737696,0.0
737697,3.0748745e-38
737698,0.0
737699,0.0
737700,0.0
737701,0.0
737702,0.0
737703,0.0
737704,0.0
737705,0.0
737706,0.0
737707,0.0
737708,0.0
737709,0.0
737710,0.0
737711,0.0
737712,0.0
737713,0.0
737714,0.0
737715,3.833096e-39
737716,0.0
737717,0.0
737718,0.0
737719,0.0
737720,0.0
737721,0.0
737722,0.0
737723,0.0
737724,0.0
737725,0.0
737726,0.0
737727,0.0
737728,0.0
737729,0.0
737730,0.0
737731,0.0
737732,0.0
737733,0.0
737734,0.0
737735,0.0
737736,0.0
737737,0.0
737738,0.0
737739,0.0
737740,0.0
737741,0.0
737742,0.0
737743,0.0
737744,0.0
737745,0.0
737746,0.0
737747,0.0
737748,0.0
737749,0.0
737750,0.0
737751,0.0
737752,0.0
737753,0.0
737754,0.0
737755,0.0
737756,0.0
737757,0.0
737758,0.0
737759,0.0
737760,0.0
737761,0.0
737762,0.0
737763,0.0
737764,0.0
737765,0.0
737766,0.0
737767,0.0
737768,0.0
737769,0.0
737770,0.0
737771,0.0
737772,0.0
737773,0.0
737774,0.0
737775,0.0
737776,0.0
737777,0.0
737778,0.0
737779,0.0
737780,0.0
737781,0.0
737782,0.0
737783,0.0
737784,0.0
737785,0.0
737786,0.0
737787,0.0
737788,0.0
737789,0.0
737790,0.0
737791,0.0
737792,0.0
737793,0.0
737794,0.0
737795,0.0
737796,0.0
737797,0.0
737798,0.0
737799,0.0
737800,0.0
737801,0.0
737802,0.0
737803,0.0
737804,0.0
737805,0.0
737806,0.0
737807,0.0
737808,0.0
737809,0.0
737810,0.0
737811,0.0
737812,0.0
737813,0.0
737814,0.0
737815,0.0
737816,0.0
737817,0.0
737818,0.0
737819,0.0
737820,0.0
737821,0.0
737822,0.0
737823,0.0
737824,0.0
737825,0.0
737826,0.0
737827,0.0
737828,0.0
737829,0.0
737830,0.0
737831,0.0
737832,0.0
737833,0.0
737834,0.0
737835,0.0
737836,0.0
737837,0.0
737838,0.0
737839,0.0
737840,0.0
737841,0.0
737842,0.0
737843,0.0
737844,0.0
737845,0.0
737846,0.0
737847,0.0
737848,0.0
737849,0.0
737850,0.0
737851,0.0
737852,0.0
737853,0.0
737854,0.0
737855,0.0
737856,0.0
737857,0.0
737858,0.0
737859,0.0
737860,0.0
737861,0.0
737862,0.0
737863,0.0
737864,0.0
737865,0.0
737866,0.0
737867,0.0
737868,0.0
737869,0.0
737870,0.0
737871,0.0
737872,0.0
737873,0.0
737874,0.0
737875,0.0
737876,0.0
737877,0.0
737878,0.0
737879,0.0
737880,0.0
737881,0.0
737882,0.0
737883,0.0
737884,0.0
737885,0.0
737886,0.0
737887,0.0
737888,0.0
737889,0.0
737890,0.0
737891,0.0
737892,0.0
737893,0.0
737894,0.0
737895,0.0
737896,0.0
737897,0.0
737898,0.0
737899,0.0
737900,0.0
737901,0.0
737902,0.0
737903,0.0
737904,0.0
737905,0.0
737906,0.0
737907,0.0
737908,0.0
737909,0.0
737910,0.0
737911,0.0
737912,0.0
737913,0.0
737914,0.0
737915,0.0
737916,0.0
737917,0.0
737918,0.0
737919,0.0
737920,0.0
737921,0.0
737922,0.0
737923,0.0
737924,0.0
737925,0.0
737926,0.0
737927,0.0
737928,0.0
737929,0.0
737930,0.0
737931,0.0
737932,0.0
737933,0.0
737934,0.0
737935,0.0
737936,0.0
737937,0.0
737938,0.0
737939,0.0
737940,0.0
737941,0.0
737942,0.0
737943,0.0
737944,0.0
737945,0.0
737946,0.0
737947,0.0
737948,0.0
737949,0.0
737950,0.0
737951,0.0
737952,0.0
737953,0.0
737954,0.0
737955,0.0
737956,0.0
737957,0.0
737958,0.0
737959,0.0
737960,0.0
737961,0.0
737962,0.0017883197
737963,0.0
737964,0.0
737965,0.0
737966,0.0
737967,0.0
737968,0.0
737969,0.0
737970,0.0
737971,0.0
737972,0.0
737973,0.0
737974,0.0
737975,0.0
737976,0.0
737977,0.0
737978,0.0
737979,0.0
737980,0.0
737981,0.0
737982,0.0
737983,0.0
737984,0.0
737985,0.0
737986,0.0
737987,0.0
737988,0.0
737989,0.0
737990,0.0
737991,0.0
737992,0.0
737993,0.0
737994,0.0
737995,0.0
737996,0.0
737997,0.0
737998,0.0
737999,0.0
738000,0.0
738001,0.0
738002,0.0
738003,0.0
738004,0.0
738005,0.0
738006,0.0
738007,0.0
738008,0.0
738009,0.0
738010,0.0
738011,0.0
738012,0.0
738013,0.0
738014,0.0
738015,0.0
738016,0.0
738017,0.0
738018,0.0
738019,0.0
738020,0.0
738021,0.0
738022,0.0
738023,0.0
738024,0.0
738025,0.0
738026,0.0
738027,0.0
738028,0.0
738029,0.0
738030,0.0
738031,0.0
738032,0.0
738033,0.0
738034,0.0
738035,0.0
738036,0.0
738037,0.0
738038,0.0
738039,0.0
738040,0.0
738041,0.0
738042,0.0
738043,0.0
738044,0.0
738045,0.0
738046,0.0
738047,0.0
738048,0.0
738049,0.0
738050,0.0
738051,0.0
738052,0.0
738053,0.0
738054,0.0
738055,0.0
738056,0.0
738057,0.0
738058,0.0
738059,0.0
738060,0.0
738061,0.0
738062,0.0
738063,0.0
738064,0.0
738065,0.0
738066,0.0
738067,0.0
738068,0.0
738069,0.0
738070,0.0
738071,0.0
738072,0.0
738073,0.0
738074,0.0
738075,0.0
738076,0.0
738077,0.0
738078,0.0
738079,0.0
738080,0.0
738081,0.0
738082,0.0
738083,0.0
738084,0.0
738085,0.0
738086,0.0
738087,0.0
738088,0.0
738089,0.0
738090,0.0
738091,0.0
738092,0.0
738093,0.0
738094,0.0
738095,0.0
738096,0.0
738097,0.0
738098,0.0
738099,0.0
738100,0.0
738101,0.0
738102,0.0
738103,0.0
738104,0.0
738105,0.0
738106,0.0
738107,0.0
738108,0.0
738109,0.0
738110,0.0
738111,0.0
738112,0.0
738113,0.0
738114,0.0
738115,0.0
738116,0.0
738117,0.0
738118,0.0
738119,0.0
738120,0.0
738121,0.0
738122,0.0
738123,0.0
738124,0.0
738125,0.0
738126,0.0
738127,0.0
738128,0.0
738129,0.0
738130,0.0
738131,0.0
738132,0.0
738133,0.0
738134,0.0
738135,0.0
738136,5.102704e-33
738137,0.0
738138,0.0
738139,0.0
738140,0.0
738141,0.0
738142,0.0
738143,0.0
738144,2.0684179e-22
738145,0.0
738146,0.0
738147,0.0
738148,0.0
738149,0.0
738150,0.0
738151,0.0
738152,0.0
738153,0.0
738154,0.0
738155,0.0
738156,0.0
738157,0.0
738158,0.0
738159,0.0
738160,0.0
738161,0.0
738162,0.0
738163,0.0
738164,0.0
738165,0.0
738166,0.0
738167,0.0
738168,0.0
738169,0.0
738170,0.0
738171,0.0
738172,0.0
738173,0.0
738174,0.0
738175,0.0
738176,0.0
738177,0.0
738178,0.0
738179,0.0
738180,0.0
738181,0.0
738182,0.0
738183,0.0
738184,0.0
738185,0.0
738186,0.0
738187,0.0
738188,0.0
738189,0.0
738190,0.0
738191,5.4955843e-38
738192,0.0
738193,0.0
738194,0.0
738195,0.0
738196,0.0
738197,0.0
738198,0.0
738199,0.0
738200,0.0
738201,0.0
738202,0.0
738203,0.0
738204,0.0
738205,0.0
738206,0.0
738207,0.0
738208,0.0
738209,0.0
738210,0.0
738211,0.0
738212,0.0
738213,0.0
738214,0.0
738215,0.0
738216,0.0
738217,0.0
738218,0.0
738219,0.0
738220,0.0
738221,0.0
738222,0.0
738223,2.863476e-15
738224,0.0
738225,0.0
738226,0.0
738227,0.0
738228,0.0
738229,0.0
738230,0.0
738231,0.0
738232,0.0
738233,0.0
738234,0.0
738235,0.0
738236,0.0
738237,0.0
738238,0.0
738239,0.0
738240,0.0
738241,0.0
738242,0.0
738243,0.0
738244,0.0
738245,0.0
738246,0.0
738247,0.0
738248,0.0
738249,0.0
738250,0.0
738251,0.0
738252,0.0
738253,0.0
738254,0.0
738255,0.0
738256,0.0
738257,0.0
738258,0.0
738259,0.0
738260,0.0
738261,0.0
738262,0.0
738263,0.0
738264,0.0
738265,0.0
738266,0.0
738267,0.0
738268,0.0
738269,0.0
738270,0.0
738271,0.0
738272,0.0
738273,0.0
738274,0.0
738275,0.0
738276,0.0
738277,0.0
738278,0.0
738279,0.0
738280,0.0
738281,0.0
738282,0.0
738283,0.0
738284,0.0
738285,0.0
738286,8.752359e-07
738287,0.0
738288,0.0
738289,0.0
738290,0.0
738291,0.0
738292,0.0
738293,0.0
738294,0.0
738295,0.0
738296,0.0
738297,0.0
738298,0.0
738299,0.0
738300,0.0
738301,0.0
738302,0.0
738303,0.0
738304,0.0
738305,0.0
738306,0.0
738307,0.0
738308,0.0
738309,0.0
738310,0.0
738311,0.0
738312,0.0
738313,0.0
738314,0.0
738315,0.0
738316,0.0
738317,0.0
738318,0.0
738319,0.0
738320,0.0
738321,0.0
738322,0.0
738323,0.0
738324,0.0
738325,0.0
738326,0.0
738327,0.0
738328,0.0
738329,0.0
738330,0.0
738331,0.0
738332,0.0
738333,0.0
738334,0.0
738335,0.0
738336,0.0
738337,0.0
738338,0.0
738339,0.0
738340,0.0
738341,0.0
738342,0.0
738343,0.0
738344,0.0
738345,0.0
738346,0.0
738347,0.0
738348,0.0
738349,0.0
738350,0.0
738351,0.0
738352,0.0
738353,0.0
738354,0.0
738355,0.0
738356,0.0
738357,0.0
738358,0.0
738359,0.0
738360,0.0
738361,0.0
738362,0.0
738363,0.0
738364,0.0
738365,0.0
738366,0.0
738367,0.0
738368,0.0
738369,0.0
738370,1.404312e-35
738371,0.0
738372,0.0
738373,0.0
738374,0.0
738375,0.0
738376,0.0
738377,0.0
738378,0.0
738379,0.0
738380,0.0
738381,0.0
738382,0.0
738383,0.0
738384,0.0
738385,0.0
738386,0.0
738387,0.0
738388,0.0
738389,0.0
738390,0.0
738391,0.0
738392,0.0
738393,0.0
738394,0.0
738395,0.0
738396,0.0
738397,0.0
738398,0.0
738399,0.0
738400,0.0
738401,0.0
738402,0.0
738403,0.0
738404,0.0
738405,0.0
738406,0.0
738407,0.0
738408,0.0
738409,0.0
738410,0.0
738411,0.0
738412,0.0
738413,0.0
738414,0.0
738415,0.0
738416,0.0
738417,0.0
738418,0.0
738419,0.0
738420,0.0
738421,0.0
738422,0.0
738423,0.0
738424,0.0
738425,0.0
738426,0.0
738427,0.0
738428,0.0
738429,0.0
738430,0.0
738431,0.0
738432,0.0
738433,0.0
738434,0.0
738435,0.0
738436,0.0
738437,0.0
738438,0.0
738439,0.0
738440,0.0
738441,0.0
738442,0.0
738443,0.0
738444,0.0
738445,0.0
738446,0.0
738447,0.0
738448,0.0
738449,0.0
738450,0.0
738451,0.0
738452,0.0
738453,0.0
738454,0.0
738455,0.0
738456,0.0
738457,0.0
738458,0.0
738459,0.0
738460,0.0
738461,0.0
738462,0.0
738463,0.0
738464,0.0
738465,0.0
738466,0.0
738467,0.0
738468,0.0
738469,0.0
738470,0.0
738471,0.0
738472,0.0
738473,0.0
738474,0.0
738475,0.0
738476,0.0
738477,0.0
738478,0.0
738479,0.0
738480,0.0
738481,0.0
738482,0.0
738483,0.0
738484,0.0
738485,0.0
738486,0.0
738487,0.0
738488,0.0
738489,0.0
738490,0.0
738491,0.0
738492,0.0
738493,0.0
738494,0.0
738495,0.0
738496,0.0
738497,0.0
738498,0.0
738499,0.0
738500,0.0
738501,0.0
738502,0.0
738503,0.0
738504,0.0
738505,0.0
738506,0.0
738507,0.0
738508,0.0
738509,0.0
738510,0.0
738511,7.2880746e-17
738512,0.0
738513,0.0
738514,0.0
738515,0.0
738516,0.0
738517,0.0
738518,0.0
738519,0.0
738520,0.0
738521,0.0
738522,0.0
738523,0.0
738524,0.0
738525,0.0
738526,0.0
738527,0.0
738528,0.0
738529,0.0
738530,0.0
738531,0.0
738532,0.0
738533,0.0
738534,0.0
738535,0.0
738536,0.0
738537,0.0
738538,0.0
738539,0.0
738540,0.0
738541,0.0
738542,0.0
738543,0.0
738544,0.0
738545,0.0
738546,0.0
738547,0.0
738548,0.0
738549,0.0
738550,0.0
738551,0.0
738552,0.0
738553,0.0
738554,0.0
738555,0.0
738556,0.0
738557,0.0
738558,0.0
738559,0.0
738560,0.0
738561,0.0
738562,0.0
738563,0.0
738564,0.0
738565,0.0
738566,0.0
738567,0.0
738568,0.0
738569,0.0
738570,0.0
738571,0.0
738572,0.0
738573,0.0
738574,0.0
738575,0.0
738576,0.0
738577,0.0
738578,0.0
738579,0.0
738580,0.0
738581,0.0
738582,0.0
738583,0.0
738584,0.0
738585,0.0
738586,0.0
738587,0.0
738588,0.0
738589,0.0
738590,0.0
738591,0.0
738592,0.0
738593,0.0
738594,0.0
738595,0.0
738596,0.0
738597,0.0
738598,0.0
738599,0.0
738600,0.0
738601,0.0
738602,0.0
738603,0.0
738604,0.0
738605,0.0
738606,0.0
738607,0.0
738608,0.0
738609,0.0
738610,0.0
738611,0.0
738612,0.0
738613,0.0
738614,0.0
738615,0.0
738616,0.0
738617,0.0
738618,0.0
738619,0.0
738620,0.0
738621,0.0
738622,0.0
738623,0.0
738624,0.0
738625,0.0
738626,0.0
738627,0.0
738628,0.0
738629,0.0
738630,0.0
738631,0.0
738632,0.0
738633,0.0
738634,0.0
738635,0.0
738636,0.0
738637,0.0
738638,0.0
738639,0.0
738640,0.0
738641,0.0
738642,0.0
738643,0.0
738644,0.0
738645,0.0
738646,0.0
738647,0.0
738648,0.0
738649,0.0
738650,0.0
738651,0.0
738652,0.0
738653,0.0
738654,0.0
738655,0.0
738656,0.0
738657,0.0
738658,0.0
738659,0.0
738660,0.0
738661,0.0
738662,0.0
738663,0.0
738664,0.0
738665,0.0
738666,0.0
738667,0.0
738668,0.0
738669,0.0
738670,0.0
738671,0.0
738672,0.0
738673,0.0
738674,0.0
738675,0.0
738676,0.0
738677,0.0
738678,0.0
738679,0.0
738680,0.0
738681,0.0
738682,0.0
738683,0.0
738684,0.0
738685,0.0
738686,0.0
738687,0.0
738688,0.0
738689,0.0
738690,0.0
738691,0.0
738692,0.0
738693,0.0
738694,0.0
738695,0.0
738696,0.0
738697,0.0
738698,0.0
738699,0.0
738700,0.0
738701,0.0
738702,0.0
738703,0.0
738704,0.0
738705,0.0
738706,0.0
738707,0.0
738708,0.0
738709,0.0
738710,0.0
738711,1.6151e-11
738712,0.0
738713,0.0
738714,0.0
738715,0.0
738716,0.0
738717,0.0
738718,0.0
738719,0.0
738720,0.0
738721,0.0
738722,0.0
738723,0.0
738724,0.0
738725,0.0
738726,0.0
738727,0.0
738728,0.0
738729,0.0
738730,0.0
738731,8.5124285e-26
738732,0.0
738733,0.0
738734,0.0
738735,0.0
738736,0.0
738737,0.0
738738,0.0
738739,0.0
738740,0.0
738741,0.0
738742,0.0
738743,0.0
738744,0.0
738745,0.0
738746,0.0
738747,0.0
738748,0.0
738749,0.00023557004
738750,0.0
738751,0.0
738752,0.0
738753,0.0
738754,0.0
738755,0.0
738756,0.0
738757,0.0
738758,0.0
738759,0.0
738760,0.0
738761,0.0
738762,0.0
738763,0.0
738764,0.0
738765,0.0
738766,0.0
738767,0.0
738768,0.0
738769,0.0
738770,0.0
738771,0.0
738772,0.0
738773,0.0
738774,0.0
738775,0.0
738776,0.0
738777,0.0
738778,0.0
738779,0.0
738780,0.0
738781,0.0
738782,0.0
738783,0.0
738784,0.0
738785,0.0
738786,0.0
738787,0.0
738788,0.0
738789,0.0
738790,0.0
738791,0.0
738792,0.0
738793,0.0
738794,0.0
738795,2.176257e-31
738796,0.0
738797,0.0
738798,0.0
738799,0.0
738800,0.0
738801,0.0
738802,0.0
738803,0.0
738804,0.0
738805,0.0
738806,0.0
738807,0.0
738808,0.0
738809,0.0
738810,0.0
738811,0.0
738812,0.0
738813,0.0
738814,0.0
738815,0.0
738816,0.0
738817,0.0
738818,0.0
738819,0.0
738820,0.0
738821,0.0
738822,0.0
738823,0.0
738824,0.0
738825,0.0
738826,0.0
738827,0.0
738828,0.0
738829,0.0
738830,0.0
738831,0.0
738832,0.0
738833,0.0
738834,0.0
738835,0.0
738836,0.0
738837,0.0
738838,9.836309e-05
738839,0.0
738840,0.0
738841,0.0
738842,0.0
738843,0.0
738844,0.0
738845,0.0
738846,0.0
738847,0.0
738848,0.0
738849,0.0
738850,0.0
738851,0.0
738852,0.0
738853,0.0
738854,0.0
738855,0.0
738856,0.0
738857,0.0
738858,0.0
738859,0.0
738860,0.0
738861,0.0
738862,0.0
738863,0.0
738864,0.0
738865,0.0
738866,0.0
738867,0.0
738868,0.0
738869,0.0
738870,0.0
738871,0.0
738872,0.0
738873,0.0
738874,0.0
738875,0.0
738876,0.0
738877,0.0
738878,0.0
738879,0.0
738880,0.0
738881,0.0
738882,0.0
738883,0.0
738884,0.0
738885,0.0
738886,0.0
738887,0.0
738888,0.0
738889,0.0
738890,0.0
738891,0.0
738892,0.0
738893,0.0
738894,0.0
738895,0.0
738896,0.0
738897,0.0
738898,0.0
738899,0.0
738900,0.0
738901,0.0
738902,3.9357267e-35
738903,0.0
738904,0.0
738905,0.0
738906,0.0
738907,0.0
738908,0.0
738909,0.0
738910,0.0
738911,0.0
738912,0.0
738913,0.0
738914,0.0
738915,0.0
738916,0.0
738917,0.0
738918,0.0
738919,0.0
738920,0.0
738921,0.0
738922,0.0
738923,0.0
738924,0.0
738925,0.0
738926,0.0
738927,0.0
738928,0.0
738929,0.0
738930,0.0
738931,0.0
738932,0.0
738933,0.0
738934,0.0
738935,0.0
738936,0.0
738937,0.0
738938,0.0
738939,0.0
738940,0.0
738941,0.0
738942,0.0
738943,0.0
738944,0.0
738945,0.0
738946,0.0
738947,0.0
738948,0.0
738949,0.0
738950,0.0
738951,0.0
738952,0.0
738953,0.0
738954,0.0
738955,0.0
738956,0.0
738957,0.0
738958,0.0
738959,0.0
738960,0.0
738961,0.0
738962,0.0
738963,0.0
738964,0.0
738965,0.0
738966,0.0
738967,0.0
738968,0.0
738969,0.0
738970,0.0
738971,0.0
738972,0.0
738973,0.0
738974,0.0
738975,0.0
738976,0.0
738977,0.0
738978,0.0
738979,0.0
738980,0.0
738981,0.0
738982,0.0
738983,0.0
738984,0.0
738985,0.0
738986,0.0
738987,0.0
738988,0.0
738989,0.0
738990,0.0
738991,0.0
738992,0.0
738993,0.0
738994,0.0
738995,0.0
738996,0.0
738997,0.0
738998,0.0
738999,0.0
739000,0.0
739001,0.0
739002,0.0
739003,0.0
739004,0.0
739005,0.0
739006,0.0
739007,0.0
739008,0.0
739009,0.0
739010,0.0
739011,0.0
739012,0.0
739013,0.0
739014,0.0
739015,0.0
739016,0.0
739017,0.0
739018,0.0
739019,0.0
739020,0.0
739021,0.0
739022,0.0
739023,0.0
739024,0.0
739025,0.0
739026,0.0
739027,0.0
739028,0.0
739029,0.008152273
739030,0.0
739031,0.0
739032,0.0
739033,0.0
739034,0.0
739035,0.0
739036,0.0
739037,0.0
739038,0.0
739039,0.0
739040,0.0
739041,0.0
739042,0.0
739043,0.0
739044,0.0
739045,0.0
739046,0.0
739047,0.0
739048,0.0
739049,0.0
739050,0.0
739051,0.016668065
739052,0.0
739053,0.0
739054,0.0
739055,0.0
739056,0.0
739057,0.0
739058,0.0
739059,0.0
739060,0.0
739061,0.0
739062,0.0
739063,0.0
739064,0.0
739065,0.0
739066,0.0
739067,0.0
739068,0.0
739069,4.997822e-28
739070,0.0
739071,0.0
739072,0.0
739073,0.0
739074,0.0
739075,0.0
739076,0.0
739077,0.0
739078,0.0
739079,0.0
739080,0.0
739081,0.0
739082,0.0
739083,0.0
739084,0.0
739085,0.0
739086,0.0
739087,0.0
739088,0.0
739089,0.0
739090,0.0
739091,0.0
739092,0.0
739093,0.0
739094,0.00034441194
739095,0.0
739096,0.0
739097,0.0
739098,0.0
739099,0.0
739100,0.0
739101,0.0
739102,0.0
739103,0.0
739104,0.0
739105,0.0
739106,0.0
739107,0.0
739108,0.0
739109,0.0
739110,0.0
739111,0.0
739112,0.0
739113,0.0
739114,0.0
739115,0.0
739116,0.0
739117,0.0
739118,0.0
739119,0.0
739120,0.0
739121,0.0
739122,0.0
739123,0.0
739124,0.0
739125,0.0
739126,0.0
739127,0.0
739128,0.0
739129,0.0
739130,0.0
739131,0.0
739132,0.0
739133,0.0
739134,0.0
739135,0.0
739136,0.0
739137,0.0
739138,0.0
739139,0.0
739140,0.0
739141,0.0
739142,0.0
739143,0.0
739144,0.0
739145,0.0
739146,0.0
739147,0.0
739148,0.0
739149,0.0
739150,0.0
739151,0.0
739152,0.0
739153,0.0
739154,0.0
739155,0.0
739156,0.0
739157,0.0
739158,0.0
739159,0.0
739160,0.0
739161,0.0
739162,0.0
739163,0.0
739164,0.0
739165,0.0
739166,0.0
739167,0.0
739168,0.0
739169,0.0
739170,0.0
739171,0.0
739172,0.0
739173,0.0
739174,0.0
739175,0.0
739176,0.0
739177,0.0
739178,0.0
739179,0.0
739180,0.0
739181,0.0
739182,0.0
739183,0.0
739184,0.0
739185,0.0
739186,0.0
739187,0.0
739188,0.0
739189,0.0
739190,0.0
739191,0.0
739192,0.0
739193,0.0
739194,0.0
739195,0.0
739196,0.0
739197,0.0
739198,0.0
739199,0.0
739200,0.0
739201,0.0
739202,0.0
739203,0.0
739204,0.0
739205,0.0
739206,0.0
739207,0.0
739208,0.0
739209,0.0
739210,0.0
739211,0.0
739212,0.0
739213,0.0
739214,0.0
739215,0.0
739216,0.0
739217,0.0
739218,0.0
739219,0.0
739220,0.0
739221,0.0
739222,0.0
739223,0.0
739224,0.0
739225,0.0
739226,0.0
739227,0.0
739228,0.0
739229,0.0
739230,0.0
739231,0.0
739232,0.0
739233,0.0
739234,0.0
739235,0.0
739236,0.0
739237,0.0
739238,0.0
739239,0.0
739240,0.0
739241,0.0
739242,0.0
739243,0.0
739244,0.0
739245,0.0
739246,0.0
739247,0.0
739248,0.0
739249,0.0
739250,0.0
739251,0.0
739252,0.0
739253,0.0
739254,0.0
739255,0.0
739256,0.0
739257,0.0
739258,0.0
739259,0.0
739260,0.0
739261,0.0
739262,0.0
739263,0.0
739264,0.0
739265,0.0
739266,0.0
739267,0.0
739268,0.0
739269,0.0
739270,0.0
739271,0.0
739272,0.0
739273,0.0
739274,0.0
739275,0.0
739276,0.0
739277,0.0
739278,0.0
739279,0.0
739280,0.0
739281,0.0
739282,0.0
739283,0.0
739284,0.0
739285,0.0
739286,0.0
739287,0.0
739288,0.0
739289,0.0
739290,0.0
739291,0.0
739292,0.0
739293,0.0
739294,0.0
739295,0.0
739296,0.0
739297,0.0
739298,0.0
739299,0.0
739300,0.0
739301,0.0
739302,0.0
739303,0.0
739304,0.0
739305,0.0
739306,0.0
739307,0.0
739308,0.0
739309,0.0
739310,0.0
739311,0.0
739312,0.0
739313,0.0
739314,0.0
739315,0.0
739316,0.0
739317,0.0
739318,0.0
739319,0.0
739320,0.0
739321,0.0
739322,0.0
739323,0.0
739324,0.0
739325,0.0
739326,1.18267826e-23
739327,0.0
739328,0.0
739329,0.0
739330,0.0
739331,0.0
739332,0.0
739333,0.0
739334,0.0
739335,0.0
739336,0.0
739337,0.0
739338,0.0
739339,0.0
739340,0.0
739341,0.0
739342,0.0
739343,0.0
739344,0.0
739345,0.0
739346,0.0
739347,0.0
739348,0.0
739349,0.0
739350,0.0
739351,0.0
739352,0.0
739353,0.0
739354,0.0
739355,0.0
739356,0.0
739357,0.0
739358,0.0
739359,0.0
739360,0.0
739361,0.0
739362,0.0
739363,0.0
739364,0.0
739365,0.0
739366,0.0
739367,0.0
739368,0.0
739369,0.0
739370,0.0
739371,0.0
739372,0.0
739373,0.0
739374,0.0
739375,0.0
739376,0.0
739377,0.0
739378,0.0
739379,0.0
739380,0.0
739381,0.0
739382,0.0
739383,0.0
739384,0.0
739385,0.0
739386,0.0
739387,0.0
739388,0.0
739389,0.0
739390,0.0
739391,0.0
739392,0.0
739393,0.0
739394,0.0
739395,0.0
739396,0.0
739397,0.0
739398,0.0
739399,0.0
739400,0.0
739401,0.0
739402,0.0
739403,0.0
739404,0.0
739405,0.0
739406,0.0
739407,0.0
739408,0.0
739409,0.0
739410,0.0
739411,0.0
739412,0.0
739413,0.0
739414,0.0
739415,0.0
739416,0.0
739417,0.0
739418,0.0
739419,0.0
739420,0.0
739421,0.0
739422,0.0
739423,0.0
739424,0.0
739425,0.0
739426,0.0
739427,0.0
739428,0.0
739429,0.0
739430,0.0
739431,0.0
739432,0.0
739433,0.0
739434,0.0
739435,0.0
739436,0.0
739437,0.0
739438,0.0
739439,0.0
739440,0.0
739441,0.0
739442,0.0
739443,0.0
739444,0.0
739445,0.0
739446,0.0
739447,0.0
739448,0.0
739449,0.0
739450,0.0
739451,0.0
739452,0.0
739453,0.0
739454,0.0
739455,0.0
739456,0.0
739457,0.0
739458,0.0
739459,0.0
739460,0.0
739461,0.0
739462,0.0
739463,0.0
739464,0.0
739465,0.0
739466,0.0
739467,0.0
739468,0.0
739469,0.0
739470,0.0
739471,0.0
739472,0.0
739473,0.0
739474,0.0
739475,0.0
739476,0.0
739477,0.0
739478,0.0
739479,0.0
739480,0.0
739481,0.0
739482,0.0
739483,0.0
739484,0.0
739485,0.0
739486,0.0
739487,0.0
739488,0.0
739489,0.0
739490,0.0
739491,0.0
739492,0.0
739493,0.0
739494,0.0
739495,0.0
739496,0.0
739497,8.102723e-32
739498,0.0
739499,0.0
739500,0.0
739501,0.0
739502,0.0
739503,0.0
739504,0.0
739505,0.0
739506,0.0
739507,0.0
739508,0.0
739509,0.0
739510,0.0
739511,0.0
739512,0.0
739513,0.0
739514,0.0
739515,0.0
739516,0.0
739517,0.0
739518,0.0
739519,0.0
739520,0.0
739521,0.0
739522,0.0
739523,0.0
739524,0.0
739525,0.0
739526,0.0
739527,0.0
739528,0.0
739529,0.0
739530,0.0
739531,0.0
739532,0.0
739533,0.0
739534,0.0
739535,0.0
739536,0.0
739537,0.0
739538,0.0
739539,0.0
739540,0.0
739541,9.028192e-29
739542,0.0
739543,0.00067340967
739544,0.0
739545,0.0
739546,0.0
739547,0.0
739548,0.0
739549,0.0
739550,0.0
739551,3.7076802e-36
739552,0.0
739553,0.0
739554,0.0
739555,0.0
739556,0.0
739557,0.0
739558,0.0
739559,0.0
739560,0.0
739561,0.0
739562,0.0
739563,0.0
739564,0.0
739565,0.0
739566,0.0
739567,0.0
739568,0.0
739569,0.0
739570,0.0
739571,0.0
739572,0.0
739573,0.0
739574,0.0
739575,0.0
739576,0.0
739577,0.0
739578,0.0
739579,0.0
739580,0.0
739581,0.0
739582,0.0
739583,0.0
739584,0.0
739585,0.0
739586,0.0
739587,0.0
739588,0.0
739589,0.0
739590,0.0
739591,0.0
739592,0.0
739593,0.0
739594,0.0
739595,0.0
739596,0.0
739597,0.0
739598,0.0
739599,0.0
739600,0.0
739601,0.0
739602,0.0
739603,0.0
739604,0.0
739605,0.0
739606,0.0
739607,0.0
739608,0.0
739609,0.0
739610,0.0
739611,0.0
739612,0.0
739613,0.0
739614,0.0
739615,0.0
739616,9.0093665e-23
739617,0.0
739618,0.0
739619,0.0
739620,0.0
739621,0.0
739622,0.0
739623,0.0
739624,0.0
739625,0.0
739626,0.0
739627,0.0
739628,0.0
739629,0.0
739630,0.0
739631,0.0
739632,0.0
739633,0.0
739634,0.0
739635,0.0
739636,0.0
739637,0.0
739638,0.0
739639,4.2065815e-28
739640,0.0
739641,0.0
739642,0.0
739643,0.0
739644,0.0
739645,0.0
739646,0.0
739647,0.0
739648,0.0
739649,0.0
739650,0.0
739651,0.0
739652,0.0
739653,0.0
739654,0.0
739655,0.0
739656,0.0
739657,0.0
739658,0.0
739659,0.0
739660,0.0
739661,0.0
739662,0.0
739663,0.0
739664,0.0
739665,0.0
739666,0.0
739667,0.0
739668,0.0
739669,0.0
739670,0.0
739671,0.0
739672,0.0
739673,0.0
739674,0.0
739675,0.0
739676,0.0
739677,0.0
739678,0.0
739679,0.0
739680,0.0
739681,0.0
739682,0.0
739683,0.0
739684,0.0
739685,0.0
739686,0.0
739687,0.0
739688,0.0
739689,0.0
739690,0.0
739691,0.0
739692,0.0
739693,0.0
739694,0.0
739695,0.0
739696,0.0
739697,0.0
739698,0.0
739699,0.0
739700,0.0
739701,0.0
739702,0.0
739703,0.0
739704,0.0
739705,0.0
739706,0.0
739707,0.0
739708,0.0
739709,0.0
739710,0.0
739711,0.0
739712,0.0
739713,0.0
739714,0.0
739715,0.0
739716,0.36242384
739717,0.0
739718,0.0
739719,0.0
739720,0.0
739721,0.0
739722,0.0
739723,0.0
739724,0.0
739725,0.0
739726,0.0
739727,0.0
739728,0.0
739729,0.0
739730,0.0
739731,0.0
739732,0.0
739733,0.0
739734,0.0
739735,0.0
739736,0.0
739737,0.0
739738,0.0
739739,0.0
739740,0.0
739741,0.0
739742,0.0
739743,0.0
739744,0.0
739745,0.0
739746,0.0
739747,0.0
739748,0.0
739749,0.0
739750,0.0
739751,0.0
739752,0.0
739753,0.0
739754,0.0
739755,0.0
739756,0.0
739757,0.0
739758,0.0
739759,0.0
739760,0.0
739761,0.0
739762,0.0
739763,0.0
739764,0.0
739765,0.0
739766,0.0
739767,0.0
739768,0.0
739769,0.0
739770,0.0
739771,0.0
739772,0.0
739773,0.0
739774,0.0
739775,0.0
739776,0.0
739777,0.0
739778,0.0
739779,0.0
739780,0.0
739781,0.0
739782,0.0
739783,0.0
739784,0.0
739785,0.0
739786,0.0
739787,0.0
739788,0.0
739789,0.0
739790,0.0
739791,0.0
739792,0.0
739793,0.0
739794,0.0
739795,0.0
739796,0.0
739797,0.0
739798,0.0
739799,0.0
739800,0.0
739801,0.005971263
739802,0.0
739803,0.0
739804,0.0
739805,0.0
739806,0.0
739807,0.0
739808,0.0
739809,0.0
739810,0.0
739811,0.0
739812,0.0
739813,0.0022847892
739814,0.0
739815,0.0
739816,0.0
739817,0.0
739818,0.0
739819,0.0
739820,0.0
739821,0.0
739822,0.0
739823,0.0
739824,0.0
739825,0.0
739826,0.0
739827,0.0
739828,0.0
739829,0.0
739830,0.0
739831,0.0
739832,0.0
739833,0.0
739834,0.0
739835,0.0
739836,0.0
739837,0.0
739838,0.0
739839,0.0
739840,0.0
739841,0.0
739842,0.0
739843,0.0
739844,0.0
739845,0.0
739846,0.0
739847,0.0
739848,0.0
739849,0.0
739850,0.0
739851,0.0
739852,0.0
739853,0.0
739854,0.0
739855,0.0
739856,0.0
739857,0.0
739858,0.0
739859,0.0
739860,0.0
739861,0.0
739862,0.0
739863,0.0
739864,0.0
739865,0.0
739866,0.0
739867,0.0
739868,0.0
739869,0.0
739870,0.0
739871,0.0
739872,0.0
739873,0.0
739874,0.0
739875,0.0
739876,0.0
739877,0.0
739878,0.0
739879,0.0
739880,0.0
739881,0.0
739882,0.0
739883,0.0
739884,0.0
739885,0.0
739886,0.0
739887,0.0
739888,0.0
739889,0.0
739890,0.0
739891,0.0
739892,0.0
739893,0.0
739894,0.0
739895,0.0
739896,0.0
739897,0.0
739898,0.0
739899,0.0
739900,0.0
739901,0.0
739902,0.0
739903,0.0
739904,0.0
739905,0.0
739906,0.0
739907,0.0
739908,0.0
739909,0.0
739910,0.0
739911,0.0
739912,0.0
739913,0.0
739914,0.0
739915,0.0
739916,0.0
739917,0.0
739918,0.0
739919,0.0
739920,0.0
739921,0.0
739922,0.0
739923,0.0
739924,0.0
739925,0.0
739926,0.0
739927,0.0
739928,0.0
739929,0.0
739930,0.0
739931,0.0
739932,0.0
739933,0.0
739934,0.0
739935,0.0
739936,0.0
739937,0.0
739938,0.0
739939,0.0
739940,0.0
739941,0.0
739942,0.0
739943,0.0
739944,0.0
739945,0.0
739946,1.7110912e-32
739947,0.0
739948,0.0
739949,0.0
739950,0.0
739951,0.0
739952,0.0
739953,0.0
739954,0.0
739955,0.0
739956,0.0
739957,0.0
739958,0.36242384
739959,0.0
739960,0.0
739961,0.0
739962,0.0
739963,0.0
739964,0.0
739965,0.0
739966,0.0
739967,0.0
739968,0.0
739969,0.0
739970,0.0
739971,0.0
739972,0.0
739973,0.0
739974,0.0
739975,1.4646126e-32
739976,0.0
739977,0.0
739978,0.0
739979,0.0
739980,0.0
739981,0.0
739982,0.0
739983,0.0
739984,0.0
739985,0.0
739986,0.0
739987,0.0
739988,0.0
739989,0.0
739990,0.0
739991,0.0
739992,0.0
739993,0.0
739994,0.0
739995,0.0
739996,0.0
739997,0.0
739998,0.0
739999,0.0
740000,0.0
740001,0.0
740002,0.0
740003,0.0
740004,0.0
740005,0.0
740006,0.0
740007,0.0
740008,0.0
740009,0.0
740010,0.0
740011,0.0
740012,0.0
740013,0.0
740014,0.0
740015,0.0
740016,0.0
740017,0.0
740018,0.0
740019,0.0
740020,0.0
740021,0.0
740022,0.0
740023,0.0
740024,0.0
740025,0.0
740026,0.0
740027,0.0
740028,0.0
740029,0.0
740030,0.0
740031,0.0
740032,0.0
740033,0.0
740034,0.0
740035,0.0
740036,0.0
740037,0.0
740038,0.0
740039,0.0
740040,0.0
740041,0.0
740042,0.0
740043,0.0
740044,0.0
740045,0.0
740046,0.0
740047,0.0
740048,0.0
740049,0.0
740050,0.0
740051,0.0
740052,0.0
740053,0.0
740054,0.0
740055,0.0
740056,0.0
740057,0.0
740058,0.0
740059,0.0
740060,0.0
740061,0.0
740062,0.0
740063,0.0
740064,0.0
740065,0.0
740066,0.0
740067,0.0
740068,0.0
740069,0.0
740070,0.0
740071,0.0
740072,0.0
740073,0.0
740074,0.0
740075,0.0
740076,0.0
740077,0.09593178
740078,0.0
740079,1.6314287e-30
740080,0.0
740081,0.0
740082,0.0
740083,0.0
740084,0.0
740085,0.0
740086,0.0
740087,0.0
740088,0.0
740089,0.0
740090,0.0
740091,0.0
740092,0.0
740093,0.0
740094,0.0
740095,0.0
740096,1.2411211e-05
740097,0.0
740098,0.0
740099,0.0
740100,0.0
740101,0.0
740102,0.0
740103,0.0
740104,0.0
740105,0.0
740106,0.0
740107,0.0
740108,0.0
740109,0.0
740110,0.0
740111,0.0
740112,0.0
740113,0.0
740114,0.0
740115,0.0
740116,0.0
740117,0.0
740118,0.0
740119,0.0
740120,0.0
740121,0.0
740122,0.0
740123,0.0
740124,0.0
740125,0.0
740126,0.0
740127,0.0
740128,0.0
740129,0.0
740130,0.0
740131,0.0
740132,0.0
740133,0.0
740134,0.0
740135,0.0
740136,0.0
740137,0.0
740138,0.0
740139,0.0
740140,0.0
740141,0.0
740142,0.0
740143,0.0
740144,0.0
740145,0.0
740146,0.0
740147,0.0
740148,0.0
740149,0.0
740150,0.0
740151,0.0
740152,0.0
740153,0.0
740154,0.0
740155,0.0
740156,0.0
740157,0.0
740158,0.0
740159,0.0
740160,0.0
740161,0.0
740162,0.0
740163,0.0
740164,0.0
740165,0.0
740166,0.0
740167,0.0
740168,0.0
740169,0.0
740170,0.0
740171,0.0
740172,0.0
740173,0.0
740174,0.0
740175,0.0
740176,0.10043742
740177,0.0
740178,0.0
740179,0.0
740180,0.0
740181,0.0
740182,0.0
740183,0.0
740184,0.0
740185,0.0
740186,0.0
740187,0.0
740188,0.0
740189,1.8733057e-07
740190,0.0
740191,0.0
740192,0.0
740193,0.0
740194,0.0
740195,0.0
740196,0.0
740197,0.0
740198,0.0
740199,0.0
740200,0.0
740201,0.0
740202,0.0
740203,0.0
740204,0.0
740205,0.0
740206,0.0
740207,0.0
740208,0.0
740209,0.0
740210,0.0
740211,0.0
740212,0.0
740213,0.0
740214,0.0
740215,0.0
740216,0.0
740217,0.0
740218,0.0
740219,0.0
740220,0.0
740221,0.0
740222,0.0
740223,0.0
740224,0.0
740225,0.0
740226,0.0
740227,0.0
740228,0.0
740229,0.0
740230,0.0
740231,0.0
740232,0.0
740233,0.0
740234,0.0
740235,0.0
740236,0.0
740237,0.0
740238,0.0
740239,0.0
740240,0.0
740241,0.0
740242,0.0
740243,0.0
740244,0.0
740245,0.0
740246,0.0
740247,0.0
740248,0.0
740249,0.0
740250,0.0
740251,0.0
740252,0.0
740253,0.0
740254,0.0
740255,0.0
740256,0.0
740257,0.0
740258,0.0
740259,0.0
740260,0.0
740261,0.0
740262,0.0
740263,0.0
740264,0.0
740265,0.0
740266,0.0
740267,0.0
740268,0.0
740269,0.0
740270,0.0
740271,0.0
740272,0.0
740273,0.0
740274,5.9573924e-09
740275,0.0
740276,0.0
740277,0.0
740278,0.0
740279,0.0
740280,0.0
740281,0.0
740282,0.0
740283,0.0
740284,0.0
740285,0.0
740286,0.0
740287,0.0
740288,0.0
740289,0.0
740290,0.0
740291,0.0
740292,0.0
740293,0.0
740294,0.0
740295,0.0
740296,0.0
740297,0.0
740298,0.0
740299,0.0
740300,0.0
740301,0.0
740302,0.0
740303,0.0
740304,0.0
740305,0.0
740306,0.0
740307,0.0
740308,0.0
740309,0.0
740310,0.0
740311,0.0
740312,0.0
740313,0.0
740314,0.0
740315,0.0
740316,0.0
740317,0.0
740318,0.0
740319,0.0
740320,0.0
740321,0.0
740322,0.0
740323,0.0
740324,0.0
740325,0.0
740326,0.0
740327,0.0
740328,0.0
740329,0.0
740330,0.0
740331,0.0
740332,0.0
740333,0.0
740334,0.0
740335,0.0
740336,0.0
740337,0.0
740338,0.0
740339,0.0
740340,0.0
740341,0.0
740342,0.0
740343,0.0
740344,0.0
740345,0.0
740346,0.0
740347,0.0
740348,0.0
740349,0.0
740350,0.0
740351,0.0
740352,0.0
740353,0.0
740354,0.0
740355,0.0
740356,0.0
740357,0.0
740358,0.0
740359,0.0
740360,0.0
740361,0.0
740362,0.0
740363,0.0
740364,0.0
740365,0.0
740366,0.0
740367,0.0
740368,0.0
740369,0.0
740370,0.0
740371,0.0
740372,0.0
740373,0.0
740374,0.0
740375,0.0
740376,0.0
740377,0.0
740378,0.0
740379,0.0
740380,0.0
740381,0.0
740382,0.0
740383,0.0
740384,0.0
740385,0.0
740386,0.0
740387,0.0
740388,0.0
740389,0.0
740390,0.0
740391,0.0
740392,0.0
740393,0.0
740394,0.0
740395,0.0
740396,0.0
740397,0.0
740398,0.0
740399,0.0
740400,0.0
740401,0.0
740402,0.0
740403,0.0
740404,0.0
740405,0.0
740406,0.0
740407,1.0724717e-06
740408,0.0
740409,0.0
740410,0.0
740411,0.0
740412,0.0
740413,0.0
740414,0.0
740415,0.0
740416,0.0
740417,0.0
740418,0.0
740419,0.0
740420,0.0
740421,0.0
740422,0.0
740423,0.0
740424,0.0
740425,0.0
740426,0.0
740427,0.0
740428,0.0
740429,0.0
740430,0.0
740431,0.0
740432,0.0
740433,0.0
740434,0.0
740435,0.0
740436,0.0
740437,0.0
740438,0.0
740439,0.0
740440,0.0
740441,0.0
740442,0.0
740443,0.0
740444,0.0
740445,0.0
740446,0.0
740447,0.0
740448,0.0
740449,0.0
740450,0.0
740451,0.0
740452,0.0
740453,0.0
740454,0.0
740455,0.0
740456,0.0
740457,0.0
740458,0.0
740459,0.0
740460,0.0
740461,0.0
740462,0.0
740463,0.0
740464,0.0
740465,0.0
740466,0.0
740467,0.0
740468,0.0
740469,0.0
740470,0.0
740471,0.0
740472,0.0
740473,0.0
740474,0.0
740475,0.0
740476,0.0
740477,0.0
740478,0.0
740479,0.0
740480,0.0
740481,0.0
740482,0.0
740483,0.0
740484,0.0
740485,0.0
740486,0.0
740487,0.0
740488,0.0
740489,0.0
740490,0.0
740491,0.0
740492,0.0
740493,0.0
740494,0.0
740495,0.0012052922
740496,0.0
740497,0.0
740498,0.0
740499,0.0
740500,0.0
740501,0.0
740502,0.0
740503,0.0
740504,0.0
740505,0.0
740506,0.0
740507,0.0
740508,0.0
740509,0.0
740510,0.0
740511,0.0
740512,0.0
740513,0.0
740514,0.0
740515,0.0
740516,0.0
740517,0.0
740518,0.0
740519,0.0
740520,0.0
740521,0.0
740522,0.0
740523,0.0
740524,0.0
740525,0.0
740526,0.0
740527,0.0
740528,0.0
740529,0.0
740530,0.0
740531,0.0
740532,0.0
740533,0.0
740534,0.0
740535,0.0
740536,0.0
740537,0.0
740538,0.0
740539,0.0
740540,0.0
740541,0.0
740542,0.0
740543,1.0449411e-30
740544,0.0
740545,0.0
740546,0.0
740547,0.0
740548,0.0
740549,0.0
740550,0.0
740551,0.0
740552,0.0
740553,0.0
740554,0.0
740555,0.0
740556,0.0
740557,0.0
740558,0.0
740559,0.0
740560,0.0
740561,0.0
740562,0.0
740563,0.0
740564,0.0
740565,0.0
740566,0.0
740567,0.0
740568,0.0
740569,0.0
740570,0.0
740571,0.0
740572,0.0
740573,0.0
740574,0.0
740575,0.0
740576,0.0
740577,0.0
740578,0.0
740579,0.0
740580,0.0
740581,0.0
740582,0.0
740583,0.0
740584,0.0
740585,0.0
740586,0.0
740587,0.0
740588,0.0
740589,0.0
740590,0.0
740591,0.0
740592,0.0
740593,0.0
740594,0.0
740595,0.0
740596,0.0
740597,0.0
740598,0.0
740599,0.0
740600,0.0
740601,0.0
740602,0.0
740603,0.0
740604,0.0
740605,0.0
740606,0.0
740607,0.0
740608,0.0
740609,0.0
740610,0.0
740611,0.0
740612,0.0
740613,0.0
740614,0.0
740615,0.0
740616,0.0
740617,0.0
740618,0.0
740619,0.0
740620,0.0
740621,0.0
740622,0.0
740623,0.0
740624,0.0
740625,0.0
740626,0.0
740627,0.0
740628,0.0
740629,0.0
740630,0.0
740631,0.0
740632,0.0
740633,0.0
740634,0.0
740635,0.0
740636,0.0
740637,0.0
740638,0.0
740639,0.0
740640,0.0
740641,0.0
740642,0.0
740643,0.0
740644,0.0
740645,0.0
740646,0.0
740647,0.0
740648,0.0
740649,0.0
740650,0.0
740651,0.0
740652,0.0
740653,0.0
740654,0.0
740655,0.0
740656,0.0
740657,0.0
740658,0.0
740659,0.0
740660,0.0
740661,0.0
740662,0.0
740663,0.0
740664,0.0
740665,0.0
740666,0.0
740667,0.0
740668,0.0
740669,0.0
740670,0.0
740671,0.0
740672,0.0
740673,0.0
740674,0.0
740675,0.0
740676,0.0
740677,0.0
740678,0.0
740679,0.0
740680,0.0
740681,0.0
740682,0.0
740683,0.0
740684,0.0
740685,0.0
740686,0.0
740687,0.0
740688,0.0
740689,0.0
740690,0.0
740691,0.0
740692,0.0
740693,0.0
740694,0.0
740695,0.0
740696,0.0
740697,0.0
740698,0.0
740699,0.0
740700,0.0
740701,0.0
740702,0.0
740703,0.0
740704,0.0
740705,0.0
740706,0.0
740707,0.0
740708,0.0
740709,0.0
740710,8.878489e-16
740711,0.0
740712,0.0
740713,0.0
740714,0.0
740715,0.0
740716,0.0
740717,0.0
740718,0.0
740719,0.0
740720,0.0
740721,0.0
740722,0.0
740723,0.0
740724,0.0
740725,0.0
740726,0.0
740727,0.0
740728,0.0
740729,0.0
740730,0.0
740731,0.0
740732,0.0
740733,0.0
740734,0.0
740735,0.0
740736,0.0
740737,0.0
740738,0.0
740739,0.0
740740,0.0
740741,0.0
740742,0.0
740743,0.0
740744,0.0
740745,0.0
740746,0.0
740747,0.0
740748,0.0
740749,0.0
740750,0.0
740751,0.0
740752,0.0
740753,0.0
740754,0.0
740755,0.0
740756,0.0
740757,0.0
740758,0.0
740759,8.4956185e-35
740760,0.0
740761,0.0
740762,0.0
740763,0.0
740764,0.0
740765,0.0
740766,0.0
740767,0.0
740768,0.0
740769,0.0
740770,0.0
740771,0.0
740772,0.0
740773,0.0
740774,0.0
740775,0.0
740776,0.0
740777,0.0
740778,0.0
740779,0.0
740780,0.0
740781,0.0
740782,0.0
740783,0.0
740784,0.0
740785,0.0
740786,0.0
740787,0.0
740788,0.0
740789,0.0
740790,0.0
740791,0.0
740792,0.0
740793,0.0
740794,0.0
740795,0.0
740796,0.0
740797,0.0
740798,0.0
740799,0.0
740800,0.0
740801,0.0
740802,0.0
740803,0.0
740804,0.0
740805,0.0
740806,0.0
740807,0.0
740808,0.0
740809,0.0
740810,0.0
740811,0.0
740812,0.0
740813,0.0
740814,0.0
740815,0.0
740816,0.0
740817,0.0
740818,0.0
740819,0.0
740820,0.0
740821,0.0
740822,0.0
740823,0.0
740824,0.0
740825,0.0
740826,0.0
740827,1.0292828e-37
740828,0.0
740829,0.0
740830,0.0
740831,0.0
740832,0.0
740833,0.0
740834,0.0
740835,0.0
740836,0.0
740837,0.0
740838,0.0
740839,0.0
740840,0.0
740841,0.0
740842,0.0
740843,0.0
740844,0.0
740845,0.0
740846,0.0
740847,0.0
740848,0.0
740849,0.0
740850,0.0
740851,0.0
740852,0.0
740853,0.0
740854,0.0
740855,0.0
740856,0.0
740857,0.0
740858,0.0
740859,0.0
740860,3.6366937e-11
740861,0.0
740862,0.0
740863,0.0
740864,0.0
740865,0.0
740866,0.0
740867,0.0
740868,0.0
740869,0.0
740870,0.0
740871,0.0
740872,0.0
740873,0.0
740874,0.0
740875,0.0
740876,0.0
740877,0.0
740878,0.0
740879,0.0
740880,0.0
740881,0.0
740882,0.0
740883,0.0
740884,0.0
740885,0.0
740886,0.0
740887,0.0
740888,0.0
740889,0.0
740890,0.0
740891,0.0
740892,0.0
740893,0.0
740894,0.0
740895,0.0
740896,0.0
740897,0.0
740898,0.0
740899,0.0
740900,0.0
740901,0.0
740902,0.0
740903,0.0
740904,0.0
740905,0.0
740906,0.0
740907,0.0
740908,0.0
740909,0.0
740910,0.0
740911,0.0
740912,0.0
740913,0.0
740914,0.0
740915,0.0
740916,0.0
740917,0.0
740918,0.0
740919,0.0
740920,0.0
740921,0.0
740922,0.0
740923,0.0
740924,0.0
740925,0.0
740926,0.0
740927,0.0
740928,0.0
740929,0.0
740930,0.0
740931,0.0
740932,0.0
740933,0.0
740934,0.0
740935,0.0
740936,0.0
740937,0.0
740938,0.0
740939,0.0
740940,0.0
740941,0.0
740942,0.0
740943,0.0
740944,0.0
740945,0.0
740946,0.0
740947,0.0
740948,0.0
740949,0.0
740950,0.0
740951,0.0
740952,0.0
740953,0.00032933758
740954,0.0
740955,0.0
740956,0.0
740957,0.0
740958,0.0
740959,0.0
740960,0.0
740961,0.0
740962,0.0
740963,0.0
740964,0.0
740965,0.0
740966,0.0
740967,0.0
740968,0.0
740969,0.0
740970,0.0
740971,0.0
740972,0.0
740973,0.0
740974,0.0
740975,0.0
740976,0.0
740977,0.0
740978,0.0
740979,0.0
740980,0.0
740981,0.0
740982,0.0
740983,0.0
740984,0.0
740985,0.0
740986,0.0
740987,0.0
740988,3.2433343e-29
740989,0.0
740990,0.0
740991,0.0
740992,0.0
740993,0.0
740994,0.0
740995,0.0
740996,0.0
740997,0.0
740998,0.0
740999,0.0
741000,0.0
741001,0.0
741002,0.0
741003,0.0
741004,0.0
741005,0.0
741006,0.0
741007,0.0
741008,0.0
741009,0.0
741010,0.0
741011,0.0
741012,0.0
741013,0.0
741014,0.0
741015,0.0
741016,0.0
741017,0.0
741018,0.0
741019,0.0
741020,0.0
741021,0.0
741022,0.0
741023,0.0
741024,0.0
741025,0.0
741026,0.0
741027,0.0
741028,0.0
741029,0.0
741030,0.0
741031,0.0
741032,0.0
741033,0.0
741034,0.0
741035,0.0
741036,0.0
741037,0.0
741038,0.0
741039,0.0
741040,0.0
741041,0.0
741042,0.0
741043,0.0
741044,0.0
741045,0.0
741046,0.0
741047,0.0
741048,0.0
741049,0.0
741050,0.0
741051,0.0
741052,0.0
741053,0.0
741054,0.0
741055,0.0
741056,0.0
741057,0.0
741058,0.0
741059,0.0
741060,0.0
741061,0.0
741062,0.0
741063,0.0
741064,0.0
741065,0.0
741066,0.0
741067,0.0
741068,0.0
741069,0.0
741070,0.0
741071,0.0
741072,0.0
741073,0.0
741074,0.0
741075,0.0
741076,0.0
741077,0.0
741078,0.0
741079,0.0
741080,6.0820084e-32
741081,0.0
741082,0.0
741083,0.0
741084,0.0
741085,0.0
741086,0.0
741087,0.0
741088,0.0
741089,0.0
741090,0.0
741091,0.0
741092,0.0
741093,0.0
741094,0.0
741095,0.0
741096,0.0
741097,0.0
741098,0.0
741099,0.0
741100,0.0
741101,0.0
741102,0.0
741103,0.0
741104,0.0
741105,0.0
741106,0.0
741107,0.0
741108,0.0
741109,0.0
741110,0.0
741111,0.0
741112,0.0
741113,0.0
741114,0.0
741115,0.0
741116,0.0
741117,0.0
741118,0.0
741119,0.0
741120,0.0
741121,0.0
741122,0.0
741123,0.0
741124,0.0
741125,0.0
741126,0.0
741127,0.0
741128,0.0
741129,0.0
741130,0.0
741131,0.0
741132,0.0
741133,0.0
741134,0.0
741135,0.0
741136,0.0
741137,0.0
741138,0.0
741139,0.0
741140,0.0
741141,0.0
741142,0.0
741143,0.0
741144,0.0
741145,0.0
741146,0.0
741147,0.0
741148,0.0
741149,0.0
741150,0.0
741151,0.0
741152,0.0
741153,0.0
741154,0.0
741155,0.0
741156,0.0
741157,0.0
741158,0.0
741159,0.0
741160,0.0
741161,0.0
741162,0.0
741163,0.0
741164,0.0
741165,0.0
741166,0.0
741167,0.0
741168,0.0
741169,0.0
741170,0.0
741171,0.0
741172,0.0
741173,0.0
741174,0.0
741175,0.0
741176,0.0
741177,0.0
741178,0.0
741179,0.0
741180,0.0
741181,0.0
741182,0.0
741183,0.0
741184,3.0076604e-29
741185,0.0
741186,0.0
741187,0.0
741188,0.0
741189,0.0
741190,0.0
741191,0.0
741192,0.0
741193,0.0
741194,0.0
741195,0.0
741196,0.0
741197,0.0
741198,0.0
741199,0.0
741200,0.0
741201,0.0
741202,0.0
741203,0.0
741204,0.0
741205,0.0
741206,0.0
741207,0.0
741208,0.0
741209,0.0
741210,0.0
741211,0.0
741212,0.0
741213,0.0
741214,0.0
741215,0.0
741216,0.0
741217,0.0
741218,0.0
741219,3.653763e-22
741220,0.0
741221,0.0
741222,0.0
741223,0.0
741224,0.0
741225,0.0
741226,0.0
741227,0.0
741228,0.0
741229,0.0
741230,0.0
741231,0.0
741232,0.0
741233,0.0
741234,0.0
741235,0.0
741236,0.0
741237,0.0
741238,0.0
741239,0.0
741240,0.0
741241,0.0
741242,0.0
741243,1.7298027e-31
741244,0.0
741245,5.6711575e-38
741246,0.0
741247,0.0
741248,0.0
741249,0.0
741250,0.0
741251,0.0
741252,0.0
741253,0.0
741254,0.0
741255,0.0
741256,0.0
741257,0.0
741258,0.0
741259,0.0
741260,0.0
741261,0.0
741262,0.0
741263,0.0
741264,0.0
741265,0.0
741266,0.0
741267,0.0
741268,0.0
741269,0.0
741270,0.0
741271,0.0
741272,0.0
741273,0.0
741274,0.0
741275,0.0
741276,0.0
741277,0.0
741278,0.0
741279,0.0
741280,0.0
741281,0.0
741282,0.0
741283,0.0
741284,0.0
741285,0.0
741286,0.0
741287,0.0
741288,0.0
741289,0.0
741290,0.0
741291,0.0
741292,0.0
741293,0.0
741294,0.0
741295,0.0
741296,0.0
741297,0.0
741298,0.0
741299,0.0
741300,0.0
741301,0.0
741302,0.0
741303,0.0
741304,0.0
741305,0.0
741306,0.0
741307,0.0
741308,0.0
741309,0.0
741310,0.0
741311,0.0
741312,0.0
741313,0.0
741314,0.0
741315,0.0
741316,0.0
741317,0.0
741318,0.0
741319,0.0
741320,0.0
741321,0.0
741322,0.0
741323,0.0
741324,0.0
741325,0.0
741326,0.0
741327,0.0
741328,0.0
741329,0.0
741330,0.0
741331,0.0
741332,0.0
741333,0.0
741334,0.0
741335,0.0
741336,0.0
741337,0.0
741338,0.36242384
741339,0.0
741340,0.0
741341,0.0
741342,0.0
741343,0.0
741344,0.0
741345,0.0
741346,0.0
741347,0.0
741348,0.0
741349,0.0
741350,0.0
741351,0.0
741352,0.0
741353,0.0
741354,0.0
741355,0.0
741356,0.0
741357,0.0
741358,0.0
741359,0.0
741360,0.0
741361,0.0
741362,0.0
741363,0.0
741364,0.0
741365,0.0
741366,0.0
741367,0.0
741368,0.0
741369,0.0
741370,0.0
741371,0.0
741372,0.0
741373,0.0
741374,0.0
741375,0.0
741376,0.0
741377,0.0
741378,0.0
741379,0.0
741380,0.0
741381,0.0
741382,0.0
741383,0.0
741384,0.0
741385,0.0
741386,0.0
741387,0.0
741388,0.0
741389,0.0
741390,0.0
741391,0.0
741392,0.0
741393,0.0
741394,0.0
741395,0.0
741396,0.0
741397,0.0
741398,0.0
741399,0.0
741400,0.0
741401,0.0
741402,0.0
741403,0.0
741404,0.0
741405,0.0
741406,0.0
741407,0.0
741408,0.0
741409,0.0
741410,0.0
741411,0.0
741412,0.0
741413,0.0
741414,0.0
741415,0.0
741416,0.0
741417,0.0
741418,0.0
741419,0.0
741420,0.0
741421,0.0
741422,0.0
741423,0.0
741424,0.0
741425,0.0
741426,0.0
741427,0.0
741428,0.0
741429,0.0
741430,0.0
741431,0.0
741432,0.0
741433,0.0
741434,0.0
741435,0.0
741436,0.0
741437,0.0
741438,0.0
741439,0.0
741440,0.0
741441,0.0
741442,0.0
741443,0.0
741444,0.0
741445,0.0
741446,0.0
741447,0.0
741448,0.0
741449,0.0
741450,0.0
741451,0.0
741452,0.0
741453,0.0
741454,0.0
741455,0.0
741456,0.0
741457,0.0
741458,0.0
741459,0.0
741460,0.0
741461,0.0
741462,0.0
741463,0.0
741464,0.0
741465,0.0
741466,0.0
741467,0.0
741468,0.0
741469,0.0
741470,0.0
741471,0.0
741472,0.0
741473,0.0
741474,0.0
741475,0.0
741476,0.0
741477,0.0
741478,0.0
741479,0.0
741480,0.0
741481,0.0
741482,0.0
741483,8.022993e-19
741484,0.0
741485,0.0
741486,0.0
741487,0.0
741488,0.0
741489,0.0
741490,0.0
741491,0.0
741492,0.0
741493,0.0
741494,0.0
741495,0.0
741496,0.0
741497,0.0
741498,0.0
741499,0.0
741500,0.0
741501,0.0
741502,0.0
741503,0.0
741504,0.0
741505,0.0
741506,0.0
741507,0.0
741508,0.0
741509,0.0
741510,0.0
741511,0.0
741512,0.0
741513,0.0
741514,0.0
741515,0.0
741516,0.0
741517,0.0
741518,0.0
741519,0.0
741520,0.0
741521,0.0
741522,0.0
741523,0.0
741524,0.0
741525,0.0
741526,0.0
741527,0.0
741528,0.0
741529,0.0
741530,0.0
741531,0.0
741532,0.0
741533,0.0
741534,0.0
741535,0.0
741536,0.0
741537,0.0
741538,0.0
741539,0.0
741540,0.0
741541,0.0
741542,0.0
741543,0.0
741544,0.0
741545,0.0
741546,0.0
741547,0.0
741548,0.0
741549,0.0
741550,0.0
741551,0.0
741552,0.0
741553,0.0
741554,0.0
741555,0.0
741556,0.0
741557,0.0
741558,0.0
741559,0.0
741560,0.0
741561,0.0
741562,0.0
741563,0.0
741564,0.0
741565,0.0
741566,0.0
741567,0.0
741568,0.0
741569,0.0
741570,1.869185e-32
741571,0.0
741572,0.0
741573,0.0
741574,0.0
741575,0.0
741576,0.0
741577,0.0
741578,0.0
741579,0.0
741580,0.0
741581,0.0
741582,0.0
741583,0.0
741584,0.0
741585,0.0
741586,0.0
741587,0.0
741588,0.0
741589,0.0
741590,0.0
741591,0.0
741592,0.0
741593,0.0
741594,0.0
741595,0.0
741596,0.0
741597,0.0
741598,0.0
741599,0.0
741600,0.0
741601,0.0
741602,0.0
741603,0.0
741604,0.0
741605,0.0
741606,0.0
741607,0.0
741608,0.0
741609,0.0
741610,0.0
741611,0.0
741612,0.0
741613,0.0
741614,0.0
741615,0.0
741616,0.0
741617,0.0
741618,0.0
741619,0.0
741620,0.0
741621,0.0
741622,0.0
741623,0.0
741624,0.0
741625,0.0
741626,0.0
741627,0.0
741628,0.0
741629,0.0
741630,0.0
741631,0.0
741632,0.0
741633,0.0
741634,0.0
741635,0.0
741636,0.0
741637,0.0
741638,0.0
741639,0.0
741640,0.0
741641,0.0
741642,0.0
741643,0.0
741644,0.0
741645,0.0
741646,0.0
741647,0.0
741648,0.0
741649,0.0
741650,0.0
741651,0.0
741652,0.0
741653,0.0
741654,0.0
741655,0.0
741656,0.0
741657,0.0
741658,0.0
741659,0.0
741660,0.0
741661,0.0
741662,0.0
741663,0.0
741664,0.0
741665,0.0
741666,0.0
741667,0.0
741668,0.0
741669,0.0
741670,0.0
741671,0.0
741672,0.0
741673,0.0
741674,0.0
741675,0.0
741676,0.0
741677,0.0
741678,0.0
741679,0.0
741680,0.0
741681,0.0
741682,0.0
741683,0.0
741684,0.0
741685,0.0
741686,0.0
741687,0.0
741688,0.0
741689,0.0
741690,0.0
741691,0.0
741692,0.0
741693,0.0
741694,0.0
741695,0.0
741696,0.0
741697,0.0
741698,0.0
741699,0.0
741700,0.0
741701,0.0
741702,0.0
741703,0.0
741704,0.0
741705,0.0
741706,0.0
741707,0.0
741708,0.0
741709,0.0
741710,0.0
741711,0.0
741712,0.0
741713,0.0
741714,0.0
741715,0.0
741716,0.0
741717,0.0
741718,0.0
741719,0.0
741720,0.0
741721,3.7456086e-36
741722,0.0
741723,0.0
741724,0.0
741725,0.0
741726,0.0
741727,0.0
741728,0.0
741729,0.0
741730,1.924419e-09
741731,0.0
741732,0.0
741733,0.0
741734,0.0
741735,0.0
741736,0.0
741737,0.0
741738,0.0
741739,0.0
741740,0.0
741741,0.0
741742,0.0
741743,0.0
741744,0.0
741745,0.0
741746,0.0
741747,0.0
741748,0.0
741749,0.0
741750,0.0
741751,0.0
741752,0.0
741753,0.0
741754,0.0
741755,0.0
741756,0.0
741757,0.0
741758,0.0
741759,0.0
741760,0.0
741761,0.0
741762,0.0
741763,0.0
741764,0.0
741765,0.0
741766,0.0
741767,0.0
741768,0.0
741769,1.6524332e-11
741770,0.0
741771,0.0
741772,0.0
741773,0.0
741774,0.0
741775,0.0
741776,0.0
741777,0.0
741778,0.0
741779,0.0
741780,0.0
741781,0.0
741782,0.0
741783,0.0
741784,0.0
741785,0.0
741786,0.0
741787,0.0
741788,0.0
741789,0.0
741790,0.0
741791,0.0
741792,0.0
741793,0.0
741794,0.0
741795,0.0
741796,0.0
741797,0.0
741798,0.0
741799,0.0
741800,0.0
741801,0.0
741802,0.0
741803,0.0
741804,0.0
741805,0.0
741806,0.0
741807,0.0
741808,0.0
741809,0.0
741810,0.0
741811,0.0
741812,0.0
741813,0.0
741814,0.0
741815,0.0
741816,0.0
741817,0.0
741818,0.0
741819,0.0
741820,0.0
741821,0.0
741822,0.0
741823,0.0
741824,0.0
741825,0.0
741826,0.0
741827,0.0
741828,0.0
741829,0.0
741830,0.0
741831,0.0
741832,0.0
741833,0.0
741834,0.0
741835,0.0
741836,0.0
741837,0.0
741838,0.0
741839,0.0
741840,0.0
741841,0.0
741842,0.0
741843,0.0
741844,0.0
741845,0.0
741846,0.0
741847,0.0
741848,0.0
741849,0.0
741850,0.0
741851,0.0
741852,0.0
741853,0.0
741854,0.0
741855,0.0
741856,0.0
741857,0.0
741858,0.0
741859,0.0
741860,0.0
741861,0.0
741862,0.0
741863,0.0
741864,0.0
741865,0.0
741866,0.0
741867,0.0
741868,0.0
741869,0.0
741870,0.0
741871,0.0
741872,0.0
741873,0.0
741874,0.0
741875,0.0
741876,0.0
741877,0.0
741878,0.0
741879,0.0
741880,0.0
741881,0.0
741882,0.0
741883,0.0
741884,0.0
741885,0.0
741886,0.0
741887,0.0
741888,0.0
741889,0.0
741890,0.0
741891,0.0
741892,0.0
741893,0.0
741894,0.0
741895,0.0
741896,0.0
741897,0.0
741898,0.0
741899,0.0
741900,0.0
741901,0.0
741902,0.0
741903,0.0
741904,0.0
741905,0.0
741906,0.0
741907,0.0
741908,0.0
741909,0.0
741910,0.0
741911,0.0
741912,0.0
741913,0.0
741914,0.0
741915,0.0
741916,0.0
741917,0.0
741918,0.0
741919,0.0
741920,0.0
741921,0.0
741922,0.0
741923,0.0
741924,0.0
741925,0.0
741926,0.0
741927,0.0
741928,0.0
741929,0.0
741930,0.0
741931,0.0
741932,0.0
741933,0.0
741934,0.0
741935,0.0
741936,0.0
741937,0.0
741938,0.0
741939,0.0
741940,0.0
741941,0.0
741942,0.0
741943,0.0
741944,0.0
741945,0.0
741946,0.0
741947,0.0
741948,0.0
741949,0.0
741950,0.0
741951,0.0
741952,0.0
741953,0.0
741954,0.0
741955,0.0
741956,0.0
741957,0.0
741958,0.0
741959,0.0
741960,0.0
741961,0.0
741962,0.0
741963,2.1785707e-12
741964,0.0
741965,0.0
741966,0.0
741967,0.0
741968,0.0
741969,0.0
741970,0.0
741971,0.0
741972,0.0
741973,0.0
741974,0.0
741975,0.0
741976,0.0
741977,0.0
741978,0.0
741979,0.0
741980,0.0
741981,0.0
741982,0.0
741983,0.0
741984,0.0
741985,0.0
741986,0.0
741987,0.0
741988,0.0
741989,0.0
741990,0.0
741991,0.0
741992,0.0
741993,0.0
741994,0.0
741995,0.0
741996,0.0
741997,0.0
741998,0.0
741999,0.0
742000,0.0
742001,0.0
742002,0.0
742003,0.0
742004,0.0
742005,0.0
742006,0.0
742007,0.0
742008,0.0
742009,0.0
742010,0.0
742011,0.0
742012,0.0
742013,0.0
742014,0.0
742015,0.0
742016,0.0
742017,0.0
742018,0.0
742019,0.0
742020,0.0
742021,0.0
742022,0.0
742023,0.0
742024,0.0
742025,0.0
742026,0.0
742027,0.0
742028,0.0
742029,0.0
742030,0.0
742031,0.0
742032,0.0
742033,0.0
742034,0.0
742035,0.0
742036,0.0
742037,0.0
742038,0.0
742039,0.0
742040,0.0
742041,0.0
742042,0.0
742043,0.0
742044,0.0
742045,0.0
742046,0.0
742047,0.0
742048,0.0
742049,0.0
742050,0.0
742051,0.0
742052,0.0
742053,0.0
742054,0.0
742055,0.0
742056,0.0
742057,0.0
742058,0.0
742059,0.0
742060,0.0
742061,0.0
742062,0.0
742063,0.0
742064,0.0
742065,0.0
742066,0.0
742067,0.0
742068,0.0
742069,0.0
742070,0.0
742071,0.0
742072,0.0
742073,0.0
742074,0.0
742075,0.0
742076,0.0
742077,0.0
742078,0.0
742079,0.0
742080,0.0
742081,0.0
742082,0.0
742083,0.0
742084,0.0
742085,0.0
742086,0.0
742087,0.0
742088,0.0
742089,0.0
742090,0.0
742091,0.0
742092,0.0
742093,0.0
742094,0.0
742095,0.0
742096,0.0
742097,0.0
742098,0.0
742099,0.0
742100,0.0
742101,0.0
742102,0.0
742103,0.0
742104,0.0
742105,0.0
742106,0.0
742107,0.0
742108,0.0
742109,0.0
742110,0.0
742111,0.0
742112,0.0
742113,0.0
742114,0.0
742115,0.0
742116,0.0
742117,0.0
742118,0.0
742119,0.0
742120,0.0
742121,0.0
742122,0.0
742123,0.0
742124,0.0
742125,0.0
742126,0.0
742127,0.0
742128,0.0
742129,0.0
742130,0.0
742131,0.0
742132,0.0
742133,0.0
742134,0.0
742135,0.0
742136,0.0
742137,0.0
742138,0.0
742139,0.0
742140,0.0
742141,0.0
742142,0.0
742143,0.0
742144,0.0
742145,0.0
742146,0.0
742147,0.0
742148,0.0
742149,0.0
742150,0.0
742151,0.0
742152,0.0
742153,0.0
742154,0.0
742155,0.0
742156,0.0
742157,0.0
742158,0.0
742159,0.0
742160,0.0
742161,0.0
742162,0.0
742163,0.0
742164,0.0
742165,0.0
742166,0.0
742167,0.0
742168,0.0
742169,0.0
742170,0.0
742171,0.0
742172,0.0
742173,0.0
742174,0.0
742175,0.0
742176,0.0
742177,0.0
742178,0.0
742179,0.0
742180,0.0
742181,0.0
742182,0.0
742183,0.0
742184,0.0
742185,0.0
742186,0.0
742187,0.0
742188,0.0
742189,0.0
742190,0.0
742191,0.0
742192,0.0
742193,0.0
742194,0.0
742195,0.0
742196,0.0
742197,0.0
742198,0.0
742199,0.0
742200,0.0
742201,0.0
742202,0.0
742203,0.0
742204,0.0
742205,0.0
742206,0.0
742207,0.0
742208,0.0
742209,0.0
742210,0.0
742211,0.0
742212,0.0
742213,0.0
742214,0.0
742215,0.0
742216,0.0
742217,0.0
742218,0.0
742219,0.0
742220,0.0
742221,0.0
742222,0.0
742223,0.0
742224,0.0
742225,0.0
742226,0.0
742227,0.0
742228,0.0
742229,0.0
742230,0.0
742231,0.0
742232,0.0
742233,0.0
742234,0.0
742235,0.0
742236,0.0
742237,0.0
742238,0.0
742239,0.0
742240,0.0
742241,0.0
742242,0.0
742243,0.0
742244,0.0
742245,0.0
742246,0.0
742247,0.0
742248,0.0
742249,0.0
742250,0.0
742251,0.0
742252,0.0
742253,0.0
742254,0.0
742255,0.0
742256,0.0
742257,0.0
742258,0.0
742259,0.0
742260,0.0
742261,0.0
742262,0.0
742263,0.0
742264,0.0
742265,0.0
742266,0.0
742267,0.0
742268,0.0
742269,0.0
742270,0.0
742271,0.0
742272,0.0
742273,0.0
742274,0.0
742275,0.0
742276,0.0
742277,0.0
742278,0.0
742279,0.0
742280,0.0
742281,0.0
742282,0.0
742283,0.0
742284,0.0
742285,0.0
742286,0.0
742287,0.0
742288,0.0
742289,0.0
742290,0.0
742291,0.0
742292,0.0
742293,0.0
742294,0.0
742295,0.0
742296,0.0
742297,0.0
742298,0.0
742299,0.0
742300,0.0
742301,0.0
742302,0.0
742303,0.0
742304,0.0
742305,0.0
742306,0.0
742307,0.0
742308,0.0
742309,0.0
742310,0.0
742311,0.0
742312,0.0
742313,0.0
742314,0.0
742315,0.0
742316,0.0
742317,0.0
742318,0.0
742319,0.0
742320,0.0
742321,0.0
742322,0.0
742323,0.0
742324,0.0
742325,0.0
742326,0.0
742327,0.0
742328,0.0
742329,0.0
742330,0.0
742331,0.0
742332,0.0
742333,0.0
742334,0.0
742335,0.0
742336,0.0
742337,0.0
742338,0.0
742339,0.0
742340,0.0
742341,0.0
742342,0.0
742343,0.0
742344,0.0
742345,0.0
742346,0.0
742347,0.0
742348,0.0
742349,0.0
742350,0.0
742351,0.0
742352,0.0
742353,0.0
742354,0.0
742355,0.0
742356,0.0
742357,0.0
742358,0.0
742359,0.0
742360,0.0
742361,0.0
742362,0.0
742363,0.0
742364,0.0
742365,0.0
742366,0.0
742367,0.0
742368,0.0
742369,0.0
742370,0.0
742371,0.0
742372,0.0
742373,0.0
742374,0.0
742375,0.0
742376,0.0
742377,0.0
742378,0.0
742379,0.0
742380,0.0
742381,0.0
742382,0.0
742383,0.0
742384,0.0
742385,0.0
742386,0.0
742387,0.0
742388,0.0
742389,0.0
742390,0.0
742391,0.0
742392,0.0
742393,0.0
742394,0.0
742395,0.0
742396,0.0
742397,0.0
742398,0.0
742399,0.0
742400,0.0
742401,0.0
742402,0.0
742403,0.0
742404,0.0
742405,0.0
742406,0.0
742407,0.0
742408,0.0
742409,0.0
742410,0.0
742411,0.0
742412,0.0
742413,0.0
742414,0.0
742415,0.0
742416,0.0
742417,0.0
742418,0.0
742419,0.0
742420,0.0
742421,0.0
742422,0.0
742423,0.0
742424,0.0
742425,0.0
742426,0.0
742427,0.0
742428,4.267872e-36
742429,0.0
742430,0.0
742431,0.0
742432,0.0
742433,0.0
742434,0.0
742435,0.0
742436,0.0
742437,0.0
742438,0.0
742439,0.0
742440,0.0
742441,0.0
742442,0.0
742443,0.0
742444,0.0
742445,0.0
742446,0.0
742447,0.0
742448,0.0
742449,0.0
742450,0.0
742451,0.0
742452,0.0
742453,0.0
742454,0.0
742455,0.0
742456,0.0
742457,0.0
742458,0.0
742459,0.0
742460,0.0
742461,0.0
742462,0.0
742463,0.0
742464,0.0
742465,0.36242384
742466,0.0
742467,0.0
742468,0.0
742469,0.0
742470,0.0
742471,0.0
742472,0.0
742473,0.0
742474,0.0
742475,0.0
742476,0.0
742477,0.0
742478,0.0
742479,0.0
742480,0.0
742481,0.0
742482,0.0
742483,0.0
742484,0.0
742485,0.0
742486,0.0
742487,0.0
742488,0.0
742489,0.0
742490,0.0
742491,0.0
742492,0.0
742493,0.0
742494,0.0
742495,0.0
742496,0.0
742497,0.0
742498,0.0
742499,0.0
742500,0.0
742501,0.0
742502,0.0
742503,0.0
742504,0.0
742505,0.0
742506,0.0
742507,0.0
742508,0.0
742509,0.0
742510,0.0
742511,0.0
742512,0.0
742513,0.0
742514,0.0
742515,0.0
742516,0.0
742517,0.0
742518,0.0
742519,0.0
742520,0.0
742521,0.0
742522,0.0
742523,0.0
742524,0.0
742525,0.0
742526,0.0
742527,5.9845947e-22
742528,0.0
742529,0.0
742530,0.0
742531,0.0
742532,0.0
742533,0.0
742534,0.0
742535,0.0
742536,0.0
742537,0.0
742538,0.0
742539,0.0
742540,0.0
742541,0.0
742542,0.0
742543,0.0
742544,0.0
742545,0.0
742546,0.0
742547,0.0
742548,0.0
742549,0.0
742550,0.0
742551,0.0
742552,1.4343732e-25
742553,0.0
742554,0.0
742555,0.0
742556,0.0
742557,0.0
742558,0.0
742559,0.0
742560,0.0
742561,0.0
742562,0.0
742563,0.0
742564,0.0
742565,0.0
742566,0.0
742567,0.0
742568,0.0
742569,0.0
742570,0.0
742571,0.0
742572,0.0
742573,0.0
742574,0.0
742575,0.0
742576,0.0
742577,0.0
742578,0.0
742579,0.0
742580,0.0
742581,0.0
742582,0.0
742583,0.0
742584,0.0
742585,0.0
742586,8.8119595e-14
742587,0.0
742588,0.0
742589,0.0
742590,0.0
742591,0.0
742592,0.0
742593,0.0
742594,0.0
742595,0.0
742596,0.0
742597,0.0
742598,0.0
742599,0.0
742600,0.0
742601,0.0
742602,0.0
742603,0.0
742604,0.0
742605,0.0
742606,0.0
742607,0.0
742608,0.0
742609,0.0
742610,0.0
742611,0.0
742612,0.0
742613,0.0
742614,0.0
742615,0.0
742616,0.0
742617,0.0
742618,0.0
742619,0.0
742620,0.0
742621,0.0
742622,0.0
742623,0.0
742624,0.0
742625,0.0
742626,0.0
742627,0.0
742628,0.0011684757
742629,0.0
742630,0.0
742631,0.0
742632,0.0
742633,0.0
742634,0.0
742635,0.0
742636,0.0
742637,0.0
742638,0.0
742639,0.0
742640,0.0
742641,0.0
742642,0.0
742643,0.0
742644,0.0
742645,2.106645e-33
742646,0.0
742647,0.0
742648,0.0
742649,0.0
742650,0.0
742651,0.0
742652,0.0
742653,0.0
742654,0.0
742655,0.0
742656,0.0
742657,0.0
742658,0.0
742659,0.0
742660,0.0
742661,0.0
742662,0.0
742663,0.0
742664,0.0
742665,0.0
742666,0.0
742667,0.0
742668,0.0
742669,0.0
742670,0.0
742671,0.0
742672,0.0
742673,0.0
742674,0.0
742675,0.0
742676,0.0
742677,0.0
742678,0.0
742679,0.0
742680,0.0
742681,0.0
742682,0.0
742683,0.0
742684,0.0
742685,0.0
742686,0.0
742687,0.0
742688,0.0
742689,0.0
742690,0.0
742691,0.0
742692,0.0
742693,2.3541471e-37
742694,0.0
742695,0.0
742696,0.0
742697,0.0
742698,0.0
742699,0.0
742700,0.0
742701,0.0
742702,0.0
742703,0.0
742704,0.0
742705,0.0
742706,0.0
742707,0.0
742708,0.0
742709,0.0
742710,0.0
742711,0.0
742712,0.0
742713,0.0
742714,0.0
742715,0.0
742716,0.0
742717,0.0
742718,0.0
742719,0.0
742720,3.248359e-38
742721,0.0
742722,0.0
742723,0.0
742724,0.0
742725,0.0
742726,0.0
742727,0.0
742728,0.0
742729,0.0
742730,0.0
742731,0.0
742732,0.0
742733,0.0
742734,0.0
742735,0.0
742736,0.0
742737,0.0
742738,0.0
742739,0.0
742740,0.0
742741,0.0
742742,0.0
742743,0.0
742744,0.0
742745,0.0
742746,0.0
742747,0.0
742748,0.0
742749,0.0
742750,0.0
742751,0.0
742752,0.0
742753,0.0
742754,0.0
742755,0.0
742756,0.0
742757,0.0
742758,0.0
742759,0.0
742760,0.0
742761,0.0
742762,0.0
742763,0.0
742764,0.0
742765,0.0
742766,0.0
742767,0.0
742768,0.0
742769,0.0
742770,0.0
742771,0.0
742772,0.0
742773,0.0
742774,0.0
742775,0.0
742776,0.0
742777,0.0
742778,0.0
742779,0.0
742780,0.0
742781,0.0
742782,0.0
742783,0.0
742784,0.0
742785,0.0
742786,0.0
742787,0.0
742788,0.0
742789,0.0
742790,0.0
742791,0.0
742792,0.0
742793,0.0
742794,0.0
742795,0.0
742796,0.0
742797,0.0
742798,0.0
742799,0.0
742800,0.0
742801,0.0
742802,0.0
742803,0.0
742804,0.0
742805,0.0
742806,0.0
742807,0.0
742808,0.0
742809,0.0
742810,0.0
742811,0.0
742812,0.0
742813,0.0
742814,1.2326254e-19
742815,0.0
742816,0.0
742817,0.0
742818,0.0
742819,0.0
742820,0.0
742821,0.0
742822,0.0
742823,0.0
742824,0.0
742825,0.0
742826,0.0
742827,0.0
742828,0.0
742829,0.0
742830,0.0
742831,0.0
742832,0.0
742833,0.0
742834,0.0
742835,0.0
742836,0.0
742837,0.0
742838,0.0
742839,0.0
742840,0.0
742841,0.0
742842,0.0
742843,0.0
742844,2.5351152e-18
742845,0.0
742846,0.0
742847,0.0
742848,0.0
742849,0.0
742850,0.0
742851,0.0
742852,0.0
742853,1.7857636e-36
742854,0.0
742855,0.0
742856,0.0
742857,0.0
742858,0.0
742859,0.0
742860,0.0
742861,0.0
742862,0.0
742863,0.0
742864,0.0
742865,0.0
742866,0.0
742867,0.0
742868,0.0
742869,0.0
742870,0.0
742871,0.0
742872,0.0
742873,0.0
742874,0.0
742875,0.0
742876,0.0
742877,0.0
742878,0.0
742879,0.0
742880,0.0
742881,0.0
742882,0.0
742883,0.0
742884,0.0
742885,0.0
742886,0.0
742887,0.0
742888,0.0
742889,0.0
742890,0.0
742891,0.0
742892,0.0
742893,0.0
742894,0.0
742895,0.0
742896,0.0
742897,0.0
742898,0.0
742899,0.0
742900,0.0
742901,0.0
742902,0.0
742903,0.0
742904,0.0
742905,0.0
742906,0.0
742907,0.0
742908,1.7100475e-24
742909,0.0
742910,0.0
742911,0.0
742912,0.0
742913,0.0
742914,0.0
742915,0.0
742916,0.0
742917,0.0
742918,0.0
742919,0.0
742920,0.0
742921,0.0
742922,0.0
742923,0.0
742924,0.0
742925,0.0
742926,0.0
742927,0.0
742928,0.0
742929,0.0
742930,0.0
742931,0.0
742932,0.0
742933,0.0
742934,0.0
742935,0.0
742936,0.0
742937,0.0
742938,0.0
742939,0.0
742940,0.0
742941,0.0
742942,0.0
742943,0.0
742944,0.0
742945,0.0
742946,0.0
742947,0.0
742948,0.0
742949,0.0
742950,0.0
742951,0.0
742952,0.0
742953,0.0
742954,0.0
742955,0.0
742956,0.0
742957,0.0
742958,0.0
742959,0.0
742960,0.0
742961,0.0
742962,0.0
742963,0.0
742964,0.0
742965,0.0
742966,0.0
742967,0.0
742968,0.0
742969,0.0
742970,0.0
742971,0.0
742972,0.0
742973,0.0
742974,0.0
742975,0.0
742976,0.0
742977,0.0
742978,0.0
742979,0.0
742980,0.0
742981,0.0
742982,0.0
742983,0.0
742984,0.0
742985,0.0
742986,0.0
742987,0.0
742988,0.0
742989,0.0
742990,0.0
742991,0.0
742992,0.0
742993,0.0
742994,0.0
742995,0.0
742996,0.0
742997,0.0
742998,0.0
742999,0.0
743000,0.0
743001,0.0
743002,0.0
743003,0.0
743004,0.0
743005,0.0
743006,0.0
743007,0.0
743008,0.0
743009,0.0
743010,0.0
743011,0.0
743012,0.0
743013,0.35628283
743014,0.0
743015,0.0
743016,0.0
743017,0.0
743018,0.0
743019,0.0
743020,0.0
743021,0.0
743022,0.0
743023,0.0
743024,0.0
743025,0.0
743026,0.0
743027,0.0
743028,0.0
743029,0.0
743030,0.0
743031,0.0
743032,0.0
743033,0.0
743034,0.0
743035,0.0
743036,0.0
743037,0.0
743038,0.0
743039,0.0
743040,0.0
743041,0.0
743042,0.0
743043,0.0
743044,0.0
743045,0.0
743046,0.0
743047,0.0
743048,0.0
743049,0.0
743050,0.0
743051,0.0
743052,0.0
743053,0.0
743054,0.0
743055,0.0
743056,0.0
743057,0.0
743058,0.0
743059,0.0
743060,0.0
743061,0.0
743062,0.0
743063,0.0
743064,0.0
743065,0.0
743066,0.0
743067,0.0
743068,0.0
743069,0.0
743070,0.0
743071,0.0
743072,0.0
743073,0.0
743074,0.0
743075,0.0
743076,0.0
743077,0.0
743078,0.0
743079,0.0
743080,0.0
743081,0.0
743082,0.0
743083,0.0
743084,0.0
743085,0.0
743086,0.0
743087,0.0
743088,0.49623513
743089,0.0
743090,0.0
743091,0.0
743092,0.0
743093,0.0
743094,0.0
743095,0.0
743096,0.0
743097,0.0
743098,0.0
743099,0.0
743100,0.0
743101,0.0
743102,0.0
743103,0.0
743104,0.0
743105,0.0
743106,0.0
743107,0.0
743108,0.0
743109,0.0
743110,0.0
743111,0.0
743112,0.0
743113,0.0
743114,0.0
743115,0.0
743116,0.0
743117,0.0
743118,0.0
743119,0.0
743120,0.0
743121,0.0
743122,0.0
743123,0.0
743124,0.0
743125,0.0
743126,0.0
743127,0.0
743128,0.0
743129,0.0
743130,0.0
743131,0.0
743132,0.0
743133,0.0
743134,0.0
743135,0.0
743136,0.0
743137,0.0
743138,0.0
743139,0.0
743140,0.0
743141,0.0
743142,0.0
743143,0.0
743144,0.0
743145,0.0
743146,0.0
743147,0.0
743148,0.0
743149,0.0
743150,0.0
743151,0.0
743152,0.0
743153,0.0
743154,0.0
743155,0.0
743156,0.0
743157,0.0
743158,0.0
743159,0.0
743160,0.0
743161,0.0
743162,0.0
743163,0.0
743164,0.0
743165,0.0
743166,0.0
743167,0.0
743168,0.0
743169,0.0
743170,0.0
743171,0.0
743172,0.0
743173,0.0
743174,0.0
743175,0.0
743176,0.0
743177,0.0
743178,0.0
743179,0.0
743180,0.0
743181,0.0
743182,0.0
743183,0.0
743184,0.0
743185,0.0
743186,0.0
743187,0.0
743188,0.0
743189,0.0
743190,0.0
743191,0.0
743192,0.0
743193,0.0
743194,0.0
743195,0.0
743196,0.0
743197,0.0
743198,0.0
743199,0.0
743200,0.0
743201,0.0
743202,0.0
743203,0.0
743204,0.0
743205,0.0
743206,0.0
743207,0.0
743208,0.0
743209,0.0
743210,0.0
743211,0.0
743212,0.0
743213,0.0
743214,0.0
743215,0.0
743216,0.0
743217,0.0
743218,0.0
743219,0.0
743220,0.0
743221,0.0
743222,0.0
743223,0.0
743224,0.0
743225,0.0
743226,0.0
743227,0.0
743228,0.0
743229,0.0
743230,0.0
743231,0.0
743232,0.0
743233,0.0
743234,0.0
743235,0.0
743236,0.0
743237,0.0
743238,0.0
743239,0.0
743240,0.0
743241,0.0
743242,0.0
743243,0.0
743244,0.0
743245,0.0
743246,0.0
743247,0.0
743248,0.0
743249,0.0
743250,0.0
743251,0.0
743252,0.0
743253,0.0
743254,0.0
743255,0.0
743256,0.0
743257,0.0
743258,0.0
743259,0.0
743260,0.0
743261,0.0
743262,0.0
743263,0.0
743264,0.0
743265,0.0
743266,0.0
743267,0.0
743268,0.0
743269,0.0
743270,0.0
743271,0.0
743272,0.0
743273,0.0
743274,0.0
743275,0.0
743276,0.0
743277,0.0
743278,0.0
743279,0.0
743280,0.0
743281,0.0
743282,0.0
743283,0.0
743284,0.0
743285,0.0
743286,0.0
743287,0.0
743288,0.0
743289,3.1563733e-26
743290,0.0
743291,0.0
743292,0.0
743293,0.0
743294,0.0
743295,0.0
743296,0.0
743297,0.0
743298,0.0
743299,0.0
743300,0.0
743301,0.0
743302,0.0
743303,0.0
743304,0.0
743305,0.0
743306,0.0
743307,0.0
743308,0.0
743309,0.0
743310,0.0
743311,0.0
743312,0.0
743313,0.0
743314,0.0
743315,0.0
743316,0.0
743317,0.0
743318,0.0
743319,0.0
743320,0.0
743321,0.0
743322,0.0
743323,0.0
743324,0.0
743325,0.0
743326,0.0
743327,0.0
743328,3.2726994e-12
743329,0.0
743330,0.0
743331,0.0
743332,0.0
743333,0.0
743334,0.0
743335,0.0
743336,0.0
743337,0.0777451
743338,0.0
743339,0.0
743340,0.0
743341,0.0
743342,0.0
743343,0.0
743344,0.0
743345,0.0
743346,0.0
743347,0.0
743348,0.0
743349,0.0
743350,0.0
743351,0.0
743352,0.0
743353,0.0
743354,0.0
743355,0.0
743356,1.4948378e-26
743357,0.0
743358,0.0
743359,0.0
743360,0.0
743361,0.0
743362,0.0
743363,0.0
743364,0.0
743365,0.0
743366,0.0
743367,0.0
743368,0.0
743369,0.0
743370,0.0
743371,0.0
743372,0.0
743373,0.0
743374,0.0
743375,0.0
743376,0.0
743377,0.0
743378,0.0
743379,0.0
743380,0.0
743381,0.0
743382,0.0
743383,0.0
743384,0.0
743385,0.0
743386,0.0
743387,0.0
743388,0.0
743389,0.0
743390,0.0
743391,0.0
743392,0.0
743393,0.0
743394,0.0
743395,0.0
743396,0.0
743397,0.0
743398,0.0
743399,0.0
743400,0.0
743401,0.0
743402,0.0
743403,0.0
743404,0.0
743405,0.0
743406,0.0
743407,0.0
743408,0.0
743409,0.0
743410,0.0
743411,0.0
743412,0.0
743413,0.0
743414,0.0
743415,0.0
743416,0.0
743417,0.0
743418,0.0
743419,0.0
743420,0.0
743421,0.0
743422,0.0
743423,0.0
743424,0.36242384
743425,0.0
743426,0.0
743427,0.0
743428,0.0
743429,0.0
743430,0.0
743431,0.0
743432,0.0
743433,0.0
743434,0.0
743435,0.0
743436,0.0
743437,0.0
743438,0.0
743439,0.0
743440,0.0
743441,0.0
743442,0.0
743443,0.0
743444,0.0
743445,0.0
743446,0.0
743447,0.0
743448,0.0
743449,0.0
743450,0.0
743451,0.0
743452,0.0
743453,0.0
743454,0.0
743455,0.0
743456,0.0
743457,0.0
743458,0.0
743459,0.0
743460,0.0
743461,0.0
743462,0.0
743463,0.0
743464,0.0
743465,0.0
743466,0.0
743467,0.0
743468,0.0
743469,0.0
743470,0.0
743471,0.0
743472,4.0506137e-07
743473,0.0
743474,0.0
743475,0.0
743476,0.0
743477,0.0
743478,0.0
743479,0.0
743480,0.0
743481,0.0
743482,0.0
743483,9.152054e-29
743484,0.0
743485,0.0
743486,0.0
743487,0.0
743488,0.0
743489,0.0
743490,0.0
743491,0.0
743492,0.0
743493,0.0
743494,0.0
743495,0.0
743496,0.0
743497,0.0
743498,0.0
743499,0.0
743500,0.0
743501,0.0
743502,0.0
743503,0.0
743504,0.0
743505,0.0
743506,0.0
743507,0.0
743508,0.0
743509,0.0
743510,0.0
743511,0.0
743512,0.0
743513,0.0
743514,0.0
743515,0.0
743516,0.0
743517,0.0
743518,0.0
743519,0.0
743520,0.0
743521,0.0
743522,0.0
743523,0.0
743524,0.0
743525,0.0
743526,0.0
743527,0.0
743528,0.0
743529,0.0
743530,0.0
743531,0.0
743532,0.0
743533,0.0
743534,0.0
743535,0.0
743536,0.0
743537,0.0
743538,0.0
743539,0.0
743540,0.0
743541,0.0
743542,0.0
743543,0.0
743544,0.0
743545,0.0
743546,0.0
743547,0.0
743548,1.27645e-31
743549,0.0
743550,0.0
743551,0.0
743552,0.0
743553,0.0
743554,0.0
743555,0.0
743556,0.0
743557,0.0
743558,0.0
743559,0.0
743560,0.0
743561,0.0
743562,0.0
743563,0.0
743564,0.0
743565,0.0
743566,0.0
743567,0.0
743568,0.0
743569,0.0
743570,0.0
743571,0.0
743572,0.0
743573,0.0
743574,0.0
743575,0.0
743576,0.0
743577,0.0
743578,0.0
743579,0.0
743580,0.0
743581,0.0
743582,0.0
743583,0.0
743584,0.0
743585,0.0
743586,0.0
743587,0.0
743588,0.0
743589,0.0
743590,0.0
743591,0.0
743592,0.0
743593,0.0
743594,0.0
743595,0.0
743596,0.0
743597,0.0
743598,0.0
743599,0.0
743600,0.0
743601,0.0
743602,0.0
743603,0.0
743604,0.0
743605,0.0
743606,0.0
743607,0.0
743608,9.437855e-10
743609,0.0
743610,0.0
743611,0.0
743612,0.0
743613,0.0
743614,0.0
743615,0.0
743616,0.0
743617,0.0
743618,0.0
743619,0.0
743620,0.0
743621,0.0
743622,0.0
743623,0.0
743624,0.0
743625,0.0
743626,0.0
743627,0.0
743628,0.0
743629,0.0
743630,0.0
743631,0.0
743632,0.0
743633,0.0
743634,0.0
743635,0.0
743636,0.0
743637,0.0
743638,0.0
743639,0.0
743640,0.0
743641,0.0
743642,0.0
743643,0.0
743644,0.0
743645,0.0
743646,0.0
743647,0.0
743648,0.0
743649,0.0
743650,0.0
743651,0.0
743652,0.0
743653,0.0
743654,0.0
743655,0.0
743656,0.0
743657,0.0
743658,0.0
743659,0.0
743660,0.0
743661,0.0
743662,0.0
743663,0.0
743664,0.0
743665,0.0
743666,6.0661672e-37
743667,0.0
743668,0.0
743669,0.0
743670,0.0
743671,0.0
743672,0.0
743673,0.0
743674,0.0
743675,0.0
743676,0.0
743677,0.0
743678,0.0
743679,0.0
743680,0.0
743681,0.0
743682,0.0
743683,0.0
743684,0.0
743685,0.0
743686,0.0
743687,0.0
743688,0.0
743689,0.0
743690,0.0
743691,0.0
743692,0.0
743693,0.0
743694,0.0
743695,0.0
743696,0.0
743697,0.0
743698,0.0
743699,0.0
743700,0.0
743701,0.0
743702,0.0
743703,0.0
743704,0.0
743705,0.0
743706,0.0
743707,0.0
743708,0.0
743709,0.0
743710,0.0
743711,0.0
743712,0.0
743713,0.0
743714,0.0
743715,0.0
743716,0.0
743717,0.0
743718,0.0
743719,0.0
743720,0.0
743721,0.0
743722,0.0
743723,0.0
743724,0.0
743725,0.0
743726,6.9459834e-23
743727,0.0
743728,0.0
743729,0.0
743730,0.0
743731,0.0
743732,0.0
743733,0.0
743734,0.0
743735,0.0
743736,0.0
743737,0.0
743738,0.0
743739,0.0
743740,0.0
743741,0.0
743742,0.0
743743,0.0
743744,0.0
743745,0.0
743746,1.4787955e-37
743747,0.0
743748,0.0
743749,0.0
743750,0.0
743751,0.0
743752,0.0
743753,0.0
743754,0.0
743755,0.0
743756,0.0
743757,0.0
743758,0.0
743759,0.0
743760,0.0
743761,0.0
743762,0.0
743763,0.0
743764,0.0
743765,0.0
743766,0.0
743767,0.0
743768,0.0
743769,0.0
743770,0.0
743771,0.0
743772,0.0
743773,0.0
743774,0.0
743775,0.0
743776,4.575536e-25
743777,0.0
743778,0.0
743779,0.0
743780,0.0
743781,0.0
743782,0.0
743783,0.0
743784,0.0
743785,0.0
743786,0.0
743787,0.0
743788,0.0
743789,0.0
743790,0.0
743791,0.0
743792,0.0
743793,0.0
743794,0.0
743795,0.0
743796,0.0
743797,0.0
743798,0.0
743799,0.0
743800,0.0
743801,0.0
743802,0.0
743803,0.0
743804,0.0
743805,4.3646264e-32
743806,0.0
743807,0.0
743808,0.0
743809,0.0
743810,0.0
743811,0.0
743812,0.0
743813,0.0
743814,0.0
743815,0.0
743816,0.0
743817,0.0
743818,0.0
743819,0.0
743820,0.0
743821,0.0
743822,0.0
743823,0.0
743824,0.0
743825,0.0
743826,0.0
743827,0.0
743828,0.0
743829,0.0
743830,0.0
743831,0.0
743832,0.0
743833,0.0
743834,0.0
743835,0.0
743836,0.0001243102
743837,0.0
743838,0.0
743839,0.0
743840,0.0
743841,0.0
743842,3.6257944e-07
743843,0.0
743844,0.0
743845,0.0
743846,0.0
743847,0.0
743848,0.0
743849,0.0
743850,0.0
743851,0.0
743852,0.0
743853,0.0
743854,0.0
743855,0.0
743856,0.0
743857,0.0
743858,0.0
743859,0.0
743860,0.0
743861,0.0
743862,0.0
743863,0.0
743864,0.0
743865,0.0
743866,0.0
743867,0.0
743868,0.0
743869,0.0
743870,0.36242384
743871,0.0
743872,0.0
743873,0.0
743874,0.0
743875,0.0
743876,0.0
743877,0.0
743878,0.0
743879,0.0
743880,0.0
743881,0.0
743882,0.0
743883,0.0
743884,0.0
743885,2.8649122e-08
743886,0.0
743887,0.0
743888,0.0
743889,0.0
743890,0.0
743891,0.0
743892,0.0
743893,0.0
743894,0.0
743895,0.0
743896,0.0
743897,0.0
743898,0.0
743899,0.0
743900,0.0
743901,0.0
743902,0.0
743903,0.0
743904,0.0
743905,0.0
743906,0.0
743907,0.0
743908,0.0
743909,0.0
743910,0.0
743911,0.0
743912,0.0
743913,0.0
743914,0.0
743915,0.0
743916,0.0
743917,0.0
743918,0.0
743919,0.0
743920,0.0
743921,0.0
743922,0.0
743923,0.0
743924,0.0
743925,0.0
743926,0.0
743927,0.0
743928,0.0
743929,0.0
743930,0.0
743931,0.0
743932,0.0
743933,0.0
743934,0.0
743935,0.0
743936,0.0
743937,0.0
743938,0.0
743939,0.0
743940,0.0
743941,0.0
743942,0.0
743943,0.0
743944,0.0
743945,0.0
743946,0.0
743947,0.0
743948,0.0
743949,0.0
743950,0.0
743951,0.0
743952,0.0
743953,0.0
743954,0.0
743955,0.0
743956,0.0
743957,0.0
743958,0.0
743959,0.0
743960,0.0
743961,0.0
743962,0.0
743963,0.0
743964,0.0
743965,0.0
743966,0.0
743967,0.0
743968,0.0
743969,0.0
743970,0.0
743971,0.0
743972,0.0
743973,4.5506875e-29
743974,0.0
743975,0.0
743976,0.0
743977,0.0
743978,0.0
743979,0.0
743980,0.0
743981,0.0
743982,0.0
743983,0.0
743984,0.0
743985,0.0
743986,0.0
743987,0.0
743988,0.0
743989,0.0
743990,0.0
743991,0.0
743992,0.0
743993,0.0
743994,0.0
743995,0.0
743996,0.0
743997,0.0
743998,0.0
743999,0.0
744000,0.0
744001,0.0
744002,2.593393e-33
744003,0.0
744004,0.0
744005,0.0
744006,0.0
744007,0.0
744008,0.0
744009,0.0
744010,0.0
744011,0.0
744012,0.0
744013,0.0
744014,0.0
744015,0.0
744016,0.0
744017,0.0
744018,0.0
744019,0.0
744020,0.0
744021,0.0
744022,0.0
744023,0.0
744024,0.0
744025,0.0
744026,0.0
744027,0.0
744028,0.0
744029,0.0
744030,0.0
744031,0.0
744032,0.0
744033,0.0
744034,0.0
744035,0.0
744036,0.0
744037,0.0
744038,0.0
744039,0.0
744040,0.0
744041,0.0
744042,0.0
744043,2.974276e-29
744044,0.0
744045,0.0
744046,0.0
744047,0.0
744048,0.0
744049,0.0
744050,0.0
744051,0.0
744052,0.0
744053,0.0
744054,0.0
744055,0.0
744056,0.0
744057,0.0
744058,0.0
744059,0.0
744060,0.0
744061,0.0
744062,0.0
744063,0.0
744064,0.0
744065,0.0
744066,0.0
744067,0.0
744068,0.0
744069,0.0
744070,0.0
744071,0.0
744072,0.0
744073,0.0
744074,0.0
744075,0.0
744076,0.0
744077,0.0
744078,0.0
744079,0.0
744080,0.0
744081,0.0
744082,0.0
744083,0.0
744084,0.0
744085,0.0
744086,0.0
744087,0.0
744088,0.0
744089,0.0
744090,0.0
744091,0.0
744092,0.0
744093,0.0
744094,0.0
744095,0.0
744096,0.0
744097,0.0
744098,0.0
744099,0.0
744100,0.0
744101,0.0
744102,0.0
744103,0.0
744104,0.0
744105,0.0
744106,0.0
744107,0.0
744108,0.0
744109,0.0
744110,0.0
744111,0.0
744112,0.0
744113,3.961764e-31
744114,0.0
744115,0.0
744116,0.0
744117,0.0
744118,0.0
744119,0.0
744120,0.0
744121,0.0
744122,0.0
744123,0.0
744124,0.0
744125,0.0
744126,0.0
744127,0.0
744128,0.0
744129,0.0
744130,0.0
744131,0.0
744132,0.0
744133,0.0
744134,0.0
744135,0.0
744136,0.0
744137,0.0
744138,0.0
744139,0.0
744140,0.0
744141,0.0
744142,0.0
744143,0.0
744144,0.0
744145,0.0
744146,0.0
744147,0.0
744148,0.0
744149,0.0
744150,0.0
744151,0.0
744152,0.0
744153,0.0
744154,0.0
744155,0.0
744156,0.0
744157,0.0
744158,0.0
744159,0.0
744160,0.0
744161,0.0
744162,0.0
744163,0.0
744164,0.0
744165,0.0
744166,0.0
744167,0.0
744168,0.0
744169,0.0
744170,0.0
744171,0.0
744172,0.0
744173,0.0
744174,0.0
744175,0.0
744176,0.0
744177,0.0
744178,0.0
744179,0.0
744180,0.0
744181,0.0
744182,0.0
744183,0.0
744184,0.0
744185,0.0
744186,0.0
744187,0.0
744188,0.0
744189,0.0
744190,0.0
744191,0.0
744192,0.0
744193,0.0
744194,0.0
744195,0.0
744196,0.0
744197,0.0
744198,0.0
744199,0.0
744200,0.0
744201,0.0
744202,0.0
744203,0.0
744204,0.0
744205,0.0
744206,0.0
744207,0.0
744208,0.0
744209,0.0
744210,0.0
744211,0.0
744212,0.0
744213,0.0
744214,0.0
744215,0.0
744216,0.0
744217,0.0
744218,0.0
744219,0.006542708
744220,0.0
744221,0.0
744222,0.0
744223,0.0
744224,0.0
744225,0.0
744226,0.0
744227,0.0
744228,0.0
744229,0.0
744230,0.0
744231,0.0
744232,0.0
744233,0.0
744234,0.0
744235,0.0
744236,0.0
744237,0.0
744238,0.0
744239,0.0
744240,0.0
744241,0.0
744242,0.0
744243,0.0
744244,6.361919e-38
744245,0.0
744246,0.0
744247,0.0
744248,0.0
744249,0.0
744250,0.0
744251,0.0
744252,0.0
744253,0.0
744254,0.0
744255,0.0
744256,0.0
744257,0.0
744258,0.0
744259,0.0
744260,0.0
744261,0.0
744262,0.0
744263,0.0
744264,0.0
744265,0.0
744266,0.0
744267,0.0
744268,0.0
744269,0.0
744270,0.0
744271,0.0
744272,0.0
744273,0.0
744274,0.0
744275,0.0
744276,0.0
744277,0.0
744278,0.0
744279,0.0
744280,0.0
744281,0.0
744282,0.0
744283,0.0
744284,0.0
744285,0.0
744286,0.0
744287,0.0
744288,0.0
744289,0.0
744290,0.0
744291,0.0
744292,0.0
744293,0.0
744294,0.0
744295,0.0
744296,0.0
744297,0.0
744298,0.0
744299,0.0
744300,0.0
744301,0.0
744302,0.0
744303,0.0
744304,0.0
744305,0.0
744306,0.0
744307,0.0
744308,0.0
744309,0.0
744310,0.0
744311,0.0
744312,0.0
744313,0.0
744314,0.0
744315,0.0
744316,0.0
744317,0.0
744318,0.0
744319,0.0
744320,5.327516e-13
744321,0.0
744322,0.0
744323,0.0
744324,0.0
744325,0.0
744326,0.0
744327,0.0
744328,0.0
744329,0.0
744330,0.0
744331,0.0
744332,0.0
744333,0.0
744334,0.0
744335,0.0
744336,0.0
744337,0.0
744338,0.0
744339,0.0
744340,0.0
744341,0.0
744342,0.0
744343,0.0
744344,0.0
744345,0.0
744346,0.0
744347,0.0
744348,0.0
744349,0.0
744350,0.0
744351,0.0
744352,0.0
744353,0.0
744354,0.0
744355,0.0
744356,0.0
744357,0.0
744358,0.0
744359,0.0
744360,0.0
744361,0.0
744362,0.0
744363,0.0
744364,0.0
744365,0.0
744366,0.0
744367,0.0
744368,0.0
744369,0.0
744370,0.0
744371,0.0
744372,0.0
744373,0.0
744374,0.0
744375,0.0
744376,0.0
744377,0.0
744378,0.0
744379,0.0
744380,0.0
744381,0.0
744382,0.0
744383,0.0
744384,0.0
744385,0.0
744386,0.0
744387,0.0
744388,0.0
744389,0.0
744390,0.0
744391,0.0
744392,0.0
744393,0.0
744394,0.0
744395,0.0
744396,0.0
744397,0.0
744398,0.0
744399,0.0
744400,0.0
744401,0.0
744402,0.0
744403,0.0
744404,0.0
744405,0.0
744406,0.0
744407,0.0
744408,0.0
744409,0.0
744410,0.0
744411,0.0
744412,0.0
744413,0.0
744414,0.0
744415,0.0
744416,0.0
744417,0.0
744418,0.0
744419,0.0
744420,0.0
744421,0.0
744422,0.0
744423,0.0
744424,0.0
744425,0.0
744426,0.0
744427,0.0
744428,0.0
744429,0.0
744430,0.0
744431,0.0
744432,0.0
744433,0.0
744434,0.0
744435,0.0
744436,0.0
744437,0.0
744438,0.0
744439,0.0
744440,0.0
744441,0.0
744442,0.0
744443,0.0
744444,0.0
744445,0.0
744446,0.0
744447,0.0
744448,0.0
744449,0.0
744450,0.0
744451,0.0
744452,0.0
744453,0.0
744454,0.0
744455,0.0
744456,0.0
744457,0.0
744458,0.0
744459,0.0
744460,0.0
744461,0.0
744462,0.0
744463,0.0
744464,0.0
744465,0.0
744466,0.0
744467,0.0
744468,0.0
744469,0.0
744470,0.0
744471,0.0
744472,0.0
744473,0.0
744474,0.0
744475,0.0
744476,0.0
744477,0.0
744478,5.454293e-16
744479,0.0
744480,0.0
744481,0.0
744482,0.0
744483,0.0
744484,0.0
744485,0.0
744486,0.0
744487,0.0
744488,0.0
744489,0.0
744490,0.0
744491,0.0
744492,0.0
744493,0.0
744494,0.0
744495,0.0
744496,0.0
744497,0.0
744498,0.0
744499,0.0
744500,0.0
744501,0.0
744502,0.0
744503,0.0
744504,0.0
744505,0.0
744506,0.0
744507,0.0
744508,0.0
744509,0.0
744510,0.0
744511,0.0
744512,0.0
744513,0.0
744514,0.0
744515,0.0
744516,0.0
744517,0.0
744518,7.337685e-07
744519,0.0
744520,0.0
744521,0.0
744522,0.0
744523,0.0
744524,0.0
744525,0.0
744526,0.0
744527,0.0
744528,0.0
744529,0.0
744530,0.0
744531,0.0
744532,0.0
744533,0.0
744534,0.0
744535,0.0
744536,0.0
744537,0.0
744538,0.0
744539,0.0
744540,0.0
744541,0.0
744542,0.0
744543,0.0
744544,0.0
744545,0.0
744546,0.0
744547,0.0
744548,0.0
744549,0.0
744550,0.0
744551,0.0
744552,0.0
744553,0.0
744554,0.0
744555,0.0
744556,0.0
744557,0.0
744558,0.0
744559,0.0
744560,0.0
744561,0.0
744562,0.0
744563,0.0
744564,0.0
744565,0.0
744566,0.0
744567,0.0
744568,0.0
744569,0.0
744570,2.9541179e-27
744571,0.0
744572,0.0
744573,0.0
744574,0.0
744575,0.0
744576,0.0
744577,0.0
744578,0.0
744579,0.0
744580,0.0
744581,0.0
744582,0.0
744583,0.0
744584,0.0
744585,0.0
744586,0.0
744587,0.0
744588,0.0
744589,0.0
744590,0.0
744591,0.0
744592,0.0
744593,0.0
744594,0.0
744595,0.0
744596,0.0
744597,0.0
744598,0.0
744599,0.0
744600,0.0
744601,0.0
744602,0.0
744603,0.0
744604,0.0
744605,0.0
744606,0.0
744607,0.0
744608,0.0
744609,0.0
744610,0.0
744611,0.0
744612,0.0
744613,0.0
744614,0.0
744615,0.0
744616,0.0
744617,0.0
744618,0.0
744619,0.0
744620,0.0
744621,0.0
744622,0.0
744623,0.0
744624,0.0
744625,0.0
744626,0.0
744627,0.0
744628,0.0
744629,0.0
744630,0.0
744631,0.0
744632,0.0
744633,0.0
744634,0.0
744635,0.0
744636,0.0
744637,0.0
744638,0.0
744639,0.0
744640,0.0
744641,0.0
744642,0.0
744643,0.0
744644,0.0
744645,0.0
744646,0.0
744647,0.0
744648,0.0
744649,0.0
744650,0.0
744651,0.0
744652,0.0
744653,0.0
744654,0.0
744655,0.0
744656,0.0
744657,0.0
744658,0.0
744659,0.0
744660,0.0
744661,0.0
744662,0.0
744663,0.0
744664,0.0
744665,0.0
744666,0.0
744667,0.0
744668,0.0
744669,0.0
744670,0.0
744671,0.0
744672,0.0
744673,0.0
744674,0.0
744675,0.0
744676,0.0
744677,0.0
744678,0.0
744679,1.8930825e-30
744680,0.0
744681,0.0
744682,0.0
744683,0.0
744684,0.0
744685,0.0
744686,0.0
744687,0.0
744688,0.0
744689,0.0
744690,0.0
744691,0.0
744692,0.0
744693,0.0
744694,0.0
744695,0.0
744696,0.0
744697,0.0
744698,0.0
744699,0.0
744700,0.0
744701,0.0
744702,0.0
744703,1.2139406e-20
744704,0.0
744705,0.0
744706,0.0
744707,0.0
744708,0.0
744709,0.0
744710,0.0
744711,0.0
744712,0.0
744713,0.0
744714,0.0
744715,0.0
744716,0.0
744717,0.0
744718,2.5087324e-10
744719,0.0
744720,0.0
744721,0.0
744722,0.0
744723,0.0
744724,0.0
744725,0.0
744726,0.0
744727,0.0
744728,0.0
744729,6.057949e-25
744730,0.0
744731,0.0
744732,0.0
744733,0.0
744734,0.0
744735,0.0
744736,0.0
744737,0.0
744738,0.0
744739,0.0
744740,0.0
744741,0.0
744742,0.0
744743,0.0
744744,0.0
744745,0.0
744746,0.0
744747,0.0
744748,0.0
744749,0.0
744750,0.0
744751,0.0
744752,0.0
744753,0.0
744754,0.0
744755,0.0
744756,0.0
744757,0.0
744758,0.0
744759,0.0
744760,0.0
744761,0.0
744762,0.0
744763,0.0
744764,0.0
744765,0.0
744766,0.0
744767,0.0
744768,0.0
744769,0.0
744770,0.0
744771,0.0
744772,0.0
744773,0.0
744774,0.0
744775,0.0
744776,0.0
744777,0.0
744778,0.0
744779,0.0
744780,0.0
744781,0.0
744782,0.0
744783,0.0
744784,0.0
744785,0.0
744786,0.0
744787,0.0
744788,0.0
744789,0.0
744790,0.0
744791,0.0
744792,0.0
744793,0.0
744794,0.0
744795,0.0
744796,0.0
744797,0.0
744798,0.0
744799,0.0
744800,0.0
744801,0.0
744802,0.0
744803,0.0
744804,0.0
744805,0.0
744806,0.0
744807,0.0
744808,0.0
744809,0.0
744810,0.0
744811,0.0
744812,0.0
744813,0.0
744814,0.0
744815,0.0
744816,0.0
744817,0.0
744818,0.0
744819,0.0
744820,0.0
744821,0.0
744822,0.0
744823,0.0
744824,0.0
744825,0.0
744826,0.0
744827,0.0
744828,0.0
744829,0.0
744830,0.0
744831,0.0
744832,0.0
744833,0.0
744834,0.0
744835,0.0
744836,0.0
744837,0.0
744838,0.0
744839,0.0
744840,0.0
744841,0.0
744842,0.0
744843,0.0
744844,0.0
744845,0.0
744846,0.0
744847,0.0
744848,0.0
744849,0.0
744850,0.0
744851,0.0
744852,0.0
744853,0.0
744854,0.0
744855,0.0
744856,0.0
744857,0.0
744858,0.0
744859,0.0
744860,0.0
744861,0.0
744862,0.0
744863,0.0
744864,0.0
744865,0.0
744866,0.0
744867,0.0
744868,0.0
744869,0.0
744870,0.0
744871,0.0
744872,0.0
744873,0.0
744874,0.0
744875,0.0
744876,0.0
744877,0.0
744878,0.0
744879,0.0
744880,0.0
744881,0.0
744882,0.0
744883,0.0
744884,0.0
744885,0.0
744886,0.090794414
744887,0.0
744888,0.0
744889,0.0
744890,0.0
744891,0.0
744892,0.0
744893,0.0
744894,0.0
744895,0.0
744896,0.0
744897,0.0
744898,0.0
744899,0.0
744900,0.0
744901,0.0
744902,0.0
744903,0.0
744904,0.0
744905,0.0
744906,0.0
744907,0.0
744908,0.0
744909,0.0
744910,0.0
744911,0.0
744912,0.0
744913,0.0
744914,0.0
744915,0.0
744916,0.0
744917,0.0
744918,0.0
744919,0.0
744920,0.0
744921,0.0
744922,0.0
744923,0.0
744924,6.13186e-25
744925,0.0
744926,0.0
744927,0.0
744928,0.0
744929,0.0
744930,0.0
744931,0.0
744932,0.0
744933,0.0
744934,0.0
744935,0.0
744936,0.0
744937,0.0
744938,0.0
744939,0.0
744940,0.0
744941,0.0
744942,0.0
744943,0.0
744944,0.0
744945,0.0
744946,0.0
744947,0.0
744948,0.0
744949,0.0
744950,0.0
744951,0.0
744952,0.0
744953,0.0
744954,0.0
744955,0.0
744956,0.0
744957,0.0
744958,0.0
744959,0.0
744960,0.0
744961,0.0
744962,0.0
744963,0.0
744964,0.0
744965,0.0
744966,0.0
744967,0.0
744968,0.0
744969,0.0
744970,0.0
744971,0.0
744972,0.0
744973,0.0
744974,0.0
744975,0.0
744976,0.0
744977,0.0
744978,0.0
744979,0.0
744980,0.0
744981,0.0
744982,0.0
744983,0.0
744984,0.0
744985,0.0
744986,0.0
744987,0.0
744988,0.0
744989,0.0
744990,0.0
744991,0.0
744992,0.0
744993,0.0
744994,0.0
744995,0.0
744996,0.0
744997,0.0
744998,0.0
744999,0.0
745000,0.0
745001,0.0
745002,0.0
745003,0.0
745004,0.0
745005,0.0
745006,0.0
745007,0.0
745008,0.0
745009,0.0
745010,0.0
745011,0.0
745012,0.0
745013,0.0
745014,0.0
745015,0.0
745016,0.0
745017,0.0
745018,0.0
745019,0.0
745020,0.0
745021,0.0
745022,0.0
745023,0.0
745024,0.0
745025,0.0
745026,0.0
745027,0.0
745028,0.0
745029,0.0
745030,0.0
745031,0.0
745032,0.0
745033,0.0
745034,0.0
745035,0.0
745036,0.0
745037,0.0
745038,0.0
745039,0.0
745040,0.0
745041,0.0
745042,0.0
745043,0.0
745044,0.0
745045,0.0
745046,0.0
745047,0.0
745048,0.0
745049,0.0
745050,0.0
745051,0.0
745052,0.0
745053,0.0
745054,0.0
745055,0.0
745056,0.0
745057,0.0
745058,0.0
745059,0.0
745060,0.0
745061,0.0
745062,0.0
745063,0.0
745064,0.0
745065,0.0
745066,0.0
745067,0.0
745068,0.0
745069,0.0
745070,0.0
745071,0.0
745072,0.0
745073,0.0
745074,0.0
745075,7.299326e-29
745076,0.0
745077,0.0
745078,0.0
745079,0.0
745080,0.0
745081,0.0
745082,0.0
745083,0.0
745084,0.0
745085,0.0
745086,0.0
745087,0.0
745088,0.0
745089,0.0
745090,0.0
745091,0.0
745092,0.0
745093,0.0
745094,0.0
745095,0.0
745096,0.0
745097,0.0
745098,0.0
745099,0.0
745100,0.0
745101,0.0
745102,0.0
745103,0.0
745104,0.0
745105,0.0
745106,0.0
745107,0.0
745108,0.0
745109,0.0
745110,0.0
745111,0.0
745112,0.0
745113,0.0
745114,0.0
745115,0.0
745116,0.0
745117,0.0
745118,0.0
745119,0.0
745120,0.0
745121,0.0
745122,0.0
745123,0.0
745124,0.0
745125,0.0
745126,0.0
745127,0.0
745128,0.0
745129,0.0
745130,0.0
745131,0.0
745132,0.0
745133,0.0
745134,0.0
745135,0.0
745136,0.0
745137,0.0
745138,0.0
745139,0.0
745140,0.0
745141,0.0
745142,0.0
745143,0.0
745144,0.0
745145,0.0
745146,0.0
745147,0.0
745148,0.0
745149,0.0
745150,0.0
745151,0.0
745152,0.0
745153,0.0
745154,0.0
745155,0.0
745156,0.0
745157,0.0
745158,0.0
745159,0.0
745160,0.0
745161,0.0
745162,0.0
745163,0.0
745164,0.0
745165,0.0
745166,0.0
745167,0.0
745168,0.0
745169,0.0
745170,0.0
745171,0.0
745172,0.0
745173,0.0
745174,0.0
745175,0.0
745176,0.0
745177,0.0
745178,0.0
745179,0.0
745180,0.0
745181,0.0
745182,0.0
745183,0.0
745184,0.0
745185,0.0
745186,0.0
745187,0.0
745188,0.0
745189,0.0
745190,0.0
745191,0.0
745192,0.0
745193,0.0
745194,0.0
745195,0.0
745196,0.0
745197,0.0
745198,0.0
745199,0.0
745200,0.0
745201,0.0
745202,0.0
745203,0.0
745204,0.0
745205,0.0
745206,0.0
745207,0.0
745208,0.0
745209,0.0
745210,0.0
745211,0.0
745212,0.0
745213,0.0
745214,0.0
745215,0.0
745216,0.0
745217,0.0
745218,0.0
745219,0.0
745220,0.0
745221,0.0
745222,0.0
745223,0.0
745224,0.0
745225,0.0
745226,0.0
745227,0.0
745228,0.0
745229,0.0
745230,0.0
745231,0.0
745232,0.0
745233,0.0
745234,0.0
745235,0.0
745236,0.0
745237,0.0
745238,0.0
745239,0.0
745240,0.0
745241,0.0
745242,0.0
745243,0.0
745244,0.0
745245,0.0
745246,0.0
745247,0.0
745248,0.0
745249,0.0
745250,0.0
745251,0.0
745252,0.0
745253,0.0
745254,0.0
745255,0.0
745256,0.0
745257,0.0
745258,0.0
745259,0.0
745260,0.0
745261,0.0
745262,0.0
745263,0.0
745264,0.0
745265,0.0
745266,0.0
745267,0.0
745268,0.0
745269,0.0
745270,0.0
745271,0.0
745272,0.0
745273,0.0
745274,0.0
745275,0.0
745276,0.0
745277,0.0
745278,0.0
745279,0.0
745280,0.0
745281,0.0
745282,0.0
745283,0.0
745284,0.0
745285,0.0
745286,0.0
745287,0.0
745288,0.0
745289,0.0
745290,0.0
745291,0.0
745292,0.0
745293,0.0
745294,0.0
745295,0.0
745296,0.0
745297,0.0
745298,0.0
745299,0.0
745300,0.0
745301,0.0
745302,0.0
745303,0.0
745304,0.0
745305,0.0
745306,0.0
745307,0.0
745308,0.0
745309,0.0
745310,0.0
745311,0.0
745312,0.0
745313,0.0
745314,0.0
745315,0.0
745316,0.0
745317,0.0
745318,0.0
745319,0.0
745320,0.0
745321,0.0
745322,0.0
745323,0.0
745324,0.0
745325,0.0
745326,0.0
745327,0.0
745328,0.0
745329,0.0
745330,0.0
745331,0.0
745332,0.0
745333,0.0
745334,0.0
745335,0.0
745336,0.0
745337,0.0
745338,0.0
745339,0.0
745340,0.0
745341,0.0
745342,0.0
745343,0.0
745344,0.0
745345,0.0
745346,0.0
745347,0.0
745348,0.0
745349,0.0
745350,0.0
745351,0.0
745352,0.0
745353,0.0
745354,0.0
745355,0.0
745356,0.0
745357,0.0
745358,0.0
745359,0.0
745360,0.0
745361,0.0
745362,0.0
745363,0.0
745364,0.0
745365,0.0
745366,0.0
745367,0.0
745368,0.0
745369,0.0
745370,0.0
745371,0.0
745372,0.0
745373,0.0
745374,0.0
745375,0.0
745376,0.0
745377,0.0
745378,0.0
745379,0.0
745380,0.0
745381,0.0
745382,0.0
745383,0.0
745384,0.0
745385,0.0
745386,0.0
745387,0.0
745388,0.0
745389,0.0
745390,0.0
745391,0.0
745392,0.0
745393,0.0
745394,0.0
745395,0.0
745396,0.0
745397,0.0
745398,0.0
745399,0.0
745400,0.0
745401,0.0
745402,0.0
745403,0.0
745404,0.0
745405,0.0
745406,0.0
745407,0.0
745408,0.0
745409,0.0
745410,0.0
745411,0.053455275
745412,0.0
745413,0.0
745414,0.0
745415,0.0
745416,0.0
745417,0.0
745418,0.0
745419,0.0
745420,0.0
745421,0.0
745422,0.0
745423,0.0
745424,0.0
745425,0.0
745426,0.0
745427,0.0
745428,0.0
745429,0.0
745430,0.0
745431,0.0
745432,0.0
745433,0.0
745434,0.0
745435,0.0
745436,0.0
745437,0.0
745438,0.0
745439,0.0
745440,0.0
745441,0.0
745442,0.0
745443,0.0
745444,0.0
745445,0.0
745446,0.0
745447,0.0
745448,0.0
745449,0.0
745450,0.0
745451,0.0
745452,0.0
745453,0.0
745454,0.0
745455,0.0
745456,0.0
745457,0.0
745458,0.0
745459,0.0
745460,0.0
745461,0.0
745462,0.0
745463,0.0
745464,0.0
745465,0.0
745466,0.0
745467,0.0
745468,0.0
745469,0.0
745470,0.0
745471,0.0
745472,0.0
745473,0.0
745474,0.0
745475,0.0
745476,0.0
745477,0.0
745478,0.0
745479,0.0
745480,0.0
745481,0.0
745482,0.0
745483,0.0
745484,0.0
745485,0.0
745486,0.0
745487,0.0
745488,0.0
745489,0.0
745490,0.0
745491,0.0
745492,0.0
745493,0.0
745494,0.0
745495,0.0
745496,0.0
745497,0.0
745498,0.0
745499,0.0
745500,0.0
745501,0.0
745502,0.0
745503,0.0
745504,0.0
745505,0.0
745506,0.0
745507,0.0
745508,0.0
745509,0.0
745510,0.0
745511,0.0
745512,0.0
745513,0.0
745514,0.0
745515,0.0
745516,0.0
745517,0.0
745518,0.0
745519,0.0
745520,0.0
745521,0.0
745522,0.0
745523,0.0
745524,0.0
745525,0.0
745526,0.0
745527,0.0
745528,0.0
745529,0.0
745530,0.0
745531,0.0
745532,0.0
745533,0.0
745534,0.0
745535,0.0
745536,0.0
745537,0.0
745538,0.0
745539,0.0
745540,0.0
745541,0.0
745542,0.0
745543,0.0
745544,0.0
745545,0.0
745546,0.0
745547,0.0
745548,0.0
745549,0.0
745550,0.0
745551,0.0
745552,0.0
745553,0.0
745554,0.0
745555,0.0
745556,0.0
745557,0.0
745558,0.0
745559,0.0
745560,0.0
745561,0.0
745562,0.0
745563,0.0
745564,0.0
745565,0.0
745566,0.0
745567,2.9699194e-31
745568,0.0
745569,0.0
745570,0.0
745571,0.0
745572,0.0
745573,0.0
745574,0.0
745575,0.0
745576,0.0
745577,0.0
745578,0.0
745579,0.0
745580,0.0
745581,0.0
745582,0.0
745583,0.0
745584,0.0
745585,0.0
745586,0.0
745587,0.0
745588,0.0
745589,0.0
745590,0.0
745591,0.0
745592,0.0
745593,0.0
745594,0.0
745595,0.0
745596,0.0
745597,0.0
745598,0.0
745599,0.0
745600,0.0
745601,0.0
745602,0.0
745603,0.0
745604,0.0
745605,0.0
745606,0.0
745607,0.0
745608,0.0
745609,0.0
745610,0.0
745611,0.0
745612,0.0
745613,0.0
745614,0.0
745615,0.0
745616,0.0
745617,0.0
745618,0.0
745619,0.0
745620,0.0
745621,0.0
745622,0.0
745623,0.0
745624,0.0
745625,0.0
745626,0.0
745627,0.0
745628,0.0
745629,0.0
745630,0.0
745631,0.0
745632,0.0
745633,0.0
745634,0.0
745635,0.0
745636,0.0
745637,0.0
745638,0.0
745639,0.0
745640,0.0
745641,0.0
745642,0.0
745643,0.0
745644,0.0
745645,0.0
745646,0.0
745647,0.0
745648,0.0
745649,0.0
745650,0.0
745651,0.0
745652,0.0
745653,0.0
745654,0.0
745655,0.0
745656,0.0
745657,0.0
745658,0.0
745659,0.0
745660,0.0
745661,0.0
745662,0.0
745663,0.0
745664,0.0
745665,0.0
745666,0.0
745667,0.0
745668,0.0
745669,0.0
745670,0.0
745671,0.0
745672,0.0
745673,0.0
745674,2.7998297e-33
745675,0.0
745676,0.0
745677,0.0
745678,0.0
745679,0.0
745680,0.0
745681,0.0
745682,0.0
745683,0.0
745684,0.0
745685,0.0
745686,0.0
745687,0.0
745688,0.0
745689,0.0
745690,0.0
745691,0.0
745692,0.0
745693,0.0
745694,0.0
745695,0.0
745696,0.0
745697,0.0
745698,0.0
745699,0.0
745700,0.0
745701,0.0
745702,0.0
745703,0.0
745704,0.0
745705,0.0
745706,0.0
745707,0.0
745708,0.0
745709,0.0
745710,0.0
745711,0.0
745712,0.0
745713,0.0
745714,0.0
745715,0.0
745716,0.0
745717,0.0
745718,0.0
745719,0.0
745720,0.0
745721,0.0
745722,0.0
745723,0.0
745724,0.0
745725,0.0
745726,0.0
745727,0.0
745728,0.0
745729,0.0
745730,0.0
745731,0.0
745732,0.0
745733,0.0
745734,0.0
745735,0.0
745736,0.0
745737,0.0
745738,0.0
745739,0.0
745740,0.0
745741,0.0
745742,0.0
745743,0.0
745744,0.0
745745,0.0
745746,0.0
745747,0.0
745748,0.0
745749,0.0
745750,0.0
745751,0.0
745752,0.0
745753,0.0
745754,0.0
745755,0.0
745756,0.0
745757,0.0
745758,0.0
745759,0.0
745760,0.0
745761,0.0
745762,0.0
745763,0.0
745764,0.0
745765,0.0
745766,0.0
745767,0.0
745768,0.0
745769,0.0
745770,0.0
745771,0.0
745772,0.0
745773,0.0
745774,0.0
745775,0.0
745776,0.0
745777,0.0
745778,0.0
745779,0.0
745780,0.0
745781,0.0
745782,0.0
745783,0.0
745784,0.0
745785,0.0
745786,0.0
745787,0.0
745788,0.0
745789,0.0
745790,0.0
745791,0.0
745792,0.0
745793,0.0
745794,0.0
745795,0.0
745796,0.0
745797,0.0
745798,0.0
745799,0.0
745800,0.0
745801,0.0
745802,0.0
745803,0.0
745804,0.0
745805,0.0
745806,0.0
745807,0.0
745808,0.0
745809,0.0
745810,0.0
745811,0.0
745812,0.0
745813,0.0
745814,0.0
745815,0.0
745816,0.0
745817,0.0
745818,0.0
745819,0.0
745820,0.0
745821,0.0
745822,0.0
745823,0.0
745824,0.0
745825,0.0
745826,0.0
745827,0.0
745828,0.0
745829,0.0
745830,0.0
745831,0.0
745832,0.0
745833,0.0
745834,0.0
745835,0.0
745836,0.0
745837,0.0
745838,0.0
745839,0.0
745840,0.0
745841,0.0
745842,0.0
745843,0.0
745844,0.0
745845,0.0
745846,0.0
745847,0.0
745848,0.0
745849,0.0
745850,0.0
745851,0.0
745852,0.0
745853,0.0
745854,0.0
745855,0.0
745856,0.0
745857,0.0
745858,0.0
745859,0.0
745860,0.0
745861,0.0
745862,0.0
745863,0.0
745864,0.0
745865,0.0
745866,0.0
745867,0.0
745868,0.0
745869,0.0
745870,0.0
745871,0.0
745872,0.0
745873,0.0
745874,0.0
745875,0.0
745876,0.0
745877,0.0
745878,0.0
745879,0.0
745880,0.0
745881,0.0
745882,0.0
745883,0.0
745884,0.0
745885,0.0
745886,0.0
745887,0.0
745888,0.0
745889,0.0
745890,0.0
745891,0.0
745892,0.0
745893,0.0
745894,0.0
745895,0.0
745896,0.0
745897,0.0
745898,0.0
745899,0.0
745900,0.0
745901,0.0
745902,0.0
745903,0.0
745904,0.0
745905,0.0
745906,0.0
745907,0.0
745908,0.0
745909,0.0
745910,0.0
745911,0.0
745912,0.0
745913,0.0
745914,0.0
745915,7.467239e-29
745916,0.0
745917,0.0
745918,0.0
745919,0.0
745920,0.0
745921,0.0
745922,0.0
745923,0.0
745924,0.0
745925,0.0
745926,0.0
745927,0.0
745928,0.0
745929,0.0
745930,0.0
745931,0.0
745932,0.0
745933,0.0
745934,0.0
745935,0.0
745936,0.0
745937,0.0
745938,0.0
745939,0.0
745940,0.0
745941,0.0
745942,0.0
745943,0.0
745944,0.0
745945,0.0
745946,0.0
745947,0.0
745948,0.0
745949,0.0
745950,0.0
745951,0.0
745952,0.0
745953,0.0
745954,0.0
745955,0.0
745956,0.0
745957,0.0
745958,0.0
745959,0.0
745960,0.0
745961,0.0
745962,0.0
745963,0.0
745964,0.0
745965,0.0
745966,0.0
745967,0.0
745968,0.0
745969,0.0
745970,0.0
745971,0.0
745972,0.0
745973,0.0
745974,0.0
745975,0.0
745976,0.0
745977,0.0
745978,0.0
745979,0.0
745980,0.0
745981,0.0
745982,0.0
745983,0.0
745984,0.0
745985,0.0
745986,0.0
745987,0.0
745988,0.0
745989,0.0
745990,0.0
745991,0.0
745992,0.0
745993,0.0
745994,0.0
745995,0.0
745996,0.0
745997,0.0
745998,0.0
745999,0.0
746000,0.0
746001,0.0
746002,0.0
746003,0.0
746004,0.0
746005,0.0
746006,2.4600892e-12
746007,0.0
746008,0.0
746009,0.0
746010,0.0
746011,0.0
746012,0.0
746013,0.0
746014,0.0
746015,2.8139949e-11
746016,0.0
746017,0.0
746018,0.0
746019,0.0
746020,0.0
746021,0.0
746022,0.0
746023,0.0
746024,0.0
746025,0.0
746026,0.0
746027,0.0
746028,0.0
746029,0.0
746030,0.0
746031,0.0
746032,0.0
746033,0.0
746034,0.0
746035,0.0
746036,0.0
746037,0.0
746038,0.0
746039,0.0
746040,0.0
746041,0.0
746042,0.0
746043,0.0
746044,0.0
746045,0.0
746046,0.0
746047,0.0
746048,0.0
746049,0.0
746050,0.0
746051,0.0
746052,0.0
746053,0.0
746054,0.0
746055,0.0
746056,0.0
746057,0.0
746058,0.0
746059,0.0
746060,0.0
746061,0.0
746062,0.0
746063,0.0
746064,0.0
746065,0.0
746066,0.0
746067,0.0
746068,0.0
746069,0.0
746070,0.0
746071,0.0
746072,0.0
746073,0.0
746074,0.0
746075,0.0
746076,0.0
746077,0.0
746078,0.0
746079,0.0
746080,0.0
746081,0.0
746082,0.0
746083,0.0
746084,2.5427777e-32
746085,0.0
746086,0.0
746087,0.0
746088,0.0
746089,0.0
746090,0.0
746091,0.0
746092,0.0
746093,0.0
746094,0.0
746095,0.0
746096,0.0
746097,0.0
746098,0.0
746099,7.935857e-24
746100,0.0
746101,0.0
746102,0.0
746103,0.0
746104,0.0
746105,0.0
746106,0.0
746107,0.0
746108,0.0
746109,0.0
746110,0.0
746111,0.0
746112,0.0
746113,0.0
746114,0.0
746115,0.0
746116,0.0
746117,0.0
746118,0.0
746119,0.0
746120,0.0
746121,0.0
746122,0.0
746123,0.0
746124,0.0
746125,0.0
746126,0.0
746127,0.0
746128,0.0
746129,0.0
746130,9.904426e-27
746131,0.0
746132,0.0
746133,0.0
746134,0.0
746135,0.0
746136,0.0
746137,0.0
746138,0.0
746139,0.0
746140,0.0
746141,0.0
746142,0.0
746143,0.0
746144,0.0
746145,0.0
746146,0.0
746147,0.0
746148,0.0
746149,0.0
746150,0.0
746151,0.0
746152,0.0
746153,0.0
746154,0.0
746155,0.0
746156,0.0
746157,0.0
746158,0.0
746159,0.0
746160,0.0
746161,0.0
746162,0.0
746163,0.0
746164,0.0
746165,0.0
746166,0.0
746167,0.0
746168,0.0
746169,0.0
746170,0.0
746171,0.0
746172,1.00475783e-28
746173,0.0
746174,0.0
746175,0.0
746176,0.0
746177,0.0
746178,0.0
746179,0.0
746180,0.0
746181,0.0
746182,0.0
746183,0.0
746184,0.0
746185,0.0
746186,0.0
746187,0.0
746188,0.0
746189,0.0
746190,0.0
746191,0.0
746192,0.0
746193,0.0
746194,0.0
746195,0.0
746196,0.0
746197,0.0
746198,0.0
746199,0.0
746200,0.0
746201,0.0
746202,0.0
746203,0.0
746204,0.0
746205,0.0
746206,0.0
746207,0.0
746208,0.0
746209,0.0
746210,0.0
746211,0.0
746212,0.0
746213,0.0
746214,0.0
746215,0.0
746216,0.0
746217,0.0
746218,0.0
746219,0.0
746220,0.0
746221,0.0
746222,0.0
746223,0.0
746224,0.0
746225,0.0
746226,0.0
746227,0.0
746228,0.0
746229,0.0
746230,0.0
746231,0.0
746232,0.0
746233,0.0
746234,0.0
746235,0.0
746236,0.0
746237,0.0
746238,0.0
746239,0.0
746240,0.0
746241,0.0
746242,0.0
746243,0.0
746244,0.0
746245,1.0978758e-28
746246,0.0
746247,0.0
746248,0.0
746249,0.0
746250,0.0
746251,0.0
746252,0.0
746253,0.0
746254,0.0
746255,0.0
746256,0.0
746257,0.0
746258,0.0
746259,0.0
746260,0.0
746261,0.0
746262,0.0
746263,0.0
746264,0.0
746265,0.0
746266,0.0
746267,0.0
746268,0.0
746269,0.0
746270,0.0
746271,0.0
746272,0.0
746273,0.0
746274,0.0
746275,0.0
746276,0.0
746277,0.0
746278,0.0
746279,0.0
746280,0.0
746281,0.0
746282,0.0
746283,0.0
746284,0.0
746285,0.0
746286,0.0
746287,0.0
746288,0.0
746289,0.0
746290,0.0
746291,0.0
746292,0.0
746293,0.0
746294,0.0
746295,0.0
746296,0.0
746297,0.0
746298,0.0
746299,0.0
746300,0.0
746301,0.0
746302,0.0
746303,0.0
746304,0.0
746305,0.0
746306,0.0
746307,0.0
746308,0.0
746309,0.0
746310,0.0
746311,0.0
746312,0.0
746313,0.0
746314,0.0
746315,0.0
746316,0.0
746317,0.0
746318,0.0
746319,0.0
746320,0.0
746321,0.0
746322,0.0
746323,0.0
746324,0.0
746325,0.0
746326,0.0
746327,0.0
746328,0.0
746329,0.0
746330,0.0
746331,0.0
746332,0.0
746333,0.0
746334,0.0
746335,0.0
746336,0.0
746337,0.0
746338,0.0
746339,0.0
746340,0.0
746341,0.0
746342,0.0
746343,0.0
746344,0.0
746345,0.0
746346,0.0
746347,0.0
746348,0.0
746349,0.0
746350,0.0
746351,0.0
746352,0.0
746353,0.0
746354,0.0
746355,0.0
746356,0.0
746357,0.0
746358,0.0
746359,0.0
746360,0.0
746361,0.0
746362,0.0
746363,0.0
746364,0.0
746365,0.0
746366,0.0
746367,0.0
746368,0.0
746369,0.0
746370,0.0
746371,0.0
746372,0.0
746373,0.0
746374,0.0
746375,0.0
746376,0.0
746377,0.0
746378,0.0
746379,0.0
746380,0.0
746381,0.0
746382,0.0
746383,0.0
746384,0.0
746385,0.0
746386,0.0
746387,0.0
746388,0.0
746389,0.0
746390,0.0
746391,0.0
746392,0.0
746393,0.0
746394,0.0
746395,0.0
746396,0.0
746397,0.0
746398,0.0
746399,0.0
746400,0.0
746401,0.0
746402,0.0
746403,0.0
746404,0.0
746405,0.0
746406,0.0
746407,0.0
746408,0.0
746409,0.0
746410,0.0
746411,0.0
746412,0.0
746413,0.0
746414,0.0
746415,0.0
746416,0.0
746417,0.0
746418,0.0
746419,0.0
746420,0.0
746421,0.0
746422,0.0
746423,0.0
746424,0.0
746425,0.0
746426,0.0
746427,0.0
746428,0.0
746429,0.0
746430,0.0
746431,0.0
746432,0.0
746433,0.0
746434,0.0
746435,0.0
746436,0.0
746437,0.0
746438,0.0
746439,0.0
746440,0.0
746441,0.0
746442,0.0
746443,0.0
746444,0.0
746445,0.0
746446,0.0
746447,0.0
746448,0.0
746449,0.0
746450,0.0
746451,0.0
746452,0.0
746453,0.0
746454,0.0
746455,0.0
746456,0.0
746457,0.0
746458,0.0
746459,0.0
746460,0.0
746461,0.0
746462,0.0
746463,0.0
746464,0.0
746465,4.0646268e-13
746466,0.0
746467,0.0
746468,0.0
746469,0.0
746470,0.0
746471,0.0
746472,0.0
746473,0.0
746474,0.0
746475,0.0
746476,0.0
746477,0.0
746478,0.0
746479,0.0
746480,0.0
746481,0.0
746482,0.0
746483,0.0
746484,0.0
746485,0.0
746486,0.0
746487,0.0
746488,0.0
746489,0.0
746490,0.0
746491,0.0
746492,0.0
746493,0.0
746494,0.0
746495,0.0
746496,0.0
746497,0.0
746498,0.0
746499,0.0
746500,0.0
746501,0.0
746502,0.0
746503,0.0
746504,0.0
746505,0.0
746506,0.0
746507,0.0
746508,0.0
746509,0.0
746510,0.0
746511,0.0
746512,0.0
746513,0.0
746514,0.0
746515,0.0
746516,0.0
746517,0.0
746518,0.0
746519,0.0
746520,0.0
746521,0.0
746522,0.0
746523,3.1097362e-09
746524,0.0
746525,0.0
746526,0.0
746527,0.0
746528,0.0
746529,0.0
746530,0.0
746531,0.0
746532,0.0
746533,0.0
746534,0.0
746535,0.0
746536,0.0
746537,0.0
746538,0.0
746539,0.0
746540,0.0
746541,0.0
746542,7.1539654e-37
746543,0.0
746544,0.0
746545,0.0
746546,0.0
746547,0.0
746548,0.0
746549,0.0
746550,0.0
746551,0.0
746552,0.0
746553,0.018715553
746554,0.0
746555,0.0
746556,0.0
746557,0.0
746558,0.0
746559,0.0
746560,0.0
746561,0.0
746562,0.0
746563,0.0
746564,0.0
746565,0.0
746566,0.0
746567,0.0
746568,0.0
746569,0.0
746570,0.0
746571,0.0
746572,0.0
746573,0.0
746574,0.0
746575,0.0
746576,0.0
746577,0.0
746578,0.0
746579,0.0
746580,0.0
746581,0.0
746582,0.0
746583,0.0
746584,0.0
746585,0.0
746586,0.0
746587,0.0
746588,0.0
746589,0.0
746590,0.0
746591,0.0
746592,0.0
746593,0.0
746594,0.0
746595,0.0
746596,0.0
746597,0.0
746598,0.0
746599,0.0
746600,0.0
746601,0.0
746602,0.0
746603,0.0
746604,0.0
746605,0.0
746606,0.0
746607,0.0
746608,0.0
746609,0.0
746610,0.0
746611,0.0
746612,0.0
746613,0.0
746614,0.0
746615,0.0
746616,0.0
746617,0.0
746618,0.0
746619,0.0
746620,0.0
746621,0.0
746622,0.0
746623,0.0
746624,0.0
746625,0.0
746626,0.0
746627,0.0
746628,0.0
746629,0.0
746630,0.0
746631,0.0
746632,0.0
746633,0.0
746634,0.0
746635,0.0
746636,0.0
746637,0.0
746638,0.0
746639,0.0
746640,0.0
746641,0.0
746642,0.0
746643,0.0
746644,0.0
746645,0.0
746646,0.0
746647,0.0
746648,0.0
746649,0.0
746650,0.0
746651,0.0
746652,0.0
746653,0.0
746654,0.0
746655,0.0
746656,0.0
746657,0.0
746658,0.0
746659,0.0
746660,0.0
746661,0.0
746662,0.0
746663,0.0
746664,0.0
746665,0.0
746666,0.0
746667,0.0
746668,0.0
746669,0.0
746670,0.0
746671,0.0
746672,0.0
746673,0.0
746674,0.0
746675,0.0
746676,0.0
746677,0.0
746678,0.0
746679,0.0
746680,0.0
746681,0.0
746682,0.0
746683,0.0
746684,0.0
746685,0.0
746686,0.0
746687,0.0
746688,0.0
746689,0.0
746690,0.0
746691,0.0
746692,0.0
746693,0.0
746694,6.938894e-13
746695,0.0
746696,0.0
746697,0.0
746698,0.0
746699,0.0
746700,0.0
746701,0.0
746702,0.0
746703,0.0
746704,0.0
746705,0.0
746706,0.0
746707,0.0
746708,0.0
746709,0.0
746710,0.0
746711,0.0
746712,0.0
746713,0.0
746714,0.0
746715,0.0
746716,0.0
746717,0.0
746718,0.0
746719,0.0
746720,0.0
746721,0.0
746722,0.36242384
746723,0.0
746724,0.0
746725,0.0
746726,0.0
746727,0.0
746728,0.0
746729,0.0
746730,0.0
746731,0.0
746732,0.0
746733,0.0
746734,0.0
746735,0.0
746736,0.0
746737,0.0
746738,0.0
746739,0.0
746740,0.0
746741,0.0
746742,0.0
746743,0.0
746744,0.0
746745,0.0
746746,0.0
746747,0.0
746748,0.0
746749,0.0
746750,0.0
746751,0.0
746752,0.0
746753,0.0
746754,0.0
746755,0.0
746756,0.0
746757,0.0
746758,0.0
746759,0.0
746760,0.0
746761,0.0
746762,0.0
746763,0.0
746764,0.0
746765,0.0
746766,0.0
746767,0.0
746768,0.0
746769,0.0
746770,0.0
746771,0.0
746772,0.0
746773,0.0
746774,0.0
746775,0.0
746776,0.0
746777,0.0
746778,0.0
746779,0.0
746780,0.0
746781,0.0
746782,0.0
746783,0.0
746784,0.0
746785,0.0
746786,0.0
746787,0.0
746788,0.0
746789,0.0
746790,0.0
746791,0.0
746792,0.0
746793,0.0
746794,0.0
746795,0.0
746796,0.0
746797,0.0
746798,0.0
746799,0.0
746800,0.0
746801,0.0
746802,0.0
746803,0.0
746804,0.0
746805,0.0
746806,0.0
746807,0.0
746808,0.0
746809,0.0
746810,0.0
746811,0.0
746812,0.0
746813,0.0
746814,0.0
746815,0.0
746816,0.0
746817,0.0
746818,0.0
746819,1.8665496e-16
746820,0.0
746821,0.0
746822,0.0
746823,0.0
746824,0.0
746825,0.0
746826,0.0
746827,0.0
746828,0.0
746829,0.0
746830,0.0
746831,0.0
746832,0.0
746833,0.0
746834,0.0
746835,0.0
746836,0.0
746837,0.0
746838,0.0
746839,0.0
746840,0.0
746841,0.0
746842,0.0
746843,0.0
746844,0.0
746845,0.0
746846,0.0
746847,0.0
746848,0.0
746849,0.0
746850,0.0
746851,0.0
746852,0.0
746853,0.0
746854,0.0
746855,0.0
746856,0.0
746857,0.0
746858,0.0
746859,0.02885537
746860,0.0
746861,0.0
746862,0.0
746863,0.0
746864,0.0
746865,0.0
746866,0.0
746867,0.0
746868,0.0
746869,0.0
746870,0.0
746871,0.0
746872,0.0
746873,0.0
746874,0.0
746875,0.0
746876,0.0
746877,0.0
746878,0.0
746879,0.0
746880,0.0
746881,0.0
746882,2.9326265e-35
746883,0.0
746884,0.0
746885,0.0
746886,0.0
746887,0.0
746888,0.0
746889,0.0
746890,0.0
746891,0.0
746892,0.0
746893,0.0
746894,0.0
746895,0.0
746896,0.0
746897,0.0
746898,0.0
746899,0.0
746900,0.0
746901,0.0
746902,0.0
746903,0.0
746904,0.0
746905,0.0
746906,0.0
746907,0.0
746908,0.0
746909,0.0
746910,0.0
746911,0.0
746912,0.0
746913,0.0
746914,0.0
746915,0.0
746916,0.0
746917,0.0
746918,0.0
746919,0.0
746920,0.0
746921,0.0
746922,0.0
746923,0.0
746924,0.0
746925,0.0
746926,0.0
746927,0.0
746928,0.0
746929,0.0
746930,0.0
746931,0.0
746932,0.0
746933,0.0
746934,0.0
746935,0.0
746936,0.0
746937,0.0
746938,0.0
746939,0.0
746940,0.0
746941,0.0
746942,0.0
746943,0.0
746944,0.0
746945,0.0
746946,0.0
746947,0.0
746948,0.0
746949,0.0
746950,0.0
746951,0.0
746952,0.0
746953,0.0
746954,0.0
746955,0.0
746956,0.0
746957,0.0
746958,0.0
746959,0.0
746960,0.0
746961,0.0
746962,0.0
746963,0.0
746964,0.0
746965,0.0
746966,0.0
746967,0.0
746968,0.0
746969,0.0
746970,0.0
746971,0.0
746972,0.0
746973,0.0
746974,0.0
746975,0.0
746976,0.0
746977,0.0
746978,0.0
746979,0.0
746980,0.0
746981,0.0
746982,0.0
746983,0.0
746984,0.0
746985,0.0
746986,0.0
746987,0.0
746988,0.0
746989,0.0
746990,0.0
746991,0.0
746992,0.0
746993,0.0
746994,0.0
746995,0.0
746996,0.0
746997,0.0
746998,0.0
746999,0.0
747000,0.0
747001,0.0
747002,0.0
747003,0.0
747004,0.0
747005,0.0
747006,0.0
747007,0.0
747008,0.0
747009,0.0
747010,0.0
747011,0.0
747012,0.0
747013,0.0
747014,0.0
747015,4.48488e-33
747016,0.0
747017,0.0
747018,0.0
747019,0.0
747020,0.0
747021,0.0
747022,0.0
747023,0.0
747024,0.0
747025,0.0
747026,0.0
747027,0.0
747028,0.0
747029,0.0
747030,0.0
747031,0.0
747032,0.0
747033,0.0
747034,0.0
747035,0.0
747036,0.0
747037,0.0
747038,0.0
747039,0.0
747040,0.0
747041,0.0
747042,0.0
747043,0.0
747044,0.0
747045,0.0
747046,0.0
747047,1.1095374e-37
747048,0.0
747049,0.0
747050,0.0
747051,0.0
747052,0.0
747053,0.0
747054,0.0
747055,0.0
747056,0.0
747057,0.0
747058,0.0
747059,0.0
747060,0.0
747061,0.0
747062,0.0
747063,0.0
747064,0.0
747065,0.0
747066,0.0
747067,0.0
747068,0.0
747069,0.0
747070,0.0
747071,0.0
747072,0.0
747073,0.0
747074,0.0
747075,0.0
747076,0.0
747077,0.0
747078,0.0
747079,0.0
747080,0.0
747081,0.0
747082,0.0
747083,0.0
747084,0.0
747085,0.0
747086,0.0
747087,0.0
747088,0.0
747089,3.8559623e-08
747090,0.0
747091,0.0
747092,0.0
747093,0.0
747094,0.0
747095,0.0
747096,1.9641762e-20
747097,0.0
747098,0.0
747099,0.0
747100,0.0
747101,0.0
747102,0.0
747103,0.0
747104,0.0
747105,0.0
747106,0.0
747107,0.0
747108,0.0
747109,0.0
747110,0.0
747111,0.0
747112,0.0
747113,0.0
747114,0.0
747115,0.0
747116,0.0
747117,0.0
747118,0.0
747119,0.0
747120,0.0
747121,0.0
747122,0.0
747123,0.0
747124,0.0
747125,0.0
747126,0.0
747127,0.0
747128,0.0
747129,0.0
747130,0.0
747131,0.0
747132,0.0
747133,0.0
747134,0.0
747135,0.0
747136,0.0
747137,0.0
747138,0.0
747139,0.0
747140,0.0
747141,0.0
747142,0.0
747143,0.0
747144,0.0
747145,0.0
747146,0.0
747147,0.0
747148,0.0
747149,0.0
747150,0.0
747151,0.0
747152,0.0
747153,0.0
747154,6.08871e-08
747155,0.0
747156,0.0
747157,0.0
747158,0.0
747159,0.0
747160,0.0
747161,0.0
747162,0.0
747163,0.0
747164,0.0
747165,0.0
747166,0.0
747167,0.0
747168,0.0
747169,0.0
747170,0.0
747171,0.0
747172,0.0
747173,0.0
747174,0.0
747175,0.0
747176,0.0
747177,0.0
747178,0.0
747179,0.0
747180,0.0
747181,2.232087e-29
747182,0.0
747183,0.0
747184,0.0
747185,0.0
747186,0.0
747187,0.0
747188,0.0
747189,0.0
747190,0.0
747191,0.0
747192,0.0
747193,0.0
747194,0.0
747195,0.0
747196,4.0593363e-16
747197,0.0
747198,0.0
747199,0.0
747200,0.0
747201,0.0
747202,0.0
747203,0.0
747204,0.0
747205,0.0
747206,0.0
747207,0.0
747208,0.0
747209,0.0
747210,0.0
747211,0.0
747212,0.0
747213,0.0
747214,0.0
747215,0.0
747216,0.0
747217,0.0
747218,0.0
747219,0.0
747220,0.0
747221,0.0
747222,0.0
747223,0.0
747224,0.0
747225,0.0
747226,0.0
747227,0.0
747228,0.0
747229,0.0
747230,0.0
747231,0.0
747232,0.0
747233,7.8564253e-32
747234,0.0
747235,0.0
747236,0.0
747237,0.0
747238,0.0
747239,0.0
747240,0.0
747241,0.0
747242,0.0
747243,0.0
747244,0.0
747245,0.0
747246,0.0
747247,0.0
747248,0.0
747249,0.0
747250,0.0
747251,0.0
747252,0.0
747253,0.0
747254,0.0
747255,0.0
747256,0.0
747257,0.0
747258,0.0
747259,0.0
747260,0.0
747261,0.0
747262,0.0
747263,0.0
747264,0.0
747265,0.0
747266,0.0
747267,0.0
747268,0.0
747269,0.0
747270,0.0
747271,0.0
747272,0.0
747273,0.0
747274,0.0
747275,0.0
747276,0.0
747277,0.0
747278,0.0
747279,0.0
747280,0.0
747281,0.0
747282,0.0
747283,0.0
747284,0.0
747285,0.0
747286,0.0
747287,0.0
747288,0.0
747289,0.0
747290,0.0
747291,0.0
747292,0.0
747293,0.0
747294,0.0
747295,0.0
747296,0.0
747297,0.0
747298,0.0
747299,0.0
747300,0.0
747301,0.0
747302,0.0
747303,0.0
747304,0.0
747305,0.0
747306,0.0
747307,0.0
747308,0.0
747309,0.0
747310,0.0
747311,0.0
747312,0.0
747313,0.0
747314,0.0
747315,0.0
747316,0.0
747317,0.0
747318,0.0
747319,0.0
747320,0.0
747321,0.0
747322,0.0
747323,0.0
747324,0.0
747325,0.0
747326,0.0
747327,3.5486984e-33
747328,0.0
747329,0.0
747330,2.3588475e-23
747331,0.0
747332,0.0
747333,0.0
747334,0.0
747335,0.0
747336,0.0
747337,0.0
747338,0.0
747339,0.0
747340,0.0
747341,0.0
747342,0.0
747343,0.0
747344,0.0
747345,0.0
747346,0.0
747347,0.0
747348,0.0
747349,0.0
747350,0.0
747351,0.0
747352,0.0
747353,0.0
747354,0.0
747355,0.0
747356,0.0
747357,0.0
747358,0.0
747359,0.0
747360,0.0
747361,0.0
747362,0.0
747363,0.0
747364,0.0
747365,0.0
747366,0.0
747367,0.36242384
747368,0.0
747369,0.0
747370,0.0
747371,0.0
747372,0.0
747373,0.0
747374,0.0
747375,0.0
747376,0.0
747377,0.0
747378,0.0
747379,0.0
747380,0.0
747381,0.0
747382,0.0
747383,0.0
747384,0.0
747385,0.0
747386,0.0
747387,0.0
747388,0.0
747389,0.0
747390,0.0
747391,0.0
747392,0.0
747393,0.0
747394,0.0
747395,0.0
747396,0.0
747397,0.0
747398,0.0
747399,0.0
747400,0.0
747401,0.0
747402,7.120405e-12
747403,0.0
747404,0.0
747405,0.0
747406,0.0
747407,0.0
747408,0.0
747409,0.0
747410,0.0
747411,0.0
747412,0.0
747413,0.0
747414,7.884915e-14
747415,0.0
747416,0.0
747417,0.0
747418,0.0
747419,0.0
747420,0.0
747421,0.0
747422,0.0
747423,0.0
747424,0.0
747425,0.0
747426,0.0
747427,0.0
747428,0.0
747429,0.0
747430,0.0
747431,0.0
747432,0.0
747433,0.0
747434,0.0
747435,0.0
747436,0.0
747437,0.0
747438,0.0
747439,0.0
747440,0.0
747441,0.0
747442,0.0
747443,2.0001995e-26
747444,0.0
747445,0.0
747446,0.0
747447,0.0
747448,0.0
747449,0.0
747450,0.0
747451,0.0
747452,0.0
747453,0.0
747454,0.0
747455,0.0
747456,0.0
747457,0.0
747458,0.0
747459,0.0
747460,0.0
747461,0.0
747462,0.0
747463,5.969335e-39
747464,0.0
747465,0.0
747466,0.0
747467,0.0
747468,0.0
747469,0.0
747470,0.0
747471,0.0
747472,0.0
747473,0.0
747474,0.0
747475,0.0
747476,3.4184405e-20
747477,0.0
747478,0.0
747479,0.0
747480,0.0
747481,0.0
747482,0.0
747483,0.0
747484,0.0
747485,0.0
747486,5.6402112e-11
747487,0.0
747488,0.0
747489,0.0
747490,0.0
747491,0.0
747492,0.0
747493,8.2185004e-08
747494,0.0
747495,0.0
747496,0.0
747497,0.0
747498,0.0
747499,0.0
747500,0.0
747501,0.0
747502,0.0
747503,0.0
747504,0.0
747505,0.0
747506,0.0
747507,0.0
747508,0.0
747509,0.0
747510,0.0
747511,0.0
747512,4.156377e-39
747513,0.0
747514,0.0
747515,0.0
747516,0.0
747517,0.0
747518,0.0
747519,0.0
747520,0.0
747521,0.0
747522,0.0
747523,0.0
747524,0.0
747525,0.0
747526,0.0
747527,0.0
747528,0.0
747529,0.0
747530,0.0
747531,0.0
747532,0.0
747533,0.0
747534,0.0
747535,0.0
747536,0.0
747537,0.0
747538,0.0
747539,0.0
747540,0.0
747541,0.0
747542,0.0
747543,0.0
747544,0.0
747545,0.0
747546,0.0
747547,0.0
747548,0.0
747549,0.0
747550,0.0
747551,0.0
747552,0.0
747553,0.0
747554,0.0
747555,0.0
747556,0.0
747557,0.0
747558,0.0
747559,0.0
747560,0.0
747561,0.0
747562,0.0
747563,9.196301e-34
747564,0.0
747565,0.0
747566,0.0
747567,0.0
747568,0.0
747569,0.0
747570,0.0
747571,0.0
747572,0.0
747573,0.0
747574,0.0
747575,0.0
747576,0.0
747577,0.0
747578,0.0
747579,0.0
747580,0.0
747581,0.0
747582,0.0
747583,0.0
747584,0.0
747585,0.0
747586,0.0
747587,0.0
747588,0.0
747589,0.0
747590,0.0
747591,0.0
747592,0.0
747593,0.0
747594,0.0
747595,0.0
747596,0.0
747597,0.0
747598,0.0
747599,0.0
747600,0.0
747601,0.0
747602,0.0
747603,0.0
747604,0.0
747605,0.0
747606,0.0
747607,0.0
747608,0.0
747609,0.0
747610,0.0
747611,0.0
747612,0.0
747613,0.0
747614,0.0
747615,0.0
747616,0.0
747617,0.0
747618,0.0
747619,0.0
747620,0.0
747621,0.0
747622,8.054771e-17
747623,0.0
747624,0.0
747625,0.0
747626,3.1537313e-15
747627,0.0
747628,0.0
747629,0.0
747630,0.0
747631,0.0
747632,2.9104416e-05
747633,0.0
747634,0.0
747635,0.0
747636,0.0
747637,0.0
747638,0.0
747639,0.0
747640,0.0
747641,0.0
747642,0.0
747643,0.0
747644,0.0
747645,0.0
747646,0.0
747647,0.0
747648,0.0
747649,0.0
747650,0.0
747651,0.0
747652,0.0
747653,0.0
747654,0.0
747655,0.0
747656,0.0
747657,0.0
747658,0.0
747659,0.0
747660,0.0
747661,0.0
747662,0.0
747663,0.0
747664,0.0
747665,0.0
747666,0.0
747667,0.0
747668,0.0
747669,0.0
747670,0.0
747671,0.0
747672,0.0
747673,0.0
747674,0.0
747675,0.0
747676,0.0
747677,0.0
747678,0.0
747679,0.0
747680,0.0
747681,0.0
747682,0.0
747683,0.0
747684,0.0
747685,0.0
747686,0.0
747687,0.0031963668
747688,0.0
747689,0.0
747690,0.0
747691,0.0
747692,0.0
747693,0.0
747694,0.0
747695,0.0
747696,0.0
747697,0.0
747698,0.0
747699,0.0
747700,0.0
747701,0.0
747702,0.0
747703,0.0
747704,0.0
747705,0.0
747706,0.0
747707,0.0
747708,0.0
747709,0.0042541423
747710,0.0
747711,0.0
747712,0.0
747713,0.0
747714,0.0
747715,0.0
747716,0.0
747717,0.0
747718,0.0
747719,0.0
747720,0.0
747721,0.0
747722,0.0
747723,1.3128118e-37
747724,0.0
747725,0.0
747726,0.0
747727,0.0
747728,0.0
747729,0.0
747730,0.0
747731,0.0
747732,0.0
747733,0.0
747734,0.0
747735,0.0
747736,0.0
747737,0.0
747738,0.0
747739,0.0
747740,0.0
747741,0.0
747742,0.0
747743,0.0
747744,0.0
747745,0.0
747746,0.0
747747,0.0
747748,0.0
747749,0.0
747750,0.0
747751,0.0
747752,0.0
747753,0.0
747754,0.0
747755,0.0
747756,0.0
747757,0.0
747758,0.0
747759,0.0
747760,0.0
747761,0.0
747762,0.0
747763,0.0
747764,0.0
747765,0.0
747766,0.0
747767,0.0
747768,0.0
747769,0.0
747770,0.0
747771,0.0
747772,0.0
747773,0.0
747774,0.0
747775,0.0
747776,0.0
747777,0.0
747778,0.0
747779,0.0
747780,0.0
747781,0.0
747782,0.0
747783,0.0
747784,0.0
747785,0.0
747786,0.0
747787,0.0
747788,0.0
747789,0.0
747790,0.0
747791,0.0
747792,0.0
747793,0.0
747794,0.0
747795,0.0
747796,0.0
747797,0.0
747798,0.0
747799,0.0
747800,0.0
747801,0.0
747802,0.0
747803,0.36242384
747804,0.0
747805,0.0
747806,0.0
747807,0.0
747808,0.0
747809,0.0
747810,0.0
747811,0.0
747812,0.0
747813,0.0
747814,0.0
747815,0.0
747816,0.0
747817,0.0
747818,0.0
747819,0.0
747820,0.0
747821,0.0
747822,0.0
747823,0.0
747824,0.0
747825,0.0
747826,0.0
747827,0.0
747828,0.0
747829,0.0
747830,0.0
747831,0.0
747832,0.0
747833,0.0
747834,0.0
747835,0.0
747836,0.0
747837,0.0
747838,0.0
747839,0.0
747840,0.0
747841,0.0
747842,0.0
747843,0.0
747844,0.0
747845,0.0
747846,0.0
747847,0.0
747848,0.0
747849,0.0
747850,0.0
747851,0.0
747852,0.0
747853,0.0
747854,0.0
747855,0.0
747856,0.0
747857,0.0
747858,0.0
747859,0.0
747860,0.0
747861,0.0
747862,0.0
747863,0.0
747864,0.0
747865,0.0
747866,0.0
747867,0.0
747868,0.0
747869,0.0
747870,0.0
747871,0.0
747872,0.0
747873,0.0
747874,0.0
747875,0.0
747876,0.0
747877,0.0
747878,0.0
747879,0.0
747880,0.0
747881,0.0
747882,0.0
747883,0.0
747884,0.0
747885,0.0
747886,0.0
747887,0.0
747888,0.0
747889,0.0
747890,0.0
747891,0.0
747892,0.0
747893,0.0
747894,0.0
747895,0.0
747896,0.0
747897,0.0
747898,0.0
747899,0.0
747900,0.0
747901,0.0
747902,0.0
747903,0.0
747904,0.0
747905,0.0
747906,0.0
747907,0.0
747908,0.0
747909,0.0
747910,0.0
747911,0.0
747912,0.0
747913,0.0
747914,0.0
747915,0.0
747916,0.0
747917,0.0
747918,0.0
747919,0.0
747920,0.0
747921,0.0
747922,0.0
747923,0.0
747924,0.0
747925,0.0
747926,0.0
747927,0.0
747928,0.0
747929,0.0
747930,0.0
747931,0.0
747932,0.0
747933,0.0
747934,0.0
747935,0.0
747936,0.0
747937,0.0
747938,0.0
747939,0.0
747940,0.0
747941,0.0
747942,0.0
747943,0.0
747944,0.0
747945,0.0
747946,0.0
747947,0.0
747948,0.0
747949,0.0
747950,0.0
747951,0.0
747952,0.0
747953,0.0
747954,0.0
747955,8.595255e-31
747956,0.0
747957,0.0
747958,0.0
747959,0.0
747960,0.0
747961,0.0
747962,0.0
747963,0.0
747964,0.0
747965,0.0
747966,0.0
747967,0.0
747968,0.0
747969,0.0
747970,0.0
747971,0.0
747972,0.0
747973,0.0
747974,0.0
747975,0.0
747976,0.0
747977,0.0
747978,0.0
747979,0.0
747980,0.0
747981,0.0
747982,0.0
747983,0.0
747984,0.0
747985,0.0
747986,0.0
747987,0.0
747988,0.0
747989,0.0
747990,0.0
747991,0.0
747992,0.0
747993,0.0
747994,0.0
747995,0.0
747996,0.0
747997,0.0
747998,0.0
747999,0.0
748000,0.0
748001,0.0
748002,0.0
748003,0.0
748004,0.0
748005,0.0
748006,0.0
748007,0.0
748008,0.0
748009,0.0
748010,0.0
748011,0.0
748012,0.0
748013,0.0
748014,0.0
748015,0.0
748016,0.0
748017,0.0
748018,0.0
748019,0.0
748020,0.0
748021,0.0
748022,0.010696629
748023,0.0
748024,0.0
748025,0.0
748026,0.0
748027,0.0
748028,0.0
748029,0.0
748030,0.0
748031,0.0
748032,0.0
748033,0.0
748034,0.0
748035,0.0
748036,0.0
748037,0.0
748038,0.0
748039,0.0
748040,0.0
748041,0.0
748042,0.0
748043,0.0
748044,0.0
748045,0.0
748046,0.0
748047,0.0
748048,0.0
748049,0.0
748050,0.0
748051,0.0
748052,0.0
748053,0.0
748054,0.0
748055,0.0
748056,0.0
748057,0.0
748058,0.0
748059,0.0
748060,0.0
748061,0.0
748062,0.0
748063,0.0
748064,0.0
748065,0.0
748066,0.0
748067,0.0
748068,0.0
748069,0.0
748070,0.0
748071,0.0
748072,0.0
748073,0.0
748074,0.0
748075,0.0
748076,0.0
748077,0.0
748078,0.0
748079,0.0
748080,0.0
748081,0.0
748082,0.0
748083,0.0
748084,0.0
748085,0.0
748086,0.0
748087,0.0
748088,0.0
748089,0.0
748090,0.0
748091,0.0
748092,0.0
748093,0.0
748094,0.0
748095,0.0
748096,0.0
748097,0.0
748098,0.0
748099,0.0
748100,0.0
748101,0.0
748102,0.0
748103,0.0
748104,0.0
748105,0.0
748106,0.0
748107,0.0
748108,0.0
748109,0.0
748110,0.0
748111,0.0
748112,0.0
748113,0.0
748114,0.0
748115,0.0
748116,0.0
748117,0.0
748118,0.0
748119,0.0
748120,0.0
748121,0.0
748122,0.0
748123,0.0
748124,0.0
748125,0.0
748126,0.0
748127,0.0
748128,0.0
748129,0.0
748130,0.0
748131,0.0
748132,0.0
748133,0.0
748134,0.0
748135,0.0
748136,0.0
748137,0.0
748138,0.0
748139,0.0
748140,0.0
748141,0.0
748142,0.0
748143,0.0
748144,0.0
748145,0.0
748146,0.0
748147,0.0
748148,0.0
748149,0.0
748150,0.0
748151,0.0
748152,0.0
748153,4.489347e-06
748154,0.0
748155,0.0
748156,0.0
748157,0.0
748158,0.0
748159,0.0
748160,0.0
748161,0.0
748162,0.0
748163,0.0
748164,0.0
748165,0.0
748166,0.0
748167,0.0
748168,0.0
748169,0.0
748170,0.0
748171,0.0
748172,0.0
748173,0.0
748174,0.0
748175,0.0
748176,0.0
748177,0.0
748178,0.0
748179,0.0
748180,0.0
748181,0.0
748182,0.0
748183,0.0
748184,0.11555427
748185,0.0
748186,0.0
748187,0.0
748188,0.0
748189,0.0
748190,0.0
748191,0.0
748192,0.0
748193,0.0
748194,0.0
748195,0.0
748196,0.0
748197,0.0
748198,0.0
748199,0.0
748200,0.0
748201,0.0
748202,0.0
748203,0.0
748204,0.0
748205,0.0
748206,0.0
748207,0.0
748208,0.0
748209,0.0
748210,0.0
748211,0.0
748212,0.0
748213,0.0
748214,0.0
748215,0.0
748216,0.0
748217,0.0
748218,0.0
748219,0.0
748220,0.0
748221,0.0
748222,0.0
748223,0.0
748224,0.0
748225,0.0
748226,0.0
748227,0.0
748228,0.0
748229,0.0
748230,0.0
748231,0.0
748232,0.0
748233,0.0
748234,0.0
748235,0.0
748236,0.0
748237,0.0
748238,0.0
748239,0.0
748240,0.0
748241,0.0
748242,0.0
748243,0.0
748244,0.0
748245,0.0
748246,0.0
748247,0.0
748248,0.0
748249,0.0
748250,0.0
748251,0.0
748252,0.0
748253,0.0
748254,0.0
748255,0.0
748256,0.0
748257,0.0
748258,0.0
748259,0.0
748260,0.0
748261,0.0
748262,0.0
748263,0.0
748264,0.0
748265,0.0
748266,0.0
748267,0.0
748268,0.0
748269,0.0
748270,0.0
748271,0.0
748272,0.0
748273,0.0
748274,0.0
748275,0.0
748276,0.0
748277,0.0
748278,0.0
748279,0.0
748280,0.0
748281,0.0
748282,0.0
748283,0.0
748284,0.0
748285,0.0
748286,0.0
748287,0.0
748288,0.0
748289,0.0
748290,0.0
748291,0.0
748292,0.0
748293,0.0
748294,0.0
748295,0.0
748296,0.0
748297,5.2426243e-30
748298,0.0
748299,0.0
748300,0.0
748301,0.0
748302,0.0
748303,0.0
748304,0.0
748305,0.0
748306,0.0
748307,0.0
748308,0.0
748309,0.0
748310,0.0
748311,0.0
748312,0.0
748313,0.0
748314,0.0
748315,0.0
748316,0.0
748317,0.0
748318,0.0
748319,0.0
748320,0.0
748321,0.0
748322,0.0
748323,0.0
748324,0.0
748325,0.0
748326,0.0
748327,0.0
748328,0.0
748329,0.0
748330,0.0
748331,0.0
748332,0.0
748333,0.0
748334,0.0
748335,0.0
748336,0.0
748337,0.0
748338,0.0
748339,0.0
748340,0.0
748341,0.0
748342,0.0
748343,0.0
748344,0.0
748345,0.0
748346,0.0
748347,0.0
748348,0.0
748349,0.0
748350,0.0
748351,0.0
748352,0.0
748353,0.0
748354,0.0
748355,0.0
748356,0.0
748357,0.0
748358,0.0
748359,0.0
748360,0.0
748361,0.0
748362,0.0
748363,0.0
748364,0.0
748365,0.0
748366,0.0
748367,0.0
748368,0.0
748369,0.0
748370,0.0
748371,0.0
748372,0.0
748373,0.0
748374,0.0
748375,0.0
748376,0.0
748377,0.0
748378,0.0
748379,0.0
748380,0.0
748381,0.0
748382,0.0
748383,0.0
748384,0.0
748385,0.0
748386,0.0
748387,0.0
748388,0.0
748389,0.0
748390,0.0
748391,0.0
748392,0.0
748393,0.0
748394,0.0
748395,0.0
748396,0.0
748397,1.1823764e-30
748398,0.0
748399,0.0
748400,0.0
748401,0.0
748402,0.0
748403,0.0
748404,0.0
748405,0.0
748406,0.0
748407,0.0
748408,0.0
748409,0.0
748410,0.0
748411,0.0
748412,0.0
748413,0.0
748414,0.0
748415,0.0
748416,0.0
748417,0.0
748418,0.0
748419,0.0
748420,0.0
748421,0.0
748422,0.0
748423,0.0
748424,0.0
748425,0.0
748426,0.0
748427,0.0
748428,0.0
748429,0.0
748430,0.0
748431,0.0
748432,0.0
748433,0.0
748434,0.0
748435,0.0
748436,0.0
748437,0.0
748438,0.0
748439,0.0
748440,0.0
748441,0.0
748442,0.0
748443,0.0
748444,0.0
748445,0.0
748446,0.0
748447,0.0
748448,0.0
748449,0.0
748450,0.0
748451,0.0
748452,0.0
748453,0.0
748454,0.0
748455,0.0
748456,0.0
748457,0.0
748458,0.0
748459,0.0
748460,0.0
748461,0.0
748462,5.163481e-19
748463,0.0
748464,0.0
748465,0.0
748466,0.0
748467,0.0
748468,0.0
748469,0.0
748470,0.0
748471,0.0
748472,0.0
748473,0.0
748474,0.0
748475,0.0
748476,0.0
748477,0.0
748478,0.0
748479,0.0
748480,0.0
748481,0.0
748482,0.0
748483,0.0
748484,0.0
748485,0.0
748486,0.0
748487,0.0
748488,0.0
748489,0.0
748490,0.0
748491,0.0
748492,0.0
748493,0.0
748494,0.0
748495,0.0
748496,0.0
748497,0.0
748498,0.0
748499,0.0
748500,0.0
748501,0.0
748502,0.0
748503,0.0
748504,0.0
748505,0.0
748506,0.0
748507,0.0
748508,0.0
748509,0.0
748510,0.0
748511,0.0
748512,0.0
748513,0.0
748514,0.0
748515,0.0
748516,0.0
748517,0.0
748518,0.0
748519,0.0
748520,0.0
748521,0.0
748522,0.0
748523,0.0
748524,0.0
748525,0.0
748526,0.0
748527,0.0
748528,0.0
748529,0.0
748530,0.0
748531,0.0
748532,0.0
748533,0.0
748534,0.0
748535,0.0
748536,0.0
748537,0.0
748538,0.0
748539,0.0
748540,0.0
748541,0.0
748542,0.0
748543,0.0
748544,0.0
748545,0.0
748546,0.0
748547,0.0
748548,0.0
748549,0.0
748550,0.0
748551,0.0
748552,0.0
748553,0.0
748554,0.0
748555,0.0
748556,0.0
748557,0.0
748558,0.0
748559,0.0
748560,0.0
748561,0.0
748562,0.0
748563,0.0
748564,0.0
748565,6.4365104e-33
748566,0.0
748567,0.0
748568,0.0
748569,0.0
748570,0.0
748571,0.0
748572,0.0
748573,0.0
748574,0.0
748575,0.0
748576,0.0
748577,0.0
748578,0.0
748579,0.0
748580,0.0
748581,0.0
748582,0.0
748583,0.0
748584,0.0
748585,0.0
748586,0.0
748587,0.0
748588,0.0
748589,0.0
748590,0.0
748591,0.0
748592,0.0
748593,0.0
748594,0.0
748595,0.0
748596,0.0
748597,0.0
748598,0.0
748599,0.0
748600,0.0
748601,0.0
748602,0.0
748603,0.0
748604,0.0
748605,0.0
748606,0.0
748607,0.0
748608,0.0
748609,0.0
748610,0.0
748611,0.0
748612,0.0
748613,0.0
748614,0.0
748615,0.0
748616,0.0
748617,0.0
748618,0.0
748619,0.0
748620,0.0
748621,0.0
748622,0.0
748623,0.0
748624,0.0
748625,0.0
748626,0.0
748627,0.0
748628,0.0
748629,0.0
748630,0.0
748631,0.0
748632,0.0
748633,0.0
748634,0.0
748635,0.0
748636,0.0
748637,0.0
748638,0.0
748639,0.0
748640,0.0
748641,0.0
748642,0.0
748643,0.0
748644,0.0
748645,0.0
748646,0.0
748647,0.0
748648,0.0
748649,0.0
748650,0.0
748651,0.0
748652,0.0
748653,0.0
748654,0.0
748655,0.0
748656,6.2698985e-26
748657,0.0
748658,0.0
748659,0.0
748660,0.0
748661,0.0
748662,0.0
748663,0.0
748664,0.0
748665,0.0
748666,0.0
748667,0.0
748668,0.0
748669,0.0
748670,0.0
748671,0.0
748672,0.0
748673,0.0
748674,0.0
748675,0.0
748676,0.0
748677,0.0
748678,0.0
748679,0.0
748680,0.0
748681,0.0
748682,0.0
748683,0.0
748684,0.0
748685,0.0
748686,0.0
748687,0.0
748688,0.0
748689,0.0
748690,0.0
748691,0.0
748692,0.0
748693,0.0
748694,0.0
748695,0.0
748696,0.0
748697,0.0
748698,0.0
748699,0.0
748700,0.0
748701,0.0
748702,0.0
748703,0.0
748704,0.0
748705,0.0
748706,0.0
748707,0.0
748708,0.0
748709,0.0
748710,0.0
748711,0.0
748712,0.0
748713,0.0
748714,0.0
748715,0.0
748716,0.0
748717,0.0
748718,0.0
748719,8.4087293e-19
748720,0.0
748721,0.0
748722,0.0
748723,0.0
748724,0.0
748725,0.0
748726,0.0
748727,0.0
748728,0.0
748729,0.0
748730,0.0
748731,0.0
748732,0.0
748733,0.0
748734,0.0
748735,0.0
748736,0.0
748737,0.0
748738,0.0
748739,0.0
748740,0.0
748741,0.0
748742,0.0
748743,0.0
748744,0.0
748745,0.0
748746,0.0
748747,0.0
748748,0.0
748749,0.0
748750,0.0
748751,0.0
748752,0.0
748753,0.0
748754,0.0
748755,0.0
748756,0.0
748757,0.0
748758,0.0
748759,0.0
748760,0.0
748761,0.0
748762,0.0
748763,0.0
748764,0.0
748765,0.0
748766,0.0
748767,0.0
748768,0.0
748769,0.0
748770,0.0
748771,0.0
748772,0.0
748773,0.0
748774,0.0
748775,0.0
748776,0.0
748777,0.0
748778,0.0
748779,0.0
748780,0.0
748781,0.0
748782,0.0
748783,0.0
748784,0.0
748785,0.0
748786,0.0
748787,0.0
748788,0.0
748789,0.0
748790,0.0
748791,0.0
748792,0.0
748793,0.0
748794,0.0
748795,0.0
748796,0.0
748797,0.0
748798,0.0
748799,0.0
748800,0.0
748801,0.0
748802,0.0
748803,0.0
748804,0.0
748805,0.0
748806,0.0
748807,0.0
748808,0.0
748809,0.0
748810,0.0
748811,0.0
748812,0.0
748813,0.0
748814,0.0
748815,0.0
748816,0.0
748817,0.0
748818,0.0
748819,0.0
748820,0.0
748821,0.0
748822,0.0
748823,0.0
748824,0.0
748825,0.0
748826,0.0
748827,0.0
748828,0.0
748829,0.0
748830,0.0
748831,0.0
748832,0.0
748833,0.0
748834,0.0
748835,0.0
748836,0.0
748837,1.0366625e-16
748838,0.0
748839,0.0
748840,0.0
748841,0.0
748842,0.0
748843,0.0
748844,0.0
748845,0.0
748846,0.0
748847,0.0
748848,0.0
748849,0.0
748850,0.0
748851,0.0
748852,0.0
748853,0.0
748854,0.0
748855,0.0
748856,0.0
748857,0.0
748858,0.0
748859,0.0
748860,0.0
748861,0.0
748862,0.0
748863,0.0
748864,0.0
748865,3.2353948e-14
748866,0.0
748867,0.0
748868,0.0
748869,0.0
748870,0.0
748871,0.0
748872,0.0
748873,0.0
748874,0.0
748875,0.0
748876,0.0
748877,0.0
748878,0.0
748879,0.0
748880,0.0
748881,0.0
748882,0.0
748883,0.0
748884,0.0
748885,0.0
748886,0.0
748887,0.0
748888,0.0
748889,0.0
748890,0.0
748891,0.0
748892,0.0
748893,0.0
748894,0.0
748895,0.0
748896,0.0
748897,0.0
748898,0.0
748899,0.0
748900,0.0
748901,0.0
748902,0.0
748903,0.0
748904,0.0
748905,0.0
748906,0.0
748907,0.0
748908,0.0
748909,0.0
748910,0.0
748911,0.0
748912,0.0
748913,0.0
748914,0.0
748915,0.0
748916,0.0
748917,0.0
748918,0.0
748919,0.0
748920,0.0
748921,0.0
748922,0.0
748923,0.0
748924,0.0
748925,0.0
748926,0.0
748927,0.0
748928,0.0
748929,0.0
748930,0.0
748931,0.0
748932,0.0
748933,0.0
748934,0.0
748935,0.0
748936,0.0
748937,0.0
748938,0.0
748939,0.0
748940,0.0
748941,0.0
748942,0.0
748943,0.0
748944,0.0
748945,0.0
748946,0.0
748947,0.0
748948,0.0
748949,0.0
748950,0.0
748951,0.0
748952,0.0
748953,0.0
748954,0.0
748955,0.0
748956,0.0
748957,0.0
748958,0.0
748959,0.0
748960,0.0
748961,0.0
748962,0.0
748963,0.0
748964,0.0
748965,0.0
748966,0.0
748967,0.0
748968,0.0
748969,0.0
748970,0.0
748971,0.0
748972,0.0
748973,0.0
748974,0.0
748975,0.0
748976,0.0
748977,0.0
748978,0.0
748979,0.0
748980,0.0
748981,0.0
748982,0.0
748983,0.0
748984,0.0
748985,0.0
748986,0.0
748987,0.0
748988,0.0
748989,0.0
748990,0.0
748991,0.0
748992,0.0
748993,0.0
748994,0.0
748995,0.0
748996,0.0
748997,0.0
748998,0.0
748999,0.0
749000,0.0
749001,0.0
749002,0.0
749003,0.0
749004,0.0
749005,0.0
749006,0.0
749007,0.0
749008,0.0
749009,0.0
749010,0.0
749011,0.0
749012,0.0
749013,0.0
749014,0.0
749015,0.0
749016,0.0
749017,0.0
749018,0.0
749019,0.0
749020,0.0
749021,0.0
749022,0.0
749023,0.0
749024,0.0
749025,0.0
749026,0.0
749027,0.0
749028,0.0
749029,0.0
749030,0.0
749031,0.0
749032,0.0
749033,0.0
749034,0.0
749035,0.0
749036,0.0
749037,0.0
749038,0.0
749039,0.0
749040,0.0
749041,0.0
749042,0.0
749043,0.0
749044,0.0
749045,0.0
749046,0.0
749047,0.0
749048,0.0
749049,0.0
749050,0.0
749051,0.0
749052,0.0
749053,0.0
749054,0.0
749055,0.0
749056,0.0
749057,0.0
749058,0.0
749059,0.0
749060,0.0
749061,0.0
749062,0.0
749063,0.0
749064,0.0
749065,0.0
749066,0.0
749067,0.0
749068,0.0
749069,0.0
749070,0.0
749071,0.0
749072,0.0
749073,0.0
749074,0.0
749075,0.0
749076,0.0
749077,0.0
749078,0.0
749079,0.0
749080,0.0
749081,0.0
749082,0.0
749083,0.0
749084,0.0
749085,0.0
749086,0.0
749087,0.0
749088,0.0
749089,0.0
749090,0.0
749091,0.0
749092,0.0
749093,0.0
749094,0.0
749095,0.0
749096,0.0
749097,0.0
749098,0.0
749099,0.0
749100,0.0
749101,0.0
749102,0.0
749103,0.0
749104,0.0
749105,0.0
749106,0.0
749107,0.0
749108,0.0
749109,0.0
749110,0.0
749111,0.0
749112,0.0
749113,0.0
749114,0.0
749115,0.0
749116,0.0
749117,0.0
749118,0.0
749119,0.0
749120,0.0
749121,9.455204e-18
749122,0.0
749123,0.0
749124,0.0
749125,0.0
749126,0.0
749127,0.0
749128,0.0
749129,0.0
749130,0.0
749131,0.0
749132,0.0
749133,0.0
749134,0.0
749135,0.0
749136,0.0
749137,0.0
749138,0.0
749139,0.0
749140,0.0
749141,0.0
749142,0.0
749143,0.0
749144,0.0
749145,0.0
749146,0.0
749147,0.0
749148,0.0
749149,0.0
749150,0.0
749151,0.0
749152,0.0
749153,0.0
749154,0.0
749155,0.0
749156,0.0
749157,0.0
749158,0.0
749159,0.0
749160,0.0
749161,0.0
749162,0.0
749163,0.0
749164,0.0
749165,0.0
749166,0.0
749167,0.0
749168,0.0
749169,0.0
749170,0.0
749171,0.0
749172,0.0
749173,0.0
749174,0.0
749175,0.0
749176,0.0
749177,0.0
749178,0.0
749179,0.0
749180,0.0
749181,0.0
749182,0.0
749183,0.0
749184,0.0
749185,0.0
749186,0.0
749187,0.0
749188,0.0
749189,0.0
749190,0.0
749191,0.0
749192,0.0
749193,0.0
749194,0.0
749195,0.0
749196,0.0
749197,0.0
749198,0.0
749199,0.0
749200,0.0
749201,0.0
749202,0.0
749203,0.0
749204,0.0
749205,0.0
749206,0.0
749207,0.0
749208,0.0
749209,0.0
749210,0.0
749211,0.0
749212,0.0
749213,0.0
749214,0.0
749215,0.0
749216,0.0
749217,0.0
749218,0.0
749219,0.0
749220,0.0
749221,0.0
749222,0.0
749223,0.0
749224,0.0
749225,0.0
749226,0.0
749227,0.0
749228,0.0
749229,0.0
749230,0.0
749231,0.0
749232,0.0
749233,0.0
749234,0.0
749235,0.0
749236,0.0
749237,0.0
749238,0.0
749239,0.0
749240,0.0
749241,0.0
749242,0.0
749243,0.0
749244,0.0
749245,0.0
749246,0.0
749247,0.0
749248,0.0
749249,0.0
749250,0.0
749251,0.0
749252,0.0
749253,0.0
749254,0.0
749255,0.0
749256,0.0
749257,0.0
749258,0.0
749259,0.0
749260,0.0
749261,0.0
749262,0.0
749263,0.0
749264,0.0
749265,0.0
749266,0.0
749267,0.0
749268,0.0
749269,0.0
749270,0.0
749271,0.0
749272,0.0
749273,0.0
749274,0.36242384
749275,0.0
749276,0.0
749277,0.0
749278,0.0
749279,0.0
749280,0.0
749281,0.0
749282,0.0
749283,0.0
749284,0.0
749285,0.0
749286,0.0
749287,0.0
749288,0.0
749289,0.0
749290,0.0
749291,0.0
749292,0.0
749293,0.0
749294,0.0
749295,0.0
749296,0.0
749297,0.0
749298,0.0
749299,0.0
749300,0.0
749301,0.0
749302,0.0
749303,0.0
749304,0.0
749305,0.0
749306,0.0
749307,0.0
749308,0.0
749309,0.0
749310,0.0
749311,0.0
749312,0.0
749313,0.0
749314,0.0
749315,0.0
749316,0.0
749317,0.0
749318,0.0
749319,0.0
749320,0.0
749321,0.0
749322,0.0
749323,0.0
749324,0.0
749325,0.0
749326,0.0
749327,0.0
749328,0.0
749329,0.0
749330,0.0
749331,0.0
749332,0.0
749333,0.0
749334,0.0
749335,0.0
749336,0.0
749337,0.0
749338,0.0
749339,0.0
749340,0.0
749341,0.0
749342,0.0
749343,0.0
749344,0.0
749345,0.0
749346,0.0
749347,0.0
749348,0.0
749349,0.0
749350,0.0
749351,0.0
749352,0.0
749353,0.0
749354,0.0
749355,0.0
749356,0.0
749357,0.0
749358,0.0
749359,0.0
749360,0.0
749361,0.0
749362,0.0
749363,0.0
749364,0.0
749365,0.0
749366,0.0
749367,0.0
749368,0.0
749369,0.0
749370,0.0
749371,0.0
749372,0.0
749373,0.0
749374,0.0
749375,0.0
749376,0.0
749377,0.0
749378,0.0
749379,0.0
749380,0.0
749381,0.0
749382,0.0
749383,0.0
749384,0.0
749385,0.0
749386,0.0
749387,0.0
749388,0.0
749389,0.0
749390,0.0
749391,0.0
749392,0.0
749393,0.0
749394,0.0
749395,0.0
749396,0.0
749397,0.0
749398,0.0
749399,0.0
749400,0.0
749401,0.0
749402,0.0
749403,0.0
749404,0.0
749405,0.0
749406,0.0
749407,0.0
749408,0.0
749409,0.0
749410,0.0
749411,0.0
749412,0.0
749413,0.0
749414,0.0
749415,0.0
749416,0.0
749417,0.0
749418,0.0
749419,0.0
749420,0.0
749421,0.0
749422,0.0
749423,0.0
749424,0.0
749425,0.0
749426,0.0
749427,0.0
749428,0.0
749429,0.0
749430,3.0174573e-14
749431,0.0
749432,0.0
749433,0.0
749434,0.0
749435,0.0
749436,0.0
749437,0.0
749438,0.0
749439,0.0
749440,0.0
749441,0.0
749442,0.0
749443,0.0
749444,0.0
749445,0.0
749446,0.0
749447,0.0
749448,8.768691e-39
749449,0.0
749450,0.0
749451,0.0
749452,0.0
749453,0.0
749454,0.0
749455,0.0
749456,0.0
749457,0.0
749458,0.0
749459,0.0
749460,0.0
749461,0.0
749462,0.0
749463,0.0
749464,0.0
749465,0.0
749466,0.0
749467,0.0
749468,0.0
749469,0.0
749470,0.0
749471,0.0
749472,0.0
749473,0.0
749474,0.0
749475,0.0
749476,0.0
749477,0.0
749478,0.0
749479,0.0
749480,0.0
749481,0.0
749482,0.0
749483,0.0
749484,0.0
749485,0.0
749486,0.0
749487,0.0
749488,0.0
749489,0.0
749490,0.0
749491,0.0
749492,0.0
749493,0.0
749494,0.0
749495,0.0
749496,0.0
749497,0.0
749498,0.0
749499,0.0
749500,0.0
749501,0.0
749502,0.0
749503,0.0
749504,0.0
749505,0.0
749506,0.0
749507,0.0
749508,0.0
749509,0.0
749510,0.0
749511,0.0
749512,0.0
749513,0.0
749514,0.0
749515,0.0
749516,0.0
749517,0.0
749518,0.0
749519,0.0
749520,0.0
749521,0.0
749522,0.0
749523,0.0
749524,0.0
749525,2.0909778e-07
749526,0.0
749527,0.0
749528,0.0
749529,0.0
749530,0.0
749531,0.0
749532,0.0
749533,0.0
749534,0.0
749535,0.0
749536,0.0
749537,0.0
749538,0.0
749539,0.0
749540,0.0
749541,0.0
749542,0.0
749543,0.0
749544,0.0
749545,0.0
749546,0.0
749547,0.0
749548,0.0
749549,0.0
749550,0.0
749551,0.0
749552,0.0
749553,0.0
749554,0.0
749555,0.0
749556,0.0
749557,0.0
749558,0.0
749559,0.0
749560,3.9504506e-36
749561,0.0
749562,0.0
749563,0.0
749564,0.0
749565,0.0
749566,0.0
749567,0.0
749568,0.0
749569,0.0
749570,0.0
749571,0.0
749572,0.0
749573,0.0
749574,0.0
749575,0.0
749576,0.0
749577,0.0
749578,0.0
749579,0.0
749580,0.0
749581,0.0
749582,0.0
749583,0.0
749584,0.0
749585,0.0
749586,0.0
749587,0.0
749588,0.0
749589,0.0
749590,0.0
749591,0.0
749592,0.0
749593,0.0
749594,0.0
749595,0.0
749596,0.0
749597,0.0
749598,0.0
749599,0.0
749600,0.0
749601,0.0
749602,0.0
749603,0.0
749604,0.0
749605,0.0
749606,0.0
749607,0.0
749608,0.0
749609,0.0
749610,0.0
749611,0.0
749612,0.0
749613,0.0
749614,0.0
749615,0.0
749616,0.0
749617,0.0
749618,0.0
749619,0.0
749620,0.0
749621,8.1083877e-38
749622,0.0
749623,0.0
749624,0.0
749625,0.0
749626,0.0
749627,0.0
749628,0.0
749629,0.0
749630,0.0
749631,0.0
749632,0.0
749633,0.0
749634,0.0
749635,0.0
749636,0.0
749637,0.0
749638,0.0
749639,0.0
749640,0.0
749641,0.0
749642,0.0
749643,0.0
749644,0.0
749645,0.0
749646,0.0
749647,0.0
749648,0.0
749649,0.0
749650,0.0
749651,0.0
749652,0.0
749653,0.0
749654,0.0
749655,0.0
749656,0.0
749657,0.0
749658,1.568717e-19
749659,0.0
749660,0.0
749661,0.0
749662,0.0
749663,0.0
749664,0.0
749665,0.0
749666,0.0
749667,0.0
749668,0.0
749669,0.0
749670,0.0
749671,0.0
749672,0.0
749673,0.0
749674,0.0
749675,0.0
749676,0.0
749677,0.0
749678,0.0
749679,0.0
749680,0.0
749681,0.0
749682,0.0
749683,0.0
749684,0.0
749685,0.0
749686,0.0
749687,0.0
749688,0.0
749689,0.0
749690,0.0
749691,0.0
749692,0.0
749693,0.0
749694,0.0
749695,0.0
749696,0.0
749697,0.0
749698,0.0
749699,0.0
749700,0.0
749701,0.0
749702,0.0
749703,0.0
749704,0.0
749705,0.0
749706,0.0
749707,0.0
749708,0.0
749709,0.0
749710,0.0
749711,0.0
749712,0.0
749713,0.0
749714,0.0
749715,0.0
749716,0.0
749717,0.0
749718,0.0
749719,0.0
749720,0.0
749721,0.0
749722,0.0
749723,0.0
749724,0.0
749725,0.0
749726,0.0
749727,0.0
749728,0.0
749729,0.0
749730,0.0
749731,0.0
749732,0.0
749733,0.0
749734,0.0
749735,0.0
749736,0.0
749737,0.0
749738,0.0
749739,0.0
749740,0.0
749741,0.0
749742,0.0
749743,0.0
749744,0.0
749745,0.0
749746,0.0
749747,0.0
749748,0.0
749749,0.0
749750,0.0
749751,0.0
749752,0.0
749753,0.0
749754,0.0
749755,0.0
749756,0.0
749757,0.0
749758,0.0
749759,0.0
749760,0.0
749761,0.0
749762,0.0
749763,0.0
749764,0.0
749765,0.0
749766,0.0
749767,0.0
749768,0.0
749769,0.0
749770,0.0
749771,0.0
749772,0.0
749773,0.0
749774,0.0
749775,0.0
749776,0.0
749777,0.0
749778,0.0
749779,0.0
749780,0.0
749781,0.0
749782,0.0
749783,0.0
749784,0.0
749785,0.0
749786,0.0
749787,6.619087e-15
749788,0.0
749789,0.0
749790,0.0
749791,0.0
749792,0.0
749793,0.0
749794,1.2209596e-10
749795,0.0
749796,0.0
749797,0.0
749798,0.0
749799,0.0
749800,0.0
749801,0.0
749802,0.0
749803,0.0
749804,0.0
749805,0.0
749806,0.0
749807,0.0
749808,0.0
749809,0.0
749810,0.0
749811,0.0
749812,0.0
749813,0.0
749814,0.0
749815,0.0
749816,0.0
749817,0.0
749818,0.0
749819,0.0
749820,0.0
749821,0.0
749822,0.0
749823,0.0
749824,0.0
749825,0.0
749826,0.0
749827,0.0
749828,0.0
749829,0.0
749830,0.0
749831,0.0
749832,0.0
749833,0.0
749834,0.0
749835,0.0
749836,0.0
749837,0.0
749838,0.0
749839,0.0
749840,0.0
749841,0.0
749842,0.0
749843,0.0
749844,0.0
749845,0.0
749846,0.0
749847,0.0
749848,0.0
749849,0.0
749850,0.0
749851,0.0
749852,0.0
749853,0.0
749854,0.0
749855,0.0
749856,0.0
749857,0.0
749858,0.0
749859,0.0
749860,0.0
749861,0.0
749862,0.0
749863,0.0
749864,0.0
749865,0.0
749866,0.0
749867,0.0
749868,0.0
749869,0.0
749870,0.0
749871,0.0
749872,0.0
749873,0.0
749874,0.0
749875,0.0
749876,0.0
749877,0.0
749878,0.0
749879,0.0
749880,0.0
749881,0.0
749882,0.0
749883,0.0
749884,0.0
749885,0.0
749886,0.0
749887,0.0
749888,0.0
749889,0.0
749890,0.0
749891,0.0
749892,0.0
749893,0.0
749894,0.0
749895,0.0
749896,0.0
749897,0.0
749898,0.0
749899,0.0
749900,0.0
749901,0.0
749902,0.0
749903,0.0
749904,0.0
749905,0.0
749906,0.0
749907,0.0
749908,0.0
749909,0.0
749910,0.0
749911,0.0
749912,0.0
749913,0.0
749914,0.0
749915,0.0
749916,0.0
749917,0.0
749918,0.0
749919,0.0
749920,0.0
749921,0.0
749922,0.0
749923,0.0
749924,0.0
749925,0.0
749926,0.0
749927,0.0
749928,0.0
749929,0.0
749930,0.0
749931,0.0
749932,0.0
749933,0.0
749934,0.0
749935,0.0
749936,0.0
749937,0.0
749938,0.0
749939,0.0
749940,0.0
749941,0.0
749942,0.0
749943,0.0
749944,0.0
749945,0.0
749946,0.0
749947,0.0
749948,0.0
749949,0.0
749950,0.0
749951,0.0
749952,0.0
749953,0.0
749954,0.0
749955,0.0
749956,0.0
749957,0.0
749958,0.0
749959,0.0
749960,0.0
749961,0.0
749962,0.0
749963,0.0
749964,0.0
749965,0.0
749966,0.0
749967,0.0
749968,0.0
749969,0.0
749970,0.0
749971,0.0
749972,0.0
749973,0.0
749974,0.0
749975,0.0
749976,0.0
749977,0.0
749978,0.0
749979,0.0
749980,0.0
749981,0.0
749982,0.0
749983,0.0
749984,0.0
749985,0.0
749986,0.0
749987,0.0
749988,0.0
749989,0.0
749990,0.0
749991,0.0
749992,0.0
749993,0.0
749994,0.0
749995,0.0
749996,0.0
749997,0.0
749998,0.0
749999,0.0
750000,0.0
750001,0.0
750002,0.0
750003,0.0
750004,0.0
750005,0.0
750006,0.0
750007,0.0
750008,0.0
750009,0.0
750010,0.0
750011,0.0
750012,0.0
750013,0.0
750014,0.0
750015,0.0
750016,0.0
750017,0.0
750018,0.0
750019,0.0
750020,0.0
750021,0.0
750022,0.0
750023,0.0
750024,0.0
750025,0.0
750026,0.0
750027,0.0
750028,0.0
750029,0.0
750030,0.0
750031,0.0
750032,0.0
750033,0.0
750034,0.0
750035,0.0
750036,0.0
750037,0.0
750038,0.0
750039,0.0
750040,0.0
750041,0.0
750042,0.0
750043,0.0
750044,0.0
750045,0.0
750046,0.0
750047,0.0
750048,0.0
750049,0.0
750050,0.0
750051,0.0
750052,0.0
750053,0.0
750054,0.0
750055,0.0
750056,0.0
750057,0.0
750058,0.0
750059,0.0
750060,0.0
750061,0.0
750062,0.0
750063,0.0
750064,0.0
750065,0.0
750066,0.0
750067,0.0
750068,0.0
750069,0.0
750070,0.0
750071,0.0
750072,0.0
750073,0.0
750074,0.0
750075,0.0
750076,0.0
750077,0.0
750078,0.0
750079,0.0
750080,0.0
750081,0.0
750082,0.0
750083,0.0
750084,0.0
750085,0.0
750086,0.0
750087,0.0
750088,0.0
750089,0.0
750090,0.0
750091,0.0
750092,0.0
750093,0.0
750094,0.0
750095,0.0
750096,0.0
750097,0.0
750098,0.0
750099,0.0
750100,0.0
750101,0.0
750102,0.0
750103,0.0
750104,0.0
750105,0.0
750106,0.0
750107,0.0
750108,0.0
750109,0.0
750110,0.0
750111,0.0
750112,0.0
750113,0.0
750114,0.0
750115,0.0
750116,0.0
750117,0.0
750118,0.0
750119,0.0
750120,0.0
750121,0.0
750122,0.0
750123,0.36242384
750124,0.0
750125,0.0
750126,0.0
750127,0.0
750128,0.0
750129,0.0
750130,0.0
750131,0.0
750132,0.0
750133,0.0
750134,0.0
750135,0.0
750136,0.0
750137,0.0
750138,0.0
750139,0.0
750140,0.0
750141,0.0
750142,0.0
750143,0.0
750144,0.0
750145,0.0
750146,0.0
750147,0.0
750148,0.0
750149,5.708521e-05
750150,0.0
750151,0.0
750152,0.0
750153,0.0
750154,0.0
750155,0.0
750156,0.0
750157,0.0
750158,0.0
750159,0.0
750160,0.0
750161,0.0
750162,0.0
750163,0.0
750164,0.0
750165,0.0
750166,0.0
750167,0.0
750168,0.0
750169,0.0
750170,0.0
750171,0.0
750172,0.0
750173,0.0
750174,0.0
750175,0.0
750176,0.0
750177,0.0
750178,0.0
750179,0.0
750180,0.0
750181,0.0
750182,0.0
750183,0.0
750184,0.0
750185,0.0
750186,0.0
750187,0.0
750188,0.0
750189,0.0
750190,0.0
750191,0.0
750192,0.0
750193,0.0
750194,0.0
750195,0.0
750196,0.0
750197,0.0
750198,0.0
750199,0.0
750200,0.0
750201,0.0
750202,0.0
750203,0.0
750204,0.0
750205,0.0
750206,0.0
750207,0.0
750208,0.0
750209,0.0
750210,0.0
750211,0.0
750212,0.0
750213,0.0
750214,0.0
750215,0.0
750216,0.0
750217,0.0
750218,0.0
750219,0.0
750220,0.0
750221,0.0
750222,0.0
750223,0.0
750224,0.0
750225,0.0
750226,0.0
750227,0.0
750228,0.0
750229,0.0
750230,0.0
750231,0.0
750232,0.0
750233,0.0
750234,0.0
750235,0.0
750236,0.0
750237,0.0
750238,0.0
750239,0.0
750240,0.0
750241,0.0004551009
750242,0.0
750243,0.0
750244,3.8226422e-16
750245,0.0
750246,0.0
750247,0.0
750248,0.0
750249,0.0
750250,0.0
750251,0.0
750252,0.0
750253,0.0
750254,0.0
750255,0.0
750256,0.0
750257,0.0
750258,0.0
750259,0.0
750260,0.0
750261,0.0
750262,0.0
750263,0.0
750264,0.0
750265,0.0
750266,0.0
750267,0.0
750268,0.0
750269,0.0
750270,0.0
750271,0.0
750272,0.0
750273,0.0
750274,0.0
750275,0.0
750276,0.0
750277,0.0
750278,0.0
750279,0.0
750280,0.0
750281,0.0
750282,0.0
750283,0.0
750284,0.0
750285,0.0
750286,0.0
750287,0.0
750288,0.0
750289,0.0
750290,0.0
750291,0.0
750292,0.0
750293,0.0
750294,0.0
750295,0.0
750296,0.0
750297,0.0
750298,0.0
750299,0.0
750300,0.0
750301,0.0
750302,0.0
750303,0.0
750304,0.0
750305,0.0
750306,0.0
750307,0.0
750308,0.0
750309,0.5843527
750310,0.0
750311,0.0
750312,0.0
750313,0.0
750314,0.0
750315,0.0
750316,0.0
750317,0.0
750318,0.0
750319,0.0
750320,0.0
750321,0.0
750322,0.0
750323,0.0
750324,0.0
750325,0.0
750326,0.0
750327,0.0
750328,0.0
750329,0.0
750330,0.0
750331,0.0
750332,0.0
750333,0.0
750334,0.0
750335,0.0
750336,0.0
750337,0.0
750338,0.0
750339,1.2137076e-15
750340,0.0
750341,0.0
750342,0.0
750343,0.0
750344,0.0
750345,0.0
750346,0.0
750347,0.0
750348,0.0
750349,0.0
750350,0.0
750351,0.0
750352,0.0
750353,0.0
750354,0.0
750355,0.0
750356,0.0
750357,0.0
750358,0.0
750359,0.0
750360,0.0
750361,0.0
750362,0.0
750363,0.0
750364,0.0
750365,0.0
750366,0.0
750367,0.0
750368,0.0
750369,0.0
750370,0.0
750371,0.0
750372,0.0
750373,0.0
750374,0.0
750375,0.0
750376,0.0
750377,0.0
750378,0.0
750379,0.0
750380,0.0
750381,0.0
750382,0.0
750383,0.0
750384,0.0
750385,0.0
750386,0.0
750387,0.0
750388,0.0
750389,0.0
750390,0.0
750391,0.0
750392,0.0
750393,0.0
750394,0.0
750395,0.0
750396,0.0
750397,0.0
750398,0.0
750399,0.0
750400,0.0
750401,0.0
750402,0.0
750403,0.0
750404,0.0
750405,0.0
750406,0.0
750407,0.0
750408,0.0
750409,0.0
750410,0.0
750411,0.0
750412,0.0
750413,0.0
750414,0.0
750415,0.0
750416,0.0
750417,0.0
750418,0.0
750419,0.0
750420,0.0
750421,0.0
750422,0.0
750423,0.0
750424,0.0
750425,0.0
750426,0.0
750427,0.0
750428,0.0
750429,0.0
750430,0.0
750431,0.0
750432,0.0
750433,0.0
750434,0.0
750435,0.0
750436,0.0
750437,0.0
750438,0.0
750439,0.0
750440,0.0
750441,0.0
750442,0.0
750443,0.0
750444,0.0
750445,0.0
750446,0.0
750447,0.0
750448,0.0
750449,0.0
750450,0.0
750451,0.0
750452,0.0
750453,0.0
750454,0.0
750455,0.0
750456,0.0
750457,0.0
750458,0.0
750459,0.0
750460,0.0
750461,0.0
750462,0.0
750463,0.0
750464,0.0
750465,0.0
750466,0.0
750467,0.0
750468,0.0
750469,0.0
750470,0.0
750471,0.0
750472,0.0
750473,0.0
750474,0.0
750475,0.0
750476,0.0
750477,0.0
750478,0.0
750479,0.0
750480,0.0
750481,0.0
750482,0.0
750483,0.0
750484,0.0
750485,0.0
750486,0.0
750487,0.0
750488,0.0
750489,0.0
750490,0.0
750491,0.0
750492,0.0
750493,0.0
750494,0.0
750495,0.0
750496,0.0
750497,0.0
750498,0.0
750499,0.0
750500,0.0
750501,0.0
750502,0.0
750503,0.0
750504,0.0
750505,0.0
750506,0.0
750507,0.0
750508,0.0
750509,0.0
750510,0.0
750511,0.0
750512,0.0
750513,0.0
750514,0.0
750515,0.0
750516,0.0
750517,0.0
750518,0.0
750519,0.0
750520,0.0
750521,0.0
750522,0.0
750523,0.0
750524,0.0
750525,0.0
750526,0.0
750527,0.0
750528,0.0
750529,0.0
750530,0.0
750531,0.0
750532,0.0
750533,0.0
750534,0.0
750535,0.0
750536,0.0
750537,0.0
750538,0.0
750539,0.0
750540,0.0
750541,0.0
750542,0.0
750543,0.0
750544,0.0
750545,0.0
750546,0.0
750547,0.0
750548,0.0
750549,0.0
750550,0.0
750551,0.0
750552,0.0
750553,0.0
750554,0.0
750555,0.0
750556,0.0
750557,0.0
750558,0.0
750559,0.0
750560,0.0
750561,0.0
750562,0.0
750563,0.0
750564,0.0
750565,0.0
750566,0.0
750567,0.0
750568,0.0
750569,0.0
750570,0.0
750571,0.0
750572,0.0
750573,0.0
750574,0.0
750575,0.0
750576,0.0
750577,0.0
750578,0.0
750579,0.0
750580,0.0
750581,0.0
750582,0.0
750583,0.0
750584,0.0
750585,0.0
750586,0.0
750587,0.0
750588,0.0
750589,0.0
750590,0.0
750591,0.0
750592,0.0
750593,0.0
750594,0.0
750595,0.0
750596,0.0
750597,0.0
750598,0.0
750599,0.0
750600,0.0
750601,0.0
750602,0.0
750603,0.0
750604,0.0
750605,0.0
750606,0.0
750607,0.0
750608,0.0
750609,0.0
750610,0.0
750611,0.0
750612,0.0
750613,0.0
750614,0.0
750615,0.0
750616,0.0
750617,0.0
750618,0.0
750619,0.0
750620,0.0
750621,0.0
750622,0.0
750623,0.0
750624,0.0
750625,0.0
750626,0.0
750627,0.0
750628,0.0
750629,0.0
750630,0.0
750631,0.0
750632,0.0
750633,0.0
750634,0.0
750635,0.0
750636,0.0
750637,0.0
750638,0.0
750639,0.0
750640,0.0
750641,0.0
750642,0.0
750643,0.0
750644,0.0
750645,0.0
750646,0.0
750647,0.0
750648,0.0
750649,0.0
750650,0.0
750651,0.0
750652,0.0
750653,0.0
750654,0.0
750655,0.0
750656,0.0
750657,0.0
750658,0.0
750659,0.0
750660,0.0
750661,0.0
750662,0.0
750663,0.0
750664,0.016379677
750665,0.0
750666,0.0
750667,0.0
750668,0.0
750669,0.0
750670,0.0
750671,0.0
750672,0.0
750673,0.0
750674,0.0
750675,0.0
750676,0.0
750677,0.0
750678,0.0
750679,0.0
750680,0.0
750681,0.0
750682,0.0
750683,0.0
750684,0.0
750685,0.0
750686,0.0
750687,0.0
750688,0.0
750689,0.0
750690,0.0
750691,0.0
750692,0.0
750693,0.0
750694,0.0
750695,0.0
750696,0.0
750697,0.0
750698,0.0
750699,0.0
750700,0.0
750701,0.0
750702,0.0
750703,0.0
750704,0.0
750705,0.0
750706,0.0
750707,0.0
750708,0.0
750709,0.0
750710,0.0
750711,0.0
750712,0.0
750713,0.0
750714,0.0
750715,0.0
750716,0.0
750717,0.0
750718,0.0
750719,0.0
750720,0.0
750721,0.0
750722,0.0
750723,0.0
750724,0.0
750725,0.0
750726,0.0
750727,0.0
750728,0.0
750729,0.0
750730,0.0
750731,0.0
750732,0.0
750733,0.0
750734,0.0
750735,0.0
750736,0.0
750737,0.0
750738,0.0
750739,0.0
750740,0.0
750741,0.0
750742,0.0
750743,0.0
750744,0.0
750745,0.0
750746,0.0
750747,0.0
750748,0.0
750749,0.0
750750,0.0
750751,0.0
750752,0.0
750753,0.0
750754,0.0
750755,0.0
750756,0.0
750757,0.0
750758,0.0
750759,0.0
750760,0.0
750761,0.0
750762,0.0
750763,0.0
750764,0.0
750765,0.0
750766,0.0
750767,0.0
750768,0.0
750769,0.0
750770,0.0
750771,0.0
750772,0.0
750773,0.0
750774,0.0
750775,0.0
750776,0.0
750777,0.0
750778,0.0
750779,0.0
750780,0.0
750781,0.0
750782,0.0
750783,0.0
750784,0.0
750785,6.5427327e-34
750786,0.0
750787,0.0
750788,0.0
750789,0.0
750790,0.0
750791,0.0
750792,0.0
750793,0.0
750794,0.0
750795,0.0
750796,0.0
750797,0.0
750798,0.0
750799,0.0
750800,0.0
750801,0.0
750802,0.0
750803,0.0
750804,0.0
750805,0.0
750806,0.0
750807,0.0
750808,0.0
750809,0.0
750810,0.0
750811,0.0
750812,0.0
750813,0.0
750814,0.0
750815,0.0
750816,0.0
750817,0.0
750818,0.0
750819,0.0
750820,0.0
750821,0.0
750822,0.0
750823,0.0
750824,0.0
750825,0.4857633
750826,0.0
750827,0.0
750828,0.0
750829,0.0
750830,0.023091674
750831,0.0
750832,0.0
750833,0.0
750834,0.0
750835,0.0
750836,0.0
750837,0.0
750838,0.0
750839,0.0
750840,0.0
750841,0.0
750842,0.0
750843,0.0
750844,0.0
750845,0.0
750846,0.0
750847,0.0
750848,0.0
750849,0.0
750850,0.0
750851,0.0
750852,0.0
750853,0.0
750854,0.0
750855,0.0
750856,0.0
750857,0.0
750858,0.0
750859,0.0
750860,0.0
750861,0.0
750862,0.0
750863,0.0
750864,0.0
750865,0.0
750866,0.0
750867,0.0
750868,0.0
750869,0.0
750870,0.0
750871,0.0
750872,0.0
750873,0.0
750874,0.0
750875,0.0
750876,0.0
750877,0.0
750878,0.0
750879,0.0
750880,0.0
750881,0.0
750882,0.0
750883,0.0
750884,0.0
750885,0.0
750886,0.0
750887,0.0
750888,0.0
750889,0.0
750890,0.0
750891,0.0
750892,0.0
750893,0.0
750894,0.0
750895,0.0
750896,0.0
750897,0.0
750898,0.0
750899,0.0
750900,0.0
750901,0.0
750902,0.0
750903,0.0
750904,0.0
750905,0.0
750906,0.0
750907,0.0
750908,0.0
750909,0.0
750910,0.0
750911,0.0
750912,0.0
750913,0.0
750914,0.0
750915,0.0
750916,0.0
750917,0.0
750918,0.0
750919,0.0
750920,0.0
750921,0.0
750922,0.0
750923,0.0
750924,0.0
750925,0.0
750926,0.0
750927,0.0
750928,0.0
750929,0.0
750930,0.0
750931,0.0
750932,0.0
750933,0.0
750934,0.0
750935,0.0
750936,0.0
750937,0.0
750938,0.0
750939,0.0
750940,0.0
750941,0.0
750942,0.0
750943,0.0
750944,0.0
750945,0.0
750946,0.0
750947,0.0
750948,0.0
750949,0.0
750950,0.0
750951,0.0
750952,0.0
750953,0.0
750954,0.0
750955,0.0
750956,0.0
750957,0.0
750958,0.0
750959,0.0
750960,0.0
750961,0.0
750962,0.0
750963,0.0
750964,0.0
750965,1.4589338e-20
750966,0.0
750967,0.0
750968,0.0
750969,0.0
750970,0.0
750971,0.0
750972,0.0
750973,0.0
750974,0.0
750975,0.0
750976,0.0
750977,0.0
750978,0.0
750979,0.0
750980,0.0
750981,0.0
750982,0.0
750983,0.0
750984,0.0
750985,0.0
750986,0.0
750987,0.0
750988,0.0
750989,0.0
750990,0.0
750991,0.0
750992,0.0
750993,0.0
750994,0.0
750995,0.0
750996,0.0
750997,0.0
750998,0.0
750999,0.0
751000,0.0
751001,0.0
751002,0.0
751003,0.0
751004,0.0
751005,0.0
751006,0.0
751007,0.0
751008,0.0
751009,0.0
751010,0.0
751011,0.0
751012,0.0
751013,0.0
751014,0.0
751015,0.0
751016,0.0
751017,0.0
751018,0.0
751019,0.0
751020,0.0
751021,0.0
751022,0.0
751023,0.0
751024,0.0
751025,0.0
751026,0.0
751027,0.0
751028,0.0
751029,0.0
751030,0.0
751031,0.0
751032,0.0
751033,0.0
751034,0.0
751035,0.0
751036,0.0
751037,0.0
751038,0.0
751039,0.0
751040,0.0
751041,0.0
751042,0.0
751043,0.0
751044,0.0
751045,0.0
751046,0.0
751047,0.0
751048,0.0
751049,0.0
751050,0.0
751051,0.0
751052,0.0
751053,0.0
751054,0.0
751055,0.0
751056,0.0
751057,0.0
751058,0.0
751059,0.0
751060,0.0
751061,0.0
751062,0.0
751063,0.0
751064,0.0
751065,0.0
751066,0.0
751067,0.0
751068,0.0
751069,0.0
751070,0.0
751071,0.0
751072,0.0
751073,0.0
751074,0.0
751075,0.0
751076,0.0
751077,0.0
751078,0.0
751079,0.0
751080,0.0
751081,0.0
751082,0.0
751083,0.0
751084,0.0
751085,0.0
751086,0.0
751087,0.0
751088,0.0
751089,0.0
751090,0.0
751091,0.0
751092,0.0
751093,0.0
751094,0.0
751095,0.0
751096,0.0
751097,0.0
751098,0.0
751099,0.0
751100,0.0
751101,0.0
751102,0.0
751103,0.0
751104,0.0
751105,0.0
751106,0.0
751107,0.0
751108,0.0
751109,0.0
751110,0.0
751111,0.0
751112,0.0
751113,0.0
751114,0.0
751115,8.6100326e-36
751116,0.0
751117,0.0
751118,0.0
751119,0.0
751120,0.0
751121,0.0
751122,0.0
751123,0.0
751124,0.0
751125,0.0
751126,0.0
751127,0.0
751128,0.0
751129,0.0
751130,0.0
751131,0.0
751132,0.0
751133,0.0
751134,0.0
751135,0.0
751136,0.0
751137,0.0
751138,0.013259462
751139,0.0
751140,0.0
751141,0.0
751142,0.0
751143,0.0
751144,2.2853368e-26
751145,0.0
751146,0.0
751147,0.0
751148,0.0
751149,0.0
751150,0.0
751151,0.0
751152,0.0
751153,0.0
751154,0.0
751155,0.0
751156,0.0
751157,0.0
751158,3.587274e-24
751159,0.0
751160,0.0
751161,0.0
751162,0.0
751163,0.0
751164,0.0
751165,0.0
751166,0.0
751167,0.0
751168,0.0
751169,0.0
751170,0.0
751171,0.0
751172,0.0
751173,0.0
751174,0.0
751175,0.0
751176,0.0
751177,0.0
751178,0.0
751179,0.0
751180,0.0
751181,0.0
751182,0.0
751183,0.0
751184,0.0
751185,0.0
751186,0.0
751187,0.0
751188,0.0
751189,0.0
751190,0.0
751191,0.0
751192,0.0
751193,0.0
751194,0.0
751195,0.0
751196,0.0
751197,0.0
751198,0.0
751199,0.0
751200,0.0
751201,0.0
751202,0.0
751203,0.0
751204,0.0
751205,0.0
751206,0.0
751207,0.0
751208,0.0
751209,0.0
751210,0.0
751211,0.0
751212,0.0
751213,0.0
751214,0.0
751215,0.0
751216,0.0
751217,0.0
751218,0.0
751219,0.0
751220,0.0
751221,0.0
751222,0.0
751223,0.0
751224,0.0
751225,0.0
751226,0.0
751227,0.0
751228,0.0
751229,0.0
751230,0.0
751231,0.0
751232,0.0
751233,0.0
751234,0.0
751235,0.0
751236,0.0
751237,0.0
751238,0.0
751239,0.0
751240,0.0
751241,0.0
751242,0.0
751243,0.0
751244,0.0
751245,0.0
751246,0.0
751247,0.0
751248,0.0
751249,0.0
751250,0.0
751251,0.0
751252,0.0
751253,0.0
751254,0.0
751255,0.0
751256,0.0
751257,0.0
751258,0.0
751259,0.0
751260,0.0
751261,0.0
751262,0.0
751263,0.0
751264,0.0
751265,0.0
751266,0.0
751267,0.0
751268,0.0
751269,0.0
751270,0.0
751271,0.0
751272,0.0
751273,0.0
751274,0.0
751275,0.0
751276,0.0
751277,0.0
751278,0.0
751279,0.0
751280,0.0
751281,0.0
751282,0.0
751283,0.0
751284,0.0
751285,0.0
751286,0.0
751287,0.0
751288,0.0
751289,0.0
751290,0.0
751291,0.0
751292,0.0
751293,0.0
751294,0.0
751295,0.0
751296,0.0
751297,0.0
751298,0.0
751299,0.0
751300,0.0
751301,0.0
751302,0.0
751303,0.0
751304,0.0
751305,0.0
751306,0.0
751307,0.0
751308,0.0
751309,0.0
751310,0.0
751311,0.0
751312,0.0
751313,0.0
751314,0.0
751315,0.0
751316,0.0
751317,0.0
751318,0.0
751319,0.0
751320,0.0
751321,0.0
751322,0.0
751323,0.0
751324,0.0
751325,0.0
751326,0.0
751327,0.0
751328,0.0
751329,0.0
751330,0.0
751331,0.0
751332,0.0
751333,0.0
751334,0.0
751335,0.0
751336,0.0
751337,0.0
751338,0.0
751339,0.0
751340,0.0
751341,0.0
751342,0.0
751343,0.0
751344,0.0
751345,0.0
751346,0.0
751347,0.0
751348,0.0
751349,0.0
751350,0.0
751351,0.0
751352,0.0
751353,0.0
751354,0.0
751355,0.0
751356,0.0
751357,0.0
751358,0.0
751359,0.0
751360,0.0
751361,0.0
751362,0.0
751363,0.0
751364,0.0
751365,0.0
751366,0.0
751367,0.0
751368,0.0
751369,0.0
751370,0.0
751371,0.0
751372,0.0
751373,0.0
751374,0.0
751375,0.0
751376,0.0
751377,0.0
751378,0.0
751379,0.0
751380,0.0
751381,0.0
751382,0.0
751383,0.0
751384,0.0
751385,0.0
751386,0.0
751387,0.0
751388,0.0
751389,0.0
751390,0.0
751391,0.0
751392,0.0
751393,0.0
751394,0.0
751395,0.0
751396,0.0
751397,0.0
751398,0.0
751399,0.0
751400,0.0
751401,0.0
751402,0.0
751403,0.0
751404,0.0
751405,0.0
751406,0.0
751407,2.145725e-11
751408,0.0
751409,0.0
751410,0.0
751411,0.0
751412,0.0
751413,0.0
751414,0.0
751415,0.0
751416,0.0
751417,0.0
751418,0.0
751419,0.0
751420,0.0
751421,0.0
751422,0.0
751423,0.0
751424,0.0
751425,0.0
751426,0.0
751427,0.0
751428,0.0
751429,0.0
751430,0.0
751431,0.0
751432,0.0
751433,0.0
751434,0.0
751435,0.0
751436,0.0
751437,0.0
751438,0.0
751439,0.0
751440,0.0
751441,0.0
751442,0.0
751443,0.0
751444,0.0
751445,0.0
751446,0.0
751447,0.0
751448,0.0
751449,0.0
751450,0.0
751451,0.0
751452,0.0
751453,0.0
751454,0.0
751455,0.0
751456,0.0
751457,0.0
751458,0.0
751459,0.0
751460,0.0
751461,0.0
751462,0.0
751463,0.0
751464,0.0
751465,0.0
751466,0.0
751467,0.0
751468,0.0
751469,0.0
751470,0.0
751471,0.0
751472,0.0
751473,0.0
751474,0.0
751475,0.0
751476,0.0
751477,0.0
751478,0.0
751479,0.0
751480,0.0
751481,0.0
751482,0.0
751483,0.0
751484,0.0
751485,0.0
751486,0.0
751487,0.0
751488,0.0
751489,0.0
751490,0.0
751491,0.0
751492,0.0
751493,0.0
751494,0.0
751495,0.0
751496,0.0
751497,0.0
751498,0.0
751499,0.0
751500,0.0
751501,0.0
751502,0.0
751503,0.0
751504,0.0
751505,0.0
751506,0.0
751507,0.0
751508,0.0
751509,0.0
751510,0.0
751511,0.0
751512,0.0
751513,0.0
751514,0.0
751515,0.0
751516,0.0
751517,0.0
751518,0.0
751519,0.0
751520,0.0
751521,0.0
751522,0.0
751523,0.0
751524,0.0
751525,0.0
751526,0.0
751527,0.0
751528,0.0
751529,0.0
751530,0.0
751531,0.0
751532,0.0
751533,0.0
751534,0.0
751535,0.0
751536,0.0
751537,0.0
751538,0.0
751539,0.0
751540,0.0
751541,0.0
751542,0.0
751543,0.0
751544,0.0
751545,0.0
751546,0.0
751547,0.0
751548,0.0
751549,0.0
751550,0.0
751551,0.0
751552,0.0
751553,0.0
751554,0.0
751555,0.0
751556,0.0
751557,0.0
751558,0.0
751559,0.0
751560,0.0
751561,0.0
751562,0.0
751563,0.0
751564,0.0
751565,0.0
751566,0.0
751567,0.0
751568,0.0
751569,0.0
751570,0.0
751571,0.0
751572,0.0
751573,0.0
751574,0.0
751575,0.0
751576,0.0
751577,0.0
751578,0.0
751579,0.0
751580,0.0
751581,0.0
751582,0.0
751583,0.0
751584,0.0
751585,0.0
751586,0.0
751587,0.0
751588,0.0
751589,0.0
751590,0.0
751591,0.0
751592,0.0
751593,0.0
751594,0.0
751595,0.0
751596,0.0
751597,0.0
751598,0.0
751599,0.0
751600,0.0
751601,0.0
751602,0.0
751603,0.0
751604,0.0
751605,0.0
751606,0.0
751607,0.0
751608,0.0
751609,0.0
751610,0.0
751611,0.0
751612,0.0
751613,0.0
751614,0.0
751615,0.0
751616,0.0
751617,0.0
751618,0.0
751619,0.0
751620,0.0
751621,0.0
751622,0.0
751623,0.0
751624,0.0
751625,0.0
751626,0.0
751627,0.0
751628,0.0
751629,0.0
751630,0.0
751631,0.0
751632,0.0
751633,0.0
751634,0.0
751635,0.0
751636,0.0
751637,0.0
751638,0.0
751639,0.0
751640,0.0
751641,0.0
751642,0.0
751643,0.0
751644,0.0
751645,0.0
751646,0.0
751647,0.0
751648,0.0
751649,0.0
751650,0.0
751651,0.0
751652,0.0
751653,0.0
751654,0.0
751655,0.0
751656,0.0
751657,0.0
751658,0.0
751659,0.0
751660,0.0
751661,0.0
751662,0.0
751663,0.0
751664,0.0
751665,0.0
751666,0.0
751667,0.0
751668,0.0
751669,0.0
751670,0.0
751671,0.0
751672,0.0
751673,0.0
751674,0.0
751675,0.02905435
751676,0.0
751677,0.0
751678,0.0
751679,0.0
751680,0.0
751681,0.0
751682,0.0
751683,0.0
751684,0.0
751685,0.0
751686,0.0
751687,0.0
751688,0.0
751689,0.0
751690,0.0
751691,0.0
751692,0.0
751693,0.0
751694,0.0
751695,4.6828787e-11
751696,0.0
751697,0.0
751698,0.0
751699,0.0
751700,0.0
751701,5.366528e-27
751702,0.0
751703,0.0
751704,0.0
751705,0.0
751706,0.0
751707,0.0
751708,0.0
751709,0.0
751710,0.0
751711,0.0
751712,0.0
751713,8.333828e-23
751714,0.0
751715,0.0
751716,0.0
751717,0.0
751718,0.0
751719,0.0
751720,0.0
751721,0.0
751722,0.0
751723,0.0
751724,0.0
751725,0.0
751726,0.0
751727,0.0
751728,0.0
751729,0.0
751730,0.0
751731,0.0
751732,0.0
751733,0.0
751734,0.0
751735,0.0
751736,0.0
751737,0.0
751738,0.0
751739,0.0
751740,0.0
751741,8.801399e-39
751742,0.0
751743,0.0
751744,0.0
751745,0.0
751746,0.0
751747,0.0
751748,0.0
751749,0.0
751750,0.0
751751,0.0
751752,0.0
751753,0.0
751754,0.0
751755,0.0
751756,0.0
751757,0.0
751758,0.0
751759,0.0
751760,0.0
751761,0.0
751762,0.0
751763,0.0
751764,0.0
751765,0.0
751766,0.0
751767,0.0
751768,0.0
751769,0.0
751770,0.0
751771,0.0
751772,0.0
751773,0.0
751774,0.0
751775,0.0
751776,0.0
751777,0.0
751778,0.0
751779,0.0
751780,0.0
751781,0.0
751782,0.0
751783,0.0
751784,0.0
751785,0.0
751786,0.0
751787,0.0
751788,0.0
751789,0.0
751790,0.0
751791,0.0
751792,0.0
751793,0.0
751794,0.0
751795,0.0
751796,0.0
751797,0.0
751798,0.0
751799,0.0
751800,0.0
751801,0.0
751802,0.0
751803,0.0
751804,0.0
751805,0.0
751806,0.0
751807,0.0
751808,0.0
751809,0.0
751810,0.0
751811,0.0
751812,0.0
751813,0.0
751814,0.0
751815,0.0
751816,0.0
751817,0.0
751818,0.0
751819,0.0
751820,0.0
751821,0.0
751822,0.0
751823,0.0
751824,0.0
751825,0.0
751826,0.0
751827,0.0
751828,0.0
751829,0.0
751830,0.0
751831,0.0
751832,0.0
751833,0.0
751834,0.0
751835,0.0
751836,0.0
751837,0.0
751838,0.0
751839,0.0
751840,0.0
751841,0.0
751842,0.0
751843,0.0
751844,0.0
751845,0.0
751846,0.0
751847,0.0
751848,0.0
751849,0.0
751850,0.0
751851,0.0
751852,0.0
751853,0.0
751854,0.0
751855,0.0
751856,0.0
751857,0.0
751858,0.0
751859,0.0
751860,0.0
751861,0.0
751862,0.0
751863,0.0
751864,0.0
751865,0.0
751866,0.0
751867,0.0
751868,0.0
751869,0.0
751870,0.0
751871,0.0
751872,0.0
751873,0.0
751874,0.0
751875,0.0
751876,0.0
751877,1.7535541e-07
751878,0.0
751879,0.0
751880,0.0
751881,0.0
751882,0.0
751883,0.0
751884,0.0
751885,0.0
751886,0.0
751887,0.0
751888,0.0
751889,0.0
751890,0.0
751891,0.0
751892,0.0
751893,0.0
751894,0.0
751895,0.0
751896,6.013354e-39
751897,0.0
751898,0.0
751899,0.0
751900,0.0
751901,0.0
751902,0.0
751903,0.0
751904,0.0
751905,0.0
751906,0.0
751907,0.0
751908,0.0
751909,0.0
751910,0.0
751911,0.0
751912,0.0
751913,0.0
751914,0.0
751915,0.0
751916,0.0
751917,0.0
751918,0.0
751919,0.0
751920,0.0
751921,0.0
751922,0.0
751923,0.0
751924,0.0
751925,0.0
751926,0.0
751927,0.0
751928,0.0
751929,0.0
751930,0.0
751931,0.0
751932,0.0
751933,0.0
751934,0.0
751935,0.0
751936,0.0
751937,0.0
751938,0.0
751939,0.0
751940,0.0
751941,0.0
751942,0.0
751943,0.0
751944,0.0
751945,0.0
751946,0.0
751947,0.0
751948,0.0
751949,0.0
751950,0.0
751951,0.0
751952,0.0
751953,0.0
751954,0.0
751955,0.0
751956,0.0
751957,0.0
751958,0.0
751959,0.0
751960,0.0
751961,0.0
751962,0.0
751963,0.0
751964,0.0
751965,0.0
751966,0.0
751967,0.0
751968,0.0
751969,0.0
751970,0.0
751971,0.0
751972,0.0
751973,0.0
751974,0.0
751975,0.0
751976,0.0
751977,0.0
751978,0.0
751979,0.0
751980,0.0
751981,0.0
751982,0.0
751983,0.0
751984,0.0
751985,0.0
751986,0.0
751987,0.0
751988,0.0
751989,0.0
751990,0.0
751991,0.0
751992,0.0
751993,0.0
751994,0.0
751995,0.0
751996,0.0
751997,0.0
751998,0.0
751999,0.0
752000,0.0
752001,0.0
752002,0.0
752003,0.0
752004,0.0
752005,0.0
752006,0.0
752007,0.0
752008,0.0
752009,0.0
752010,0.0
752011,0.0
752012,0.0
752013,0.0
752014,0.0
752015,0.0
752016,0.0
752017,0.0
752018,0.0
752019,0.0
752020,0.0
752021,0.0
752022,0.0
752023,0.0
752024,0.0
752025,0.0
752026,0.0
752027,0.0
752028,0.0
752029,0.0
752030,2.4063021e-35
752031,0.0
752032,0.0
752033,0.0
752034,0.0
752035,0.0
752036,0.0
752037,0.0
752038,0.0
752039,0.0
752040,0.0
752041,0.0
752042,0.0
752043,0.0
752044,0.0
752045,0.0
752046,0.0
752047,0.0
752048,0.0
752049,0.0
752050,0.0
752051,0.0
752052,5.286157e-39
752053,0.0
752054,0.0
752055,0.0
752056,0.0
752057,0.0
752058,0.0
752059,0.0
752060,0.0
752061,0.0
752062,0.0
752063,0.0
752064,0.0
752065,0.0
752066,0.0
752067,0.0
752068,1.9391594e-37
752069,0.0
752070,0.0
752071,0.0
752072,0.0
752073,0.0
752074,0.0
752075,0.0
752076,0.0
752077,0.0
752078,0.0
752079,0.0
752080,0.0
752081,0.0
752082,0.0
752083,0.0
752084,0.0
752085,0.0
752086,0.0
752087,0.0
752088,0.0
752089,0.0
752090,0.0
752091,0.0
752092,0.0
752093,1.1262443e-16
752094,0.0
752095,0.0
752096,0.0
752097,0.0
752098,0.0
752099,0.0
752100,0.0
752101,0.0
752102,0.0
752103,0.0
752104,0.0
752105,0.0
752106,0.0
752107,0.0
752108,0.0
752109,0.0
752110,0.0
752111,0.0
752112,0.0
752113,0.0
752114,0.0
752115,0.0
752116,0.0
752117,0.0
752118,0.0
752119,0.0
752120,0.0
752121,0.0
752122,0.0
752123,0.0
752124,0.0
752125,0.0
752126,0.0
752127,0.0
752128,0.0
752129,0.0
752130,0.0
752131,0.0
752132,0.0
752133,0.0
752134,0.0
752135,0.0
752136,0.0
752137,0.0
752138,0.0
752139,0.0
752140,0.0
752141,0.0
752142,0.0
752143,0.0
752144,0.0
752145,0.0
752146,0.0
752147,0.0
752148,0.0
752149,0.0
752150,0.0
752151,0.0
752152,0.0
752153,0.0
752154,0.0
752155,0.0
752156,0.0
752157,0.0
752158,0.0
752159,0.0
752160,0.0
752161,0.0
752162,0.0
752163,0.0
752164,0.0
752165,0.0
752166,0.0
752167,0.0
752168,0.0
752169,0.0
752170,0.0
752171,0.0
752172,0.0
752173,0.0
752174,0.0
752175,0.0
752176,0.0
752177,0.0
752178,0.0
752179,0.0
752180,0.0
752181,0.0
752182,0.0
752183,0.0
752184,0.0
752185,0.62614554
752186,0.0
752187,0.0
752188,0.0
752189,0.0
752190,0.0
752191,0.0
752192,0.0
752193,0.0
752194,0.0
752195,0.0
752196,0.0
752197,0.0
752198,0.0
752199,0.0
752200,0.0
752201,0.0
752202,0.0
752203,0.0
752204,0.0
752205,0.0
752206,0.0
752207,0.0
752208,0.0
752209,0.0
752210,0.0
752211,0.0
752212,0.0
752213,0.0
752214,0.0
752215,0.0
752216,0.0
752217,0.0
752218,0.0
752219,0.0
752220,0.0
752221,0.0
752222,0.0
752223,0.0
752224,0.0
752225,0.0
752226,0.0
752227,0.0
752228,0.0
752229,0.0
752230,0.0
752231,0.0
752232,0.0
752233,0.0
752234,0.0
752235,0.0
752236,0.0
752237,0.0
752238,0.0
752239,0.0
752240,0.0
752241,0.0
752242,0.0
752243,0.0
752244,0.0
752245,0.0
752246,0.0
752247,0.0
752248,0.0
752249,0.0
752250,0.0
752251,0.0
752252,0.0
752253,0.0
752254,0.0
752255,0.0
752256,0.0
752257,0.0
752258,0.0
752259,0.0
752260,0.0
752261,0.0
752262,0.0
752263,0.0
752264,0.0
752265,0.0
752266,0.0
752267,0.0
752268,0.0
752269,0.0
752270,0.0
752271,0.0
752272,0.0
752273,0.0
752274,0.0
752275,0.0
752276,0.0
752277,0.0
752278,0.0
752279,0.0
752280,0.0
752281,0.0
752282,0.0
752283,0.0
752284,0.0
752285,0.0
752286,0.0
752287,0.0
752288,0.0
752289,0.0
752290,0.0
752291,0.0
752292,0.0
752293,0.0
752294,0.0
752295,0.0
752296,0.0
752297,0.0
752298,0.0
752299,0.0
752300,0.0
752301,0.0
752302,0.0
752303,0.0
752304,0.0
752305,0.0
752306,0.0
752307,0.0
752308,0.0
752309,0.0
752310,0.0
752311,0.0
752312,0.0
752313,0.0
752314,0.0
752315,0.0
752316,0.0
752317,0.0
752318,0.0
752319,0.0
752320,0.0
752321,0.0
752322,0.0
752323,0.0
752324,0.0
752325,0.0
752326,0.0
752327,0.0
752328,0.0
752329,0.0
752330,0.0
752331,0.0
752332,0.0
752333,0.0
752334,0.0
752335,0.0
752336,0.0
752337,0.0
752338,0.0
752339,0.0
752340,0.0
752341,0.0
752342,0.0
752343,0.0
752344,0.0
752345,0.0
752346,0.0
752347,0.0
752348,0.0
752349,0.0
752350,0.0
752351,0.0
752352,0.1609426
752353,0.0
752354,0.0
752355,0.0
752356,0.0
752357,0.0
752358,0.0
752359,0.0
752360,0.0
752361,0.0
752362,0.0
752363,0.0
752364,0.0
752365,0.0
752366,0.0
752367,0.0
752368,0.0
752369,0.0
752370,0.0
752371,0.0
752372,0.0
752373,0.0
752374,0.0
752375,0.0
752376,0.0
752377,0.0
752378,0.0
752379,0.0
752380,0.0
752381,0.0
752382,0.0
752383,0.0
752384,0.0
752385,0.0
752386,0.0
752387,0.0
752388,0.0
752389,0.0
752390,0.0
752391,0.0
752392,0.0
752393,0.0
752394,0.0
752395,0.0
752396,0.0
752397,0.0
752398,0.0
752399,0.0
752400,0.0
752401,0.0
752402,0.0
752403,0.0
752404,0.0
752405,0.0
752406,0.0
752407,0.0
752408,1.4840785e-12
752409,0.0
752410,0.0
752411,0.0
752412,0.0
752413,0.0
752414,0.0
752415,0.0
752416,0.0
752417,0.0
752418,0.0
752419,0.0
752420,0.0
752421,0.0
752422,0.0
752423,0.0
752424,0.0
752425,0.0
752426,0.0
752427,0.0
752428,0.0
752429,0.0
752430,0.0
752431,0.0
752432,0.0
752433,0.0
752434,0.0
752435,0.0
752436,0.0
752437,0.0
752438,0.0
752439,0.0
752440,0.0
752441,0.0
752442,0.0
752443,0.0
752444,0.0
752445,0.0
752446,0.0
752447,0.0
752448,0.0
752449,0.0
752450,0.0
752451,0.0
752452,0.0
752453,0.0
752454,0.0
752455,0.0
752456,0.0
752457,0.0
752458,0.0
752459,0.0
752460,0.0
752461,0.0
752462,0.0
752463,0.0
752464,0.0
752465,0.0
752466,0.0
752467,0.0
752468,0.0
752469,0.0
752470,0.0
752471,0.0
752472,0.0
752473,0.0
752474,0.0
752475,0.0
752476,0.0
752477,0.0
752478,0.0
752479,0.0
752480,0.0
752481,0.0
752482,0.0
752483,0.0
752484,0.0
752485,0.0
752486,0.0
752487,0.0
752488,0.0
752489,0.0
752490,0.0
752491,0.0
752492,0.0
752493,0.0
752494,0.0
752495,0.0
752496,0.0
752497,0.0
752498,0.0
752499,0.0
752500,0.0
752501,0.0
752502,0.0
752503,0.0
752504,0.0
752505,0.0
752506,0.0
752507,0.0
752508,0.0
752509,0.0
752510,0.0
752511,0.0
752512,0.0
752513,0.0
752514,0.0
752515,0.0
752516,0.0
752517,0.0
752518,0.0
752519,0.0
752520,0.0
752521,0.0
752522,0.0
752523,0.0
752524,0.0
752525,0.0
752526,0.0
752527,0.0
752528,0.0
752529,0.0
752530,0.0
752531,0.0
752532,0.0
752533,0.0
752534,0.0
752535,0.0
752536,0.0
752537,0.0
752538,0.0
752539,0.0
752540,0.0
752541,0.0
752542,0.0
752543,0.0
752544,0.0
752545,0.0
752546,0.0
752547,0.0
752548,0.0
752549,0.0
752550,0.0
752551,0.5334922
752552,0.0
752553,0.0
752554,0.0
752555,0.0
752556,0.0
752557,0.0
752558,0.0
752559,0.0
752560,0.0
752561,0.0
752562,0.0
752563,0.0
752564,0.0
752565,0.0
752566,0.0
752567,0.0
752568,0.0
752569,0.0
752570,0.0
752571,0.0
752572,0.0
752573,0.0
752574,0.0
752575,0.0
752576,0.0
752577,0.0
752578,0.0
752579,0.0
752580,0.0
752581,0.0
752582,0.0
752583,0.0
752584,0.0
752585,0.0
752586,0.0
752587,0.0
752588,0.0
752589,0.0
752590,0.0
752591,0.0
752592,0.0
752593,0.0
752594,0.0
752595,0.0
752596,0.0
752597,0.0
752598,0.0
752599,0.0
752600,0.0
752601,0.0
752602,0.0
752603,0.0
752604,0.0
752605,0.0
752606,0.0
752607,0.0
752608,0.0
752609,0.0
752610,0.0
752611,0.0
752612,0.0
752613,0.0
752614,0.0
752615,0.0
752616,0.0
752617,0.0
752618,0.0
752619,0.0
752620,0.0
752621,0.0
752622,0.0
752623,0.0
752624,0.0
752625,0.0
752626,0.0
752627,0.0
752628,0.0
752629,0.0
752630,0.0
752631,0.0
752632,0.0
752633,0.0
752634,0.0
752635,0.10975268
752636,0.0
752637,0.0
752638,0.0
752639,0.0
752640,0.0
752641,0.0
752642,0.0
752643,0.0
752644,0.0
752645,0.0
752646,0.0
752647,0.0
752648,0.0
752649,0.0
752650,0.0
752651,0.0
752652,0.0
752653,0.0
752654,0.0
752655,0.0
752656,0.0
752657,0.0
752658,0.0
752659,0.0
752660,0.0
752661,0.0
752662,0.0
752663,0.119321205
752664,0.0
752665,0.0
752666,0.0
752667,0.0
752668,0.0
752669,0.0
752670,0.0
752671,0.0
752672,0.0
752673,0.0
752674,0.0
752675,0.0
752676,0.0
752677,0.0
752678,0.0
752679,0.0
752680,0.0
752681,0.0
752682,0.0
752683,0.0
752684,0.0
752685,0.0
752686,0.0
752687,0.0
752688,0.0
752689,0.0
752690,0.0
752691,0.0
752692,0.0
752693,0.0
752694,0.0
752695,0.0
752696,0.0
752697,0.0
752698,0.0
752699,0.0
752700,0.0
752701,0.0
752702,0.0
752703,0.0
752704,0.0
752705,0.0
752706,0.0
752707,0.0
752708,0.0
752709,0.0
752710,0.0
752711,0.0
752712,0.0
752713,0.0
752714,0.0
752715,0.0
752716,0.0
752717,0.0
752718,0.0
752719,0.0
752720,0.0
752721,0.0
752722,0.0
752723,0.0
752724,0.0
752725,0.0
752726,0.0
752727,0.0
752728,0.0
752729,0.0
752730,0.0
752731,0.0
752732,0.0
752733,0.0
752734,0.0
752735,0.0
752736,0.0
752737,0.0
752738,0.0
752739,0.0
752740,0.0
752741,0.0
752742,0.0
752743,0.0
752744,0.07431525
752745,0.0
752746,0.0
752747,0.0
752748,0.0
752749,0.0
752750,0.0
752751,0.0
752752,0.0
752753,0.03035123
752754,0.0
752755,0.0
752756,0.0
752757,0.0
752758,0.0
752759,0.0
752760,0.0
752761,0.0
752762,0.0
752763,0.0
752764,0.0
752765,0.0
752766,0.0
752767,0.0
752768,0.0
752769,0.0
752770,0.0
752771,0.0
752772,0.0
752773,0.0
752774,0.0
752775,0.0
752776,0.0
752777,0.0
752778,0.0
752779,0.0
752780,0.0
752781,0.0
752782,0.0
752783,0.0
752784,0.0
752785,0.0
752786,0.0
752787,0.0
752788,0.0
752789,0.0
752790,0.0
752791,0.0
752792,0.0
752793,0.0
752794,0.0
752795,0.0
752796,0.0
752797,0.0
752798,0.0
752799,0.0
752800,0.0
752801,0.0
752802,0.0
752803,0.0
752804,0.0
752805,0.0
752806,6.57293e-33
752807,0.0
752808,0.0
752809,0.0
752810,0.0
752811,0.0
752812,0.0
752813,0.0
752814,0.0
752815,0.0
752816,0.0
752817,0.0
752818,0.03603021
752819,0.0
752820,0.0
752821,0.0
752822,0.0
752823,6.5165993e-09
752824,0.0
752825,2.7210773e-34
752826,0.0
752827,0.0
752828,0.0
752829,0.0
752830,0.0
752831,0.0
752832,0.0
752833,0.0
752834,0.0
752835,0.0
752836,0.0
752837,0.0
752838,0.0
752839,0.0
752840,0.0
752841,0.0
752842,0.0
752843,0.0
752844,0.0
752845,0.0
752846,0.0
752847,0.0
752848,0.0
752849,0.0
752850,0.0
752851,0.0
752852,0.0
752853,0.0
752854,0.0
752855,0.0
752856,0.0
752857,0.0
752858,0.0
752859,0.0
752860,0.0
752861,0.0
752862,0.0
752863,0.0
752864,0.0
752865,0.0
752866,0.0
752867,0.0
752868,0.0
752869,0.0
752870,0.0
752871,0.0
752872,0.0
752873,0.0
752874,0.0
752875,0.0
752876,0.0
752877,0.0
752878,0.0
752879,0.0
752880,0.0
752881,0.0
752882,0.0
752883,0.0
752884,0.0
752885,0.0
752886,0.0
752887,0.0
752888,0.0
752889,0.0
752890,0.0
752891,0.0
752892,0.0
752893,0.0
752894,0.0
752895,0.0
752896,0.0
752897,0.0
752898,0.0
752899,0.0
752900,0.0
752901,0.0
752902,0.0
752903,0.0
752904,0.0
752905,0.0
752906,0.0
752907,0.0
752908,0.0
752909,0.0
752910,0.0
752911,0.0
752912,0.0
752913,0.0
752914,0.0
752915,0.0
752916,0.0
752917,0.0
752918,0.0
752919,0.0
752920,0.0
752921,0.0
752922,0.0
752923,0.0
752924,0.0
752925,0.0
752926,0.0
752927,0.0
752928,0.0
752929,0.0
752930,0.0
752931,0.0
752932,0.0
752933,0.0
752934,0.0
752935,0.0
752936,0.0
752937,0.0
752938,0.0
752939,0.0
752940,0.0
752941,0.0
752942,0.0
752943,0.0
752944,0.0
752945,0.0
752946,0.0
752947,0.0
752948,0.0
752949,0.0
752950,0.0
752951,0.0
752952,0.0
752953,0.0
752954,8.875439e-24
752955,0.0
752956,0.0
752957,0.0
752958,0.0
752959,0.0
752960,0.0
752961,0.0
752962,0.0
752963,0.0
752964,0.0
752965,0.0
752966,0.0
752967,0.0
752968,0.0
752969,0.0
752970,0.0
752971,0.0
752972,0.0
752973,0.0
752974,0.0
752975,0.0
752976,0.0
752977,0.0
752978,0.0
752979,0.0
752980,0.0
752981,0.0
752982,0.0
752983,0.0
752984,0.0
752985,0.0
752986,0.0
752987,0.0
752988,0.0
752989,0.0
752990,0.0
752991,0.0
752992,0.0
752993,0.0
752994,0.0
752995,0.0
752996,0.0
752997,0.0
752998,0.0
752999,0.0
753000,0.0
753001,0.0
753002,0.0
753003,0.0
753004,0.0
753005,0.0
753006,0.0
753007,0.0
753008,0.0
753009,0.0
753010,0.0
753011,0.0
753012,0.0
753013,0.0
753014,0.0
753015,0.0
753016,4.7587467e-26
753017,0.0
753018,0.0
753019,0.0
753020,0.0
753021,0.0
753022,0.0
753023,0.0
753024,0.0
753025,0.0
753026,0.0
753027,0.0
753028,0.0
753029,0.0
753030,0.0
753031,0.0
753032,0.0
753033,0.0
753034,0.0
753035,0.0
753036,0.0
753037,0.0
753038,0.0
753039,0.0
753040,0.0
753041,0.0
753042,0.0
753043,0.0
753044,0.0
753045,0.0
753046,0.0
753047,0.0
753048,0.0
753049,0.0
753050,0.0
753051,0.0
753052,0.0
753053,0.0
753054,0.0
753055,5.732172e-21
753056,0.0
753057,0.0
753058,0.0
753059,0.0
753060,0.0
753061,0.0
753062,0.0
753063,0.0
753064,0.0
753065,0.0
753066,0.0
753067,0.0
753068,0.0
753069,0.0
753070,0.0
753071,0.0
753072,0.0
753073,0.0
753074,0.0
753075,0.0
753076,0.0
753077,0.0
753078,0.0
753079,0.0
753080,0.0
753081,0.0
753082,0.0
753083,0.0
753084,0.0
753085,0.0
753086,0.0
753087,0.0
753088,0.0
753089,0.0
753090,0.0
753091,0.0
753092,0.0
753093,0.0
753094,0.0
753095,0.0
753096,0.0
753097,0.0
753098,0.0
753099,0.0
753100,0.0
753101,0.0
753102,0.0
753103,0.0
753104,0.0
753105,0.0
753106,0.0
753107,0.0
753108,0.0
753109,0.0
753110,0.0
753111,0.0
753112,0.0
753113,0.0
753114,0.0
753115,0.0
753116,0.0
753117,0.0
753118,0.0
753119,0.0
753120,0.0
753121,2.7228012e-34
753122,0.0
753123,0.0
753124,0.0
753125,0.0
753126,0.0
753127,0.0
753128,0.0
753129,0.0
753130,0.0
753131,0.0
753132,0.0
753133,0.0
753134,0.0
753135,0.0
753136,0.0
753137,0.0
753138,0.0
753139,0.0
753140,0.0
753141,0.0
753142,0.0
753143,0.0
753144,0.0
753145,0.0
753146,0.0
753147,0.0
753148,0.0
753149,0.011613919
753150,0.0
753151,0.0
753152,0.0
753153,0.0
753154,0.0
753155,0.0
753156,0.0
753157,0.0
753158,0.0
753159,0.0
753160,0.0
753161,0.0
753162,0.0
753163,0.0
753164,0.0
753165,0.0
753166,0.0
753167,0.0
753168,0.0
753169,0.0
753170,0.0
753171,0.0
753172,0.0
753173,0.0
753174,0.0
753175,0.0
753176,0.0
753177,0.0
753178,0.0
753179,0.0
753180,0.0
753181,0.0
753182,0.0
753183,0.0
753184,0.0
753185,0.0
753186,0.0
753187,0.0
753188,0.0
753189,0.0
753190,0.0
753191,0.0
753192,0.0
753193,0.0
753194,0.0
753195,0.0
753196,0.0
753197,0.0
753198,0.0
753199,0.0
753200,0.0
753201,0.0
753202,0.0
753203,1.0105028e-31
753204,0.0
753205,0.0
753206,0.0
753207,0.0
753208,0.0
753209,3.1655212e-10
753210,0.0
753211,0.0
753212,0.0
753213,0.0
753214,0.0
753215,0.0
753216,0.0
753217,0.0
753218,0.0
753219,0.0
753220,0.0
753221,0.0
753222,0.0
753223,0.0
753224,0.0
753225,0.0
753226,0.0
753227,0.0
753228,0.0
753229,0.0
753230,0.0
753231,0.0
753232,0.0
753233,0.0
753234,0.0
753235,0.0
753236,0.0
753237,0.0
753238,0.0
753239,0.0
753240,0.0
753241,0.0
753242,0.0
753243,0.0
753244,0.0
753245,0.0
753246,0.0
753247,0.0
753248,0.0
753249,0.0
753250,0.0
753251,0.0
753252,0.0
753253,0.0
753254,0.0
753255,0.0
753256,0.0
753257,0.0
753258,0.0
753259,0.0
753260,0.0
753261,0.0
753262,0.0
753263,0.0
753264,0.0
753265,0.0
753266,0.0
753267,0.0
753268,0.0
753269,0.0
753270,0.0
753271,0.0
753272,0.0
753273,0.0
753274,0.0
753275,0.0
753276,0.0
753277,0.0
753278,0.0
753279,0.0
753280,0.0
753281,0.0
753282,0.0
753283,0.0
753284,0.0
753285,0.0
753286,0.0
753287,0.0
753288,0.0
753289,0.0
753290,0.0
753291,0.0
753292,0.0
753293,0.0
753294,0.0
753295,0.0
753296,0.0
753297,0.0
753298,0.0
753299,0.0
753300,0.0
753301,0.0
753302,0.0
753303,0.0
753304,0.0
753305,0.0
753306,0.0
753307,0.0
753308,0.0
753309,0.0
753310,0.0
753311,0.0
753312,0.0
753313,0.0
753314,1.932987e-35
753315,0.0
753316,0.0
753317,0.0
753318,0.0
753319,0.0
753320,0.0
753321,0.0
753322,0.0
753323,0.0
753324,0.0
753325,0.3543879
753326,0.0
753327,0.0
753328,0.0
753329,0.0
753330,0.0
753331,0.0
753332,0.0
753333,0.0
753334,0.0
753335,0.0
753336,0.0
753337,0.0
753338,0.0
753339,0.0
753340,0.0
753341,0.0
753342,0.0
753343,0.0
753344,0.0
753345,0.0
753346,0.0
753347,0.0
753348,0.0
753349,0.0
753350,0.0
753351,0.0
753352,0.0
753353,0.0
753354,0.0
753355,0.0
753356,0.0
753357,0.0
753358,0.0
753359,0.0
753360,0.0
753361,0.0
753362,0.0
753363,0.0
753364,0.0
753365,0.0
753366,0.0
753367,0.0
753368,0.0
753369,0.0
753370,0.0
753371,0.0
753372,0.0
753373,0.0
753374,0.0
753375,0.0
753376,0.0
753377,0.0
753378,0.0
753379,0.0
753380,0.0
753381,0.0
753382,0.0
753383,0.0
753384,0.0
753385,0.0
753386,0.0
753387,0.0
753388,0.0
753389,0.0
753390,0.0
753391,0.0
753392,0.0
753393,0.0
753394,0.0
753395,0.0
753396,0.0
753397,0.0
753398,0.0
753399,0.0
753400,0.0
753401,0.0
753402,0.0
753403,0.0
753404,0.0
753405,0.0
753406,0.0
753407,0.0
753408,0.0
753409,0.0
753410,0.0
753411,0.0
753412,0.0
753413,0.0
753414,0.0
753415,0.0
753416,0.0
753417,0.0
753418,0.0
753419,0.0
753420,0.0
753421,0.0
753422,0.0
753423,0.0
753424,0.0
753425,0.0
753426,0.0
753427,0.0
753428,0.0
753429,0.0
753430,0.0
753431,0.0
753432,0.0
753433,0.0
753434,0.0
753435,0.0
753436,0.0
753437,0.0
753438,0.0
753439,0.0
753440,0.0
753441,0.0
753442,0.0
753443,0.0
753444,0.0
753445,0.0
753446,0.0
753447,0.0
753448,0.0
753449,0.0
753450,0.0
753451,0.0
753452,0.0
753453,0.0
753454,0.0
753455,0.0
753456,0.0
753457,0.0
753458,0.0
753459,0.0
753460,0.0
753461,0.0
753462,0.0
753463,0.0
753464,0.0
753465,0.0
753466,0.0
753467,0.0
753468,0.0
753469,0.0
753470,0.0
753471,0.0
753472,0.0
753473,0.0
753474,0.0
753475,0.0
753476,0.0
753477,0.0
753478,0.0
753479,0.0
753480,0.0
753481,0.0
753482,0.0
753483,0.0
753484,0.0
753485,0.0
753486,0.0
753487,0.0
753488,0.0
753489,0.0
753490,0.0
753491,0.0
753492,0.0
753493,0.0
753494,0.0
753495,0.0
753496,0.0
753497,0.0
753498,0.0
753499,0.0
753500,0.0
753501,0.0
753502,0.0
753503,0.0
753504,0.0
753505,0.0
753506,0.0
753507,0.0
753508,0.0
753509,0.0
753510,0.0
753511,0.0
753512,0.0
753513,0.0
753514,0.0
753515,0.0
753516,0.0
753517,0.0
753518,2.3486117e-23
753519,0.0
753520,0.0
753521,0.0
753522,0.0
753523,0.0
753524,0.0
753525,0.0
753526,0.0
753527,0.0
753528,0.0
753529,0.0
753530,0.0
753531,0.0
753532,0.0
753533,0.0
753534,0.0
753535,0.0
753536,0.0
753537,0.0
753538,0.0
753539,0.0
753540,0.0
753541,0.0
753542,0.0
753543,0.0
753544,0.0
753545,0.0
753546,0.0
753547,0.0
753548,0.0
753549,0.0
753550,0.0
753551,0.0
753552,0.0
753553,0.0
753554,0.0
753555,0.0
753556,0.0
753557,0.0
753558,0.0
753559,0.0
753560,9.135616e-16
753561,0.0
753562,0.0
753563,0.0
753564,0.0
753565,0.0
753566,0.0
753567,0.0
753568,0.0
753569,0.0
753570,0.0
753571,0.0
753572,0.0
753573,0.0
753574,0.0
753575,0.0
753576,0.0
753577,0.0
753578,0.0
753579,0.0
753580,0.0
753581,0.0
753582,0.0
753583,0.0
753584,0.0
753585,0.0
753586,0.0
753587,0.0
753588,0.0
753589,0.0
753590,0.0
753591,0.0
753592,0.0
753593,0.0
753594,0.0
753595,0.0
753596,0.0
753597,0.0
753598,0.0
753599,0.0
753600,0.0
753601,0.0
753602,0.0
753603,0.0
753604,0.0
753605,0.0
753606,0.0
753607,0.0
753608,0.0
753609,0.0
753610,0.0
753611,0.0
753612,0.0
753613,0.0
753614,0.0
753615,0.0
753616,0.0
753617,0.0
753618,0.0
753619,0.0
753620,0.0
753621,0.0
753622,0.0
753623,0.0
753624,0.0
753625,0.0
753626,0.0
753627,0.0
753628,0.0
753629,0.0
753630,0.0
753631,0.0
753632,0.0
753633,0.0
753634,0.0
753635,0.0
753636,0.0
753637,0.0
753638,0.0
753639,0.0
753640,0.0
753641,0.0
753642,0.0
753643,0.0
753644,0.0
753645,0.0
753646,0.0
753647,0.0
753648,0.0
753649,0.0
753650,0.0
753651,0.0
753652,0.0
753653,0.0
753654,0.0
753655,0.0
753656,0.0
753657,0.0
753658,0.0
753659,0.0
753660,0.0
753661,0.0
753662,0.0
753663,0.0
753664,0.0
753665,0.0
753666,0.0
753667,0.0
753668,0.0
753669,0.0
753670,0.0
753671,0.0
753672,0.0
753673,0.0
753674,0.0
753675,0.0
753676,0.0
753677,0.0
753678,0.0
753679,0.0
753680,0.0
753681,0.0
753682,0.0
753683,0.0
753684,0.0
753685,0.0
753686,0.0
753687,0.0
753688,0.0
753689,0.0
753690,0.0
753691,0.0
753692,0.0
753693,0.0
753694,0.0
753695,0.0
753696,0.0
753697,0.0
753698,0.0
753699,0.0
753700,0.0
753701,0.0
753702,0.0
753703,0.0
753704,0.0
753705,0.0
753706,0.0
753707,0.0
753708,0.0
753709,0.0
753710,0.0
753711,0.0
753712,0.0
753713,0.0
753714,0.0
753715,0.0
753716,0.0
753717,0.0
753718,0.0
753719,0.0
753720,0.0
753721,0.0
753722,0.0
753723,0.0
753724,0.0
753725,0.0
753726,0.0
753727,0.0
753728,0.0
753729,0.0
753730,0.0
753731,0.0
753732,0.0
753733,0.0
753734,1.579179e-38
753735,0.0
753736,0.0
753737,0.0
753738,0.0
753739,0.0
753740,0.0
753741,0.0
753742,0.0
753743,0.0
753744,0.0
753745,0.0
753746,0.0
753747,0.0
753748,0.0
753749,0.0
753750,0.0
753751,0.0
753752,0.0
753753,0.0
753754,0.0
753755,0.0
753756,0.0
753757,0.0
753758,0.0
753759,0.0
753760,0.0
753761,0.0
753762,0.0
753763,0.0
753764,0.0
753765,0.0
753766,0.0
753767,0.0
753768,0.0
753769,0.0
753770,0.0
753771,0.0
753772,0.0
753773,0.0
753774,0.0
753775,0.0
753776,0.0
753777,0.0
753778,0.0
753779,0.0
753780,0.0
753781,0.0
753782,0.0
753783,0.0
753784,0.0
753785,0.0
753786,0.0
753787,0.0
753788,0.0
753789,0.0
753790,0.0
753791,0.0
753792,0.0
753793,0.0
753794,0.0
753795,0.0
753796,0.0
753797,0.0
753798,0.0
753799,0.0
753800,0.0
753801,0.0
753802,0.0
753803,0.0
753804,0.0
753805,0.0
753806,0.0
753807,0.0
753808,0.0
753809,0.0
753810,0.0
753811,0.0
753812,0.0
753813,0.0
753814,0.0
753815,0.0
753816,0.0
753817,0.0
753818,0.0
753819,0.0
753820,0.0
753821,0.0
753822,0.0
753823,0.0
753824,0.0
753825,0.0
753826,0.0
753827,0.0
753828,0.0
753829,0.0
753830,0.0
753831,0.0
753832,0.0
753833,2.3521865e-10
753834,0.0
753835,0.0
753836,0.0
753837,0.0
753838,0.0
753839,0.0
753840,0.0
753841,0.0
753842,0.0
753843,0.0
753844,0.0
753845,0.0
753846,0.0
753847,0.0
753848,0.0
753849,0.0
753850,0.0
753851,0.0
753852,0.0
753853,0.0
753854,0.0
753855,0.0
753856,0.0
753857,0.0
753858,0.0
753859,0.0
753860,0.0
753861,0.0
753862,0.0
753863,0.0
753864,0.0
753865,0.0
753866,0.0
753867,0.0
753868,0.0
753869,0.0
753870,0.0
753871,0.0
753872,0.0
753873,0.0
753874,0.0
753875,0.0
753876,0.0
753877,0.0
753878,0.0
753879,0.0
753880,0.0
753881,0.0
753882,0.0
753883,0.0
753884,0.0
753885,0.0
753886,0.0
753887,0.0
753888,0.0
753889,0.0
753890,0.0
753891,0.0
753892,0.0
753893,0.0
753894,0.0
753895,0.0
753896,0.0
753897,0.0
753898,0.0
753899,0.0
753900,0.0
753901,0.0
753902,0.0
753903,0.0
753904,0.0
753905,0.0
753906,0.0
753907,0.0
753908,0.0
753909,0.0
753910,0.0
753911,0.0
753912,0.0
753913,0.0
753914,0.0
753915,0.0
753916,0.0
753917,0.0
753918,0.0
753919,0.0
753920,0.0
753921,0.0
753922,0.0
753923,0.0
753924,0.0
753925,0.0
753926,0.0
753927,0.0
753928,0.0
753929,0.0
753930,0.0
753931,0.0
753932,0.0
753933,0.0
753934,0.0
753935,0.0
753936,0.0
753937,0.0
753938,0.0
753939,0.0
753940,0.0
753941,0.0
753942,0.0
753943,0.0
753944,0.0
753945,0.0
753946,0.0
753947,0.0
753948,0.0
753949,0.0
753950,0.0
753951,0.0
753952,0.0
753953,0.0
753954,0.0
753955,0.0
753956,0.0
753957,1.2510192e-27
753958,0.0
753959,0.0
753960,0.0
753961,0.0
753962,0.0
753963,0.0
753964,0.0
753965,0.0
753966,0.0
753967,0.0
753968,0.0
753969,0.0
753970,0.0
753971,0.0
753972,0.0
753973,0.0
753974,0.0
753975,0.0
753976,0.0
753977,0.0
753978,0.0
753979,0.0
753980,0.0
753981,0.0
753982,0.0
753983,0.0
753984,0.0
753985,0.0
753986,0.0
753987,0.0
753988,0.0
753989,0.0
753990,0.0
753991,0.0
753992,0.0
753993,0.0
753994,0.0
753995,0.0
753996,0.0
753997,0.0
753998,0.0
753999,0.0
754000,0.0
754001,0.0
754002,0.0
754003,0.0
754004,0.0
754005,0.0
754006,0.0
754007,0.0
754008,0.0
754009,8.1730425e-38
754010,0.0
754011,0.0
754012,0.0
754013,0.0
754014,0.0
754015,0.0
754016,0.0
754017,0.0
754018,0.0
754019,0.0
754020,0.0
754021,0.0
754022,0.0
754023,0.0
754024,0.0
754025,0.0
754026,0.0
754027,0.0
754028,0.0
754029,0.0
754030,0.0
754031,0.0
754032,0.0
754033,0.0
754034,0.0
754035,0.0
754036,0.0
754037,0.0
754038,0.0
754039,0.0
754040,0.0
754041,0.0
754042,0.0
754043,0.0
754044,0.0
754045,0.0
754046,0.0
754047,0.0
754048,0.0
754049,0.0
754050,0.0
754051,0.0
754052,0.0
754053,0.0
754054,0.0
754055,0.0
754056,0.0
754057,0.0
754058,0.0
754059,0.0
754060,0.0
754061,0.0
754062,0.0
754063,0.0
754064,0.0
754065,0.0
754066,0.0
754067,0.0
754068,0.0
754069,0.0
754070,0.0
754071,0.0
754072,0.0
754073,0.0
754074,0.0
754075,0.0
754076,0.0
754077,0.0
754078,0.0
754079,0.0
754080,0.0
754081,0.0
754082,5.4722117e-25
754083,0.0
754084,0.0
754085,0.0
754086,0.0
754087,0.0
754088,0.0
754089,0.0
754090,0.0
754091,0.0
754092,0.0
754093,0.0
754094,0.0
754095,0.0
754096,0.0
754097,0.0
754098,0.0
754099,0.0
754100,0.0
754101,0.0
754102,0.0
754103,0.0
754104,0.0
754105,0.0
754106,0.0
754107,0.0
754108,0.0
754109,0.0
754110,0.0
754111,0.0
754112,0.0
754113,0.0
754114,0.0
754115,0.0
754116,0.0
754117,0.0
754118,0.0
754119,0.0
754120,0.0
754121,0.0
754122,0.0
754123,0.0
754124,0.0
754125,0.0
754126,0.0
754127,0.0
754128,0.0
754129,0.0
754130,0.0
754131,0.0
754132,0.0
754133,0.0
754134,0.0
754135,0.0
754136,0.0
754137,0.0
754138,0.0
754139,0.0
754140,0.0
754141,0.0
754142,0.0
754143,0.0
754144,0.0
754145,0.0
754146,0.0
754147,0.0
754148,0.0
754149,0.0
754150,2.9967782e-38
754151,0.0
754152,0.0
754153,0.0
754154,0.0
754155,0.0
754156,0.0
754157,0.0
754158,0.0
754159,0.0
754160,0.0
754161,0.0
754162,0.0
754163,0.0
754164,0.0
754165,0.0
754166,0.0
754167,0.0
754168,0.0
754169,0.0
754170,0.0
754171,0.0
754172,0.0
754173,0.0
754174,0.0
754175,0.0
754176,0.0
754177,0.0
754178,0.0
754179,0.0
754180,0.0
754181,0.0
754182,0.0
754183,0.0
754184,0.0
754185,0.0
754186,0.0
754187,0.0
754188,0.0
754189,0.0
754190,0.0
754191,0.0
754192,0.0
754193,0.0
754194,0.0
754195,0.0
754196,0.0
754197,0.0
754198,0.0
754199,0.0
754200,0.0
754201,0.0
754202,0.0
754203,0.0
754204,0.0
754205,0.0
754206,0.0
754207,0.0
754208,0.0
754209,0.0
754210,0.0
754211,0.0
754212,0.0
754213,0.0
754214,0.0
754215,0.0
754216,0.0
754217,0.0
754218,0.0
754219,0.0
754220,0.0
754221,0.0
754222,0.0
754223,0.0
754224,0.0
754225,0.0
754226,0.0
754227,0.0
754228,0.0
754229,0.0
754230,0.0
754231,0.0
754232,0.0
754233,0.0
754234,0.0
754235,0.0
754236,0.0
754237,0.0
754238,0.0
754239,0.0
754240,0.0
754241,0.0
754242,0.0
754243,0.0
754244,0.0
754245,0.0
754246,0.0
754247,0.0
754248,0.0
754249,0.0
754250,0.0
754251,0.0
754252,0.0
754253,0.0
754254,0.0
754255,0.0
754256,0.0
754257,0.0
754258,0.0
754259,0.0
754260,0.0
754261,0.0
754262,0.0
754263,0.0
754264,0.0
754265,0.0
754266,0.0
754267,0.0
754268,0.0
754269,0.0
754270,0.0
754271,0.0
754272,0.0
754273,0.0
754274,0.0
754275,0.0
754276,0.0
754277,0.0
754278,0.0
754279,0.0
754280,0.0
754281,0.0
754282,0.0
754283,0.0
754284,0.0
754285,0.0
754286,0.0
754287,0.0
754288,0.0
754289,0.0
754290,0.0
754291,0.0
754292,0.0
754293,0.0
754294,0.0
754295,0.0
754296,0.0
754297,0.0
754298,0.0
754299,0.0
754300,0.0
754301,0.0
754302,0.0
754303,0.0
754304,0.0
754305,0.0
754306,0.0
754307,0.0
754308,0.0
754309,0.2127597
754310,0.0
754311,0.0
754312,0.0
754313,0.0
754314,0.0
754315,0.0
754316,0.0
754317,0.0
754318,0.0
754319,0.0
754320,0.0
754321,0.0
754322,0.0
754323,0.0
754324,0.0
754325,0.0
754326,0.0
754327,0.0
754328,0.0
754329,0.0
754330,0.0
754331,0.0
754332,0.0
754333,0.0
754334,0.0
754335,0.0
754336,0.0
754337,0.0
754338,0.0
754339,0.0
754340,0.0
754341,0.0
754342,0.0
754343,0.0
754344,0.0
754345,0.0
754346,0.0
754347,0.0
754348,0.0
754349,0.0
754350,0.0
754351,0.0
754352,0.0
754353,0.0
754354,0.0
754355,0.0
754356,0.0
754357,0.0
754358,0.0
754359,0.0
754360,0.0
754361,0.0
754362,0.0
754363,0.0
754364,0.0
754365,0.0
754366,0.0
754367,0.0
754368,0.0
754369,0.0
754370,0.0
754371,0.0
754372,0.0
754373,0.0
754374,0.0
754375,0.0
754376,0.0
754377,0.0
754378,0.0
754379,0.0
754380,0.0
754381,0.0
754382,0.0
754383,0.0
754384,0.0
754385,0.0
754386,0.0
754387,0.0
754388,0.0
754389,0.0
754390,0.0
754391,0.0
754392,0.0
754393,0.0
754394,0.0
754395,0.0
754396,0.0
754397,0.0
754398,0.0
754399,0.0
754400,0.0
754401,0.0
754402,0.0
754403,0.0
754404,0.0
754405,0.0
754406,0.0
754407,0.0
754408,0.0
754409,0.0
754410,0.0
754411,0.0
754412,0.0
754413,0.0
754414,0.0
754415,0.0
754416,0.0
754417,0.0
754418,0.0
754419,0.0
754420,0.0
754421,0.0
754422,0.0
754423,0.0
754424,0.0
754425,0.0
754426,0.0
754427,0.0
754428,0.0
754429,0.0
754430,0.0
754431,0.0
754432,0.0
754433,0.0
754434,0.0
754435,0.0
754436,0.0
754437,0.0
754438,0.0
754439,0.0
754440,0.0
754441,0.0
754442,0.0
754443,0.0
754444,0.0
754445,0.0
754446,0.0
754447,0.0
754448,0.0
754449,0.0
754450,0.0
754451,0.0
754452,0.0
754453,0.0
754454,0.0
754455,0.0
754456,0.0
754457,0.0
754458,0.0
754459,0.0
754460,0.0
754461,0.0
754462,0.0
754463,0.0
754464,0.0
754465,0.0
754466,0.0
754467,0.0
754468,0.0
754469,0.0
754470,0.0
754471,0.0
754472,0.0
754473,0.0
754474,0.0
754475,0.0
754476,0.0
754477,0.0
754478,0.0
754479,0.0014757462
754480,0.0
754481,0.0
754482,0.0
754483,0.0
754484,0.0
754485,0.0
754486,0.0
754487,0.0
754488,0.0
754489,1.4444582e-20
754490,0.0
754491,0.0
754492,0.0
754493,0.0
754494,0.0
754495,0.0
754496,0.0
754497,0.0
754498,0.0
754499,0.0
754500,0.0
754501,0.0
754502,0.0
754503,0.0
754504,0.0
754505,0.0
754506,0.0
754507,0.0
754508,0.0
754509,0.0
754510,0.0
754511,0.0
754512,0.0
754513,0.0
754514,0.0
754515,0.0
754516,0.0
754517,0.0
754518,0.0
754519,0.0
754520,0.0
754521,0.0
754522,0.0
754523,0.0
754524,0.0
754525,0.0
754526,0.0
754527,0.0
754528,0.0005827545
754529,0.0
754530,0.0
754531,0.0
754532,0.0
754533,0.0
754534,0.0
754535,0.0
754536,0.0
754537,0.0
754538,0.0
754539,0.0
754540,1.4962527e-26
754541,0.0
754542,0.0
754543,0.0
754544,0.0
754545,0.0
754546,0.0
754547,0.0
754548,0.0
754549,0.0
754550,0.0
754551,0.0
754552,0.0
754553,0.0
754554,0.0
754555,0.0
754556,0.0
754557,0.0
754558,0.0
754559,0.0
754560,0.0
754561,0.0
754562,4.5675228e-29
754563,0.0
754564,0.0
754565,0.0
754566,0.0
754567,0.0
754568,0.0
754569,0.0
754570,0.0
754571,0.0
754572,0.0
754573,0.0
754574,0.0
754575,0.0
754576,0.0
754577,0.0
754578,0.0
754579,0.0
754580,0.0
754581,0.0
754582,0.0
754583,0.0
754584,0.0
754585,0.0
754586,0.0
754587,0.0
754588,0.0
754589,0.0
754590,0.0
754591,0.0
754592,0.0
754593,0.0
754594,0.0
754595,0.0
754596,0.0
754597,0.0
754598,0.0
754599,0.0
754600,0.0
754601,0.0
754602,0.0
754603,0.0
754604,0.0
754605,0.0
754606,0.0
754607,0.0
754608,0.0
754609,0.0
754610,0.0
754611,0.0
754612,0.0
754613,0.0
754614,0.0
754615,0.0
754616,0.0
754617,0.0
754618,0.0
754619,0.0
754620,0.0
754621,0.0
754622,0.0
754623,0.0
754624,0.0
754625,0.0
754626,0.0
754627,0.0
754628,0.0
754629,0.0
754630,0.09245924
754631,0.0
754632,0.0
754633,0.0
754634,0.0
754635,0.0
754636,0.0
754637,0.0
754638,0.0
754639,0.0
754640,0.0
754641,0.0
754642,0.0
754643,0.0
754644,0.0
754645,0.0
754646,0.0
754647,0.0
754648,0.0
754649,0.0
754650,0.0
754651,0.0
754652,0.0
754653,0.0
754654,0.0
754655,0.0
754656,0.0
754657,0.0
754658,0.0
754659,0.0
754660,0.0
754661,0.0
754662,2.4182063e-05
754663,0.0
754664,0.0
754665,0.0
754666,0.0
754667,0.0
754668,0.0
754669,0.0
754670,0.0
754671,0.0
754672,0.0
754673,0.0
754674,0.0
754675,0.0
754676,0.0
754677,0.0
754678,0.0
754679,0.0
754680,0.0
754681,0.0
754682,0.0
754683,0.0
754684,0.0
754685,0.0
754686,0.0
754687,0.0
754688,0.0
754689,0.0
754690,0.0
754691,0.0
754692,0.0
754693,0.0
754694,0.0
754695,0.0
754696,0.0
754697,0.0
754698,0.0
754699,0.0
754700,0.0
754701,0.0
754702,0.0
754703,0.0
754704,0.0
754705,0.0
754706,0.0
754707,0.0
754708,0.0
754709,0.0
754710,0.0
754711,0.0
754712,0.0
754713,0.0
754714,0.0
754715,0.0
754716,0.0
754717,0.0
754718,0.0
754719,0.0
754720,0.0
754721,0.0
754722,0.0
754723,0.0
754724,0.0
754725,0.0
754726,0.0
754727,0.0
754728,0.0
754729,0.0
754730,0.0
754731,0.0
754732,0.0
754733,0.0
754734,0.0
754735,0.0
754736,0.0
754737,0.0
754738,0.0
754739,0.0
754740,0.0
754741,0.0
754742,0.0
754743,0.0
754744,0.0
754745,0.0
754746,0.0
754747,0.0
754748,0.0
754749,0.0
754750,0.0
754751,0.0
754752,0.0
754753,0.0
754754,0.0
754755,0.0
754756,0.0
754757,0.0
754758,0.0
754759,0.0
754760,1.3592648e-07
754761,0.0
754762,0.0
754763,0.0
754764,0.0
754765,0.0
754766,0.0
754767,0.0
754768,0.0
754769,0.0
754770,0.0
754771,0.0
754772,0.0
754773,0.0
754774,0.0
754775,0.0
754776,0.0
754777,0.0
754778,0.0
754779,0.0
754780,0.0
754781,0.0
754782,0.0
754783,0.0
754784,0.0
754785,0.0
754786,0.0
754787,0.0
754788,0.0
754789,0.0
754790,0.0
754791,0.0
754792,0.0
754793,0.0
754794,0.0
754795,0.0
754796,0.0
754797,0.0
754798,0.0
754799,0.0
754800,0.0
754801,0.0
754802,0.0
754803,0.0
754804,0.0
754805,0.0
754806,0.0
754807,0.0
754808,0.0
754809,0.0
754810,0.0
754811,0.0
754812,0.0
754813,0.0
754814,0.0
754815,0.0
754816,0.0
754817,0.0
754818,0.0
754819,0.0
754820,0.0
754821,0.0
754822,0.0
754823,0.0
754824,0.0
754825,0.0
754826,0.0
754827,0.0
754828,0.0
754829,0.0
754830,0.0
754831,0.0
754832,0.0
754833,0.0
754834,0.0
754835,0.0
754836,0.0
754837,0.0
754838,0.0
754839,0.0
754840,0.0
754841,0.0
754842,0.0
754843,0.0
754844,0.0
754845,0.0
754846,0.0
754847,0.0
754848,0.0
754849,0.0
754850,0.0
754851,0.0
754852,0.0
754853,0.0
754854,0.0
754855,0.0
754856,0.0
754857,0.0
754858,0.0
754859,0.0
754860,0.0
754861,0.0
754862,0.0
754863,0.0
754864,0.0
754865,0.0
754866,0.0
754867,0.0
754868,0.0
754869,0.0
754870,0.0
754871,0.0
754872,0.0
754873,0.0
754874,0.0
754875,0.0
754876,0.0
754877,0.0
754878,0.0
754879,0.0
754880,0.0
754881,0.0
754882,0.0
754883,0.0
754884,0.0
754885,0.0
754886,0.0
754887,0.0
754888,0.0
754889,0.0
754890,0.0
754891,0.0
754892,0.0
754893,0.0
754894,0.0
754895,0.0
754896,0.0
754897,0.0
754898,0.0
754899,0.0
754900,0.0
754901,0.0
754902,0.0
754903,0.0
754904,0.0
754905,0.0
754906,0.0
754907,0.0
754908,0.0
754909,0.0
754910,0.0
754911,0.0
754912,0.0
754913,0.0
754914,0.0
754915,0.0
754916,0.0
754917,0.0
754918,0.0
754919,0.0
754920,0.0
754921,0.0
754922,0.0
754923,0.0
754924,0.0
754925,0.0
754926,0.0
754927,0.0
754928,0.0
754929,0.0
754930,0.0
754931,0.0
754932,0.0
754933,0.0
754934,0.0
754935,0.0
754936,0.0
754937,0.0
754938,0.0
754939,0.0
754940,0.0
754941,0.0
754942,0.0
754943,0.0
754944,0.0
754945,0.0
754946,0.0
754947,0.0
754948,0.0
754949,0.0
754950,0.0
754951,0.0
754952,0.0
754953,0.0
754954,0.0
754955,0.0
754956,0.0
754957,0.0
754958,0.0
754959,0.0
754960,0.0
754961,0.0
754962,0.0
754963,0.0
754964,0.0
754965,0.0
754966,0.0
754967,0.0
754968,0.0
754969,0.0
754970,0.0
754971,0.0
754972,0.0
754973,0.0
754974,0.0
754975,0.0
754976,0.0
754977,0.0
754978,0.0
754979,0.0
754980,0.0
754981,0.0
754982,0.0
754983,0.0
754984,0.0
754985,0.0
754986,0.0
754987,0.0
754988,0.0
754989,0.0
754990,0.0
754991,0.0
754992,0.0
754993,0.0
754994,0.0
754995,0.0
754996,0.0
754997,0.0
754998,0.0
754999,0.0
755000,0.0
755001,0.0
755002,0.0
755003,0.0
755004,0.0
755005,0.0
755006,0.0
755007,0.0
755008,0.0
755009,0.0
755010,0.0
755011,0.0
755012,0.0
755013,0.0
755014,0.0
755015,0.0
755016,0.0
755017,0.0
755018,0.0
755019,0.0
755020,0.0
755021,0.0
755022,0.0
755023,0.0
755024,0.0
755025,0.0
755026,0.0
755027,0.0
755028,0.0
755029,0.0
755030,0.0
755031,0.0
755032,0.0
755033,0.0
755034,0.0
755035,0.0
755036,0.0
755037,0.0
755038,0.0
755039,0.0
755040,0.0
755041,0.0
755042,0.0
755043,0.0
755044,0.0
755045,0.0
755046,0.0
755047,0.0
755048,0.0
755049,0.0
755050,0.0
755051,0.0
755052,0.0
755053,0.0
755054,0.0
755055,0.0
755056,0.0
755057,0.0
755058,0.0
755059,0.0
755060,0.0
755061,0.0
755062,0.0
755063,0.0
755064,0.0
755065,0.0
755066,0.0
755067,3.0146624e-17
755068,0.0
755069,0.0
755070,0.0
755071,0.0
755072,0.0
755073,0.0
755074,0.0
755075,0.0
755076,0.0
755077,0.0
755078,0.0
755079,0.0
755080,0.0
755081,0.0
755082,0.0
755083,0.0
755084,0.0
755085,0.0
755086,0.0
755087,0.0
755088,0.0
755089,0.0
755090,0.0
755091,0.0
755092,0.0
755093,0.0
755094,0.0
755095,0.0
755096,5.7216653e-28
755097,0.0
755098,0.0
755099,0.0
755100,0.0
755101,0.0
755102,0.0
755103,0.0
755104,0.0
755105,0.0
755106,0.0
755107,0.0
755108,0.0
755109,0.0
755110,0.0
755111,0.0
755112,0.0
755113,0.0
755114,0.0
755115,0.0
755116,0.0
755117,0.0
755118,0.0
755119,0.0
755120,0.0
755121,0.0
755122,0.0
755123,0.0
755124,0.0
755125,0.0
755126,0.0
755127,0.0
755128,0.0
755129,0.0
755130,0.0
755131,0.0
755132,0.0
755133,0.0
755134,0.0
755135,0.0
755136,0.0
755137,0.0
755138,0.0
755139,0.0
755140,0.0
755141,0.0
755142,0.0
755143,0.0
755144,0.0
755145,0.0
755146,0.0
755147,0.0
755148,0.0
755149,0.0
755150,0.0
755151,0.0
755152,0.0
755153,0.0
755154,0.0
755155,0.0
755156,0.0
755157,0.0
755158,0.0
755159,0.0
755160,0.0
755161,0.0
755162,0.0
755163,0.0
755164,0.0
755165,0.0
755166,0.0
755167,0.0
755168,0.0
755169,0.0
755170,0.0
755171,0.0
755172,0.0
755173,0.0
755174,0.0
755175,0.0
755176,0.0
755177,0.0
755178,0.0
755179,0.0
755180,0.0
755181,0.0
755182,0.0
755183,0.0
755184,0.0
755185,0.0
755186,0.0
755187,0.0
755188,0.0
755189,0.0
755190,0.0
755191,0.0
755192,0.0
755193,0.0
755194,0.0
755195,0.0
755196,0.0
755197,0.0
755198,0.0
755199,0.0
755200,0.0
755201,0.0
755202,0.0
755203,0.0
755204,0.0
755205,0.0
755206,0.0
755207,0.0
755208,0.0
755209,0.0
755210,5.273741e-06
755211,0.0
755212,0.0
755213,0.0
755214,0.0
755215,0.0
755216,0.0
755217,0.0
755218,0.0
755219,0.0
755220,0.0
755221,0.0
755222,0.0
755223,0.0
755224,0.0
755225,0.0
755226,0.0
755227,0.0
755228,0.0
755229,0.0
755230,0.0
755231,0.0
755232,0.0
755233,0.0
755234,2.1425369e-28
755235,0.0
755236,0.0
755237,0.0
755238,0.0
755239,0.0
755240,0.0
755241,0.0
755242,0.0
755243,0.0
755244,0.0
755245,0.0
755246,0.0
755247,0.0
755248,0.0
755249,0.0
755250,0.0
755251,0.0
755252,0.0
755253,0.0
755254,0.0
755255,0.0
755256,0.0
755257,0.0
755258,0.0
755259,0.0
755260,0.0
755261,0.0
755262,0.0
755263,0.0
755264,0.0
755265,0.0
755266,0.0
755267,0.0
755268,0.0
755269,0.0
755270,0.0
755271,0.0
755272,5.0108907e-31
755273,0.0
755274,0.0
755275,0.0
755276,0.0
755277,0.0
755278,0.0
755279,0.0
755280,0.0
755281,0.0
755282,0.0
755283,0.0
755284,0.0
755285,0.0
755286,0.0
755287,0.0
755288,0.0
755289,0.0
755290,0.0
755291,0.0
755292,0.0
755293,0.0
755294,0.0
755295,0.0
755296,0.0
755297,0.0
755298,0.0
755299,0.0
755300,0.0
755301,0.0
755302,0.0
755303,0.0
755304,0.0
755305,0.0
755306,0.0
755307,0.0
755308,0.0
755309,0.0
755310,0.0
755311,0.0
755312,0.0
755313,0.0
755314,0.0
755315,0.0
755316,0.0
755317,0.0
755318,0.0
755319,0.0
755320,0.0
755321,0.0
755322,0.0
755323,0.0
755324,0.0
755325,0.0
755326,0.0
755327,0.0
755328,0.0
755329,0.0
755330,0.0
755331,0.0
755332,0.0
755333,1.7925255e-23
755334,0.0
755335,0.0
755336,0.0
755337,0.0
755338,3.238819e-23
755339,0.0
755340,0.0
755341,0.0
755342,0.0
755343,0.0
755344,0.0
755345,0.0
755346,0.0
755347,0.0
755348,0.0
755349,0.0
755350,0.0
755351,0.0
755352,0.0
755353,0.0
755354,0.0
755355,0.0
755356,0.0
755357,0.0
755358,0.0
755359,0.0
755360,0.0
755361,0.0
755362,0.0
755363,0.0
755364,0.0
755365,0.0
755366,0.0
755367,0.0
755368,0.0
755369,0.0
755370,0.0
755371,0.0
755372,0.0
755373,0.0
755374,0.0
755375,0.0
755376,0.0
755377,0.0
755378,0.0
755379,0.0
755380,0.0
755381,0.0
755382,0.0
755383,0.0
755384,0.0
755385,0.0
755386,0.0
755387,0.0
755388,0.0
755389,0.0
755390,0.0
755391,0.0
755392,0.0
755393,0.0
755394,0.0
755395,0.0
755396,0.0
755397,0.0
755398,0.0
755399,0.0
755400,0.0
755401,0.0
755402,0.0
755403,0.0
755404,0.0
755405,0.0
755406,0.0
755407,0.0
755408,0.0
755409,0.0
755410,0.0
755411,0.0
755412,0.0
755413,0.0
755414,0.0
755415,0.0
755416,0.0
755417,0.0
755418,0.0
755419,0.0
755420,2.5998962e-29
755421,0.0
755422,0.0
755423,0.0
755424,0.0
755425,0.0
755426,0.0
755427,0.0
755428,0.0
755429,0.0
755430,0.0
755431,0.0
755432,0.0
755433,0.0
755434,0.0
755435,0.0
755436,0.0
755437,0.0
755438,0.0
755439,0.0
755440,0.0
755441,0.0
755442,0.0
755443,0.0
755444,0.0
755445,0.0
755446,0.0
755447,0.0
755448,0.0
755449,0.0
755450,0.0
755451,0.0
755452,0.0
755453,0.0
755454,0.0
755455,0.0
755456,0.0
755457,0.0
755458,0.0
755459,0.0
755460,0.0
755461,0.0
755462,0.0
755463,0.0
755464,0.0
755465,0.0
755466,0.0
755467,0.0
755468,0.0
755469,6.9852777e-13
755470,0.0
755471,0.0
755472,0.0
755473,0.0
755474,0.0
755475,0.0
755476,0.0
755477,0.0
755478,0.0
755479,0.0
755480,0.0
755481,0.0
755482,0.0
755483,0.0
755484,0.0
755485,0.0
755486,0.0
755487,0.0
755488,0.0
755489,0.0
755490,0.0
755491,0.0
755492,0.0
755493,0.0
755494,0.0
755495,0.0
755496,0.0
755497,0.0
755498,0.0
755499,0.0
755500,0.0
755501,0.0
755502,0.0
755503,0.0
755504,0.0
755505,0.0
755506,0.0
755507,0.0
755508,0.0
755509,0.0
755510,0.0
755511,0.0
755512,0.0
755513,0.0
755514,0.0
755515,0.0
755516,0.0
755517,0.0
755518,0.0
755519,0.0
755520,0.0
755521,0.0
755522,0.0
755523,0.0
755524,0.0
755525,0.0
755526,0.0
755527,0.0
755528,0.0
755529,0.0
755530,0.0
755531,0.0
755532,0.0
755533,0.0
755534,0.0
755535,0.0
755536,0.0
755537,0.0
755538,0.0
755539,0.0
755540,0.0
755541,0.0
755542,0.0
755543,0.0
755544,0.0
755545,0.0
755546,0.0
755547,0.0
755548,0.0
755549,0.0
755550,0.0
755551,0.0
755552,0.0
755553,0.0
755554,0.0
755555,0.0
755556,0.0
755557,0.0
755558,0.0
755559,0.0
755560,0.0
755561,0.0
755562,0.0
755563,0.0
755564,0.0
755565,0.0
755566,0.0
755567,0.0
755568,0.0
755569,0.0
755570,0.0
755571,0.0
755572,0.0
755573,0.0
755574,0.0
755575,0.0
755576,0.0
755577,0.0
755578,0.0
755579,0.0
755580,0.0
755581,0.0
755582,0.0
755583,0.0
755584,0.0
755585,0.0
755586,0.0
755587,0.0
755588,0.0
755589,0.0
755590,0.0
755591,0.0
755592,0.0
755593,0.0
755594,0.0
755595,0.0
755596,0.0
755597,0.0
755598,0.0
755599,0.0
755600,0.0
755601,0.0
755602,0.0
755603,0.0
755604,0.0
755605,0.0
755606,0.0
755607,0.0
755608,0.0
755609,0.0
755610,0.0
755611,0.0
755612,0.0
755613,0.0
755614,0.0
755615,0.0
755616,0.0
755617,0.0
755618,0.0
755619,0.0
755620,0.0
755621,0.0
755622,0.0
755623,0.0
755624,0.0
755625,0.0
755626,0.0
755627,0.0
755628,0.0
755629,0.0
755630,0.0
755631,0.0
755632,0.0
755633,0.0
755634,0.0
755635,0.0
755636,0.0
755637,0.0
755638,1.7180913e-15
755639,0.0
755640,0.0
755641,0.0
755642,0.0
755643,0.0
755644,0.0
755645,0.0
755646,0.0
755647,0.0
755648,0.0
755649,0.0
755650,0.0
755651,0.0
755652,0.0
755653,0.0
755654,0.0
755655,0.0
755656,0.0
755657,0.0
755658,0.0
755659,0.0
755660,0.0
755661,0.0
755662,0.0
755663,0.0
755664,0.0
755665,0.0
755666,0.0
755667,0.0
755668,0.0
755669,0.0
755670,0.0
755671,0.0
755672,0.0
755673,0.0
755674,0.0
755675,0.0
755676,0.0
755677,0.0
755678,0.0
755679,0.0
755680,0.0
755681,0.0
755682,0.0
755683,0.0
755684,0.0
755685,0.0
755686,0.0
755687,0.0
755688,0.0
755689,0.0
755690,0.0
755691,0.0
755692,0.0
755693,0.0
755694,0.0
755695,0.0
755696,0.0
755697,0.0
755698,0.0
755699,0.0
755700,0.0
755701,0.0
755702,0.0
755703,0.0
755704,0.0
755705,0.0
755706,0.0
755707,0.0
755708,0.0
755709,0.0
755710,0.0
755711,0.0
755712,0.0
755713,0.0
755714,0.0
755715,0.0
755716,0.0
755717,0.0
755718,0.0
755719,0.0
755720,0.0
755721,0.0
755722,0.0
755723,0.0
755724,0.0
755725,0.0
755726,0.0
755727,0.0
755728,0.0
755729,0.0
755730,0.0
755731,0.0
755732,0.0
755733,0.0
755734,0.0
755735,0.0
755736,0.0
755737,0.0
755738,0.0
755739,0.0
755740,0.0
755741,0.0
755742,0.0
755743,0.0
755744,0.0
755745,0.0
755746,0.0
755747,0.0
755748,0.0
755749,0.0
755750,0.0
755751,0.0
755752,0.0
755753,0.0
755754,0.0
755755,0.0
755756,0.0
755757,0.0
755758,0.0
755759,0.0
755760,0.0
755761,0.0
755762,7.636685e-36
755763,0.0
755764,0.0
755765,0.0
755766,0.0
755767,0.0
755768,0.0
755769,0.0
755770,0.0
755771,0.0
755772,0.0
755773,0.0
755774,0.0
755775,0.0
755776,0.0
755777,0.0
755778,0.0
755779,0.0
755780,0.0
755781,0.0
755782,0.0
755783,0.0
755784,0.0
755785,0.0
755786,0.0
755787,0.0
755788,0.0
755789,0.0
755790,0.0
755791,0.0
755792,0.0
755793,0.0
755794,0.0
755795,0.0
755796,0.0
755797,0.0
755798,0.0
755799,0.0
755800,0.0
755801,0.0
755802,0.0
755803,0.0
755804,0.0
755805,0.0
755806,0.0
755807,0.0
755808,0.0
755809,0.0
755810,0.0
755811,0.0
755812,0.0
755813,1.5885292e-19
755814,0.0
755815,0.0
755816,0.0
755817,0.0
755818,0.0
755819,0.0
755820,0.0
755821,0.0
755822,0.0
755823,0.0
755824,0.0
755825,0.0
755826,0.0
755827,0.0
755828,0.0
755829,0.0
755830,0.0
755831,0.0
755832,0.0
755833,0.0
755834,0.0
755835,0.0
755836,0.0
755837,0.0
755838,0.0
755839,0.0
755840,0.0
755841,0.0
755842,0.0
755843,0.0
755844,0.0
755845,0.0
755846,0.0
755847,0.0
755848,0.0
755849,4.796093e-39
755850,0.0
755851,0.0
755852,0.0
755853,0.0
755854,0.0
755855,0.0
755856,0.0
755857,0.0
755858,0.0
755859,0.0
755860,0.0
755861,0.0
755862,0.0
755863,0.0
755864,0.0
755865,0.0
755866,0.0
755867,0.0
755868,0.0
755869,0.0
755870,0.0
755871,0.0
755872,0.0
755873,0.0
755874,0.0
755875,0.0
755876,0.0
755877,0.0
755878,0.0
755879,0.0
755880,0.0
755881,0.0
755882,0.0
755883,0.0
755884,0.0
755885,0.0
755886,0.0
755887,0.0
755888,0.0
755889,0.0
755890,0.0
755891,0.0
755892,0.0
755893,0.0
755894,0.0
755895,0.0
755896,0.0
755897,0.0
755898,0.0
755899,0.0
755900,0.0
755901,0.0
755902,0.0
755903,0.0
755904,0.0
755905,0.0
755906,0.0
755907,0.0
755908,0.0
755909,0.0
755910,0.0
755911,0.12296899
755912,0.0
755913,0.0
755914,0.0
755915,0.0
755916,0.0
755917,0.0
755918,0.0
755919,0.0
755920,0.0
755921,0.0
755922,0.0
755923,0.0
755924,0.0
755925,0.0
755926,0.0
755927,0.0
755928,0.0
755929,0.0
755930,0.0
755931,0.0
755932,0.0
755933,0.0
755934,0.0
755935,0.0
755936,0.0
755937,0.0
755938,0.0
755939,0.0
755940,0.0
755941,0.0
755942,0.0
755943,0.0
755944,0.0
755945,0.0
755946,0.0
755947,0.0
755948,0.0
755949,0.0
755950,0.0
755951,0.0
755952,0.0
755953,0.0
755954,0.0
755955,0.0
755956,0.0
755957,0.0
755958,0.0
755959,0.0
755960,0.0
755961,0.0
755962,0.0
755963,0.0
755964,0.0
755965,0.0
755966,0.0
755967,6.1338003e-18
755968,0.0
755969,0.0
755970,0.0
755971,0.0
755972,0.0
755973,0.0
755974,0.0
755975,0.0
755976,0.0
755977,0.0
755978,0.0
755979,0.0
755980,0.0
755981,0.0
755982,0.0
755983,0.0
755984,0.0
755985,0.0
755986,0.0
755987,0.0
755988,0.0
755989,0.0
755990,0.0
755991,0.0
755992,0.0
755993,0.0
755994,0.0
755995,0.0
755996,0.0
755997,0.0
755998,0.0
755999,0.0
756000,0.0
756001,0.0
756002,0.0
756003,0.0
756004,0.0
756005,0.0
756006,0.0
756007,0.0
756008,0.0
756009,0.0
756010,0.0
756011,0.0
756012,0.0
756013,0.0
756014,0.0
756015,0.0
756016,0.0
756017,0.0
756018,0.0
756019,0.0
756020,0.0
756021,0.0
756022,0.0
756023,0.0
756024,0.0
756025,0.0
756026,0.0
756027,0.0
756028,0.0
756029,0.0
756030,0.0
756031,0.0
756032,0.0
756033,0.0
756034,0.0
756035,0.0
756036,0.0
756037,0.0
756038,0.0
756039,0.0
756040,0.0
756041,0.0
756042,0.0
756043,0.0
756044,0.0
756045,0.0
756046,0.0
756047,0.0
756048,0.0
756049,0.0
756050,0.0
756051,0.0
756052,0.0
756053,0.0
756054,0.0
756055,0.0
756056,0.0
756057,0.0
756058,0.0
756059,0.0
756060,0.0
756061,0.0
756062,0.0
756063,0.0
756064,0.0
756065,0.0
756066,0.0
756067,0.0
756068,0.0
756069,0.0
756070,0.0
756071,0.0
756072,0.0
756073,0.0
756074,0.0
756075,0.0
756076,0.0
756077,0.0
756078,0.0
756079,0.0
756080,0.0
756081,0.0
756082,0.0
756083,0.0
756084,0.0
756085,0.0
756086,0.0
756087,0.0
756088,0.0
756089,0.0
756090,0.0
756091,0.0
756092,0.0
756093,0.0
756094,0.0
756095,0.0
756096,0.0
756097,0.0
756098,0.0
756099,0.0
756100,0.0
756101,0.0
756102,0.0
756103,0.0
756104,0.0
756105,0.0
756106,0.0
756107,0.0
756108,0.0
756109,0.0
756110,0.0
756111,0.0
756112,0.0
756113,0.0
756114,0.0
756115,0.0
756116,0.0
756117,0.0
756118,0.0
756119,0.0
756120,0.0
756121,0.0
756122,0.0
756123,0.0
756124,0.0
756125,0.0
756126,0.0
756127,0.0
756128,0.0
756129,0.0
756130,0.0
756131,0.0
756132,0.0
756133,0.0
756134,0.0
756135,0.0
756136,0.0
756137,0.0
756138,0.0
756139,0.0
756140,0.0
756141,0.0
756142,0.0
756143,0.0
756144,0.0
756145,0.0
756146,0.0
756147,0.0
756148,0.0
756149,0.0
756150,0.0
756151,0.0
756152,0.0
756153,0.0
756154,0.0
756155,0.0
756156,0.0
756157,0.0
756158,0.0
756159,0.0
756160,0.0
756161,0.0
756162,0.0
756163,0.0
756164,0.0
756165,0.0
756166,0.0
756167,0.0
756168,0.0
756169,0.0
756170,0.0
756171,0.0
756172,0.0
756173,0.0
756174,0.0
756175,0.0
756176,0.0
756177,0.0
756178,0.0
756179,0.0
756180,0.0
756181,0.0
756182,0.0
756183,0.0
756184,0.0
756185,0.0
756186,0.0
756187,0.0
756188,0.0
756189,0.0
756190,0.0
756191,0.0
756192,0.0
756193,0.0
756194,0.0
756195,0.0
756196,0.0
756197,0.0
756198,0.0
756199,0.0
756200,0.0
756201,0.0
756202,0.0
756203,0.0
756204,0.0
756205,0.0
756206,5.591577e-35
756207,0.0
756208,0.0
756209,0.0
756210,0.0
756211,0.0
756212,0.0
756213,0.0
756214,0.0
756215,0.0
756216,0.0
756217,0.0
756218,0.0
756219,0.0
756220,0.0
756221,0.0
756222,0.0
756223,0.0
756224,0.0
756225,0.0
756226,0.0
756227,0.0
756228,0.0
756229,0.0
756230,0.0
756231,0.0
756232,0.0
756233,0.0
756234,0.0
756235,0.0
756236,0.0
756237,0.0
756238,0.0
756239,0.0
756240,0.0
756241,0.0
756242,0.0
756243,0.0
756244,0.0
756245,0.0
756246,0.0
756247,0.0
756248,0.0
756249,0.0
756250,3.214216e-07
756251,0.0
756252,0.0
756253,0.0
756254,0.0
756255,0.0
756256,0.0
756257,4.590078e-07
756258,0.0
756259,0.0
756260,0.0
756261,0.7792719
756262,0.0
756263,0.0
756264,0.0
756265,0.0
756266,0.0
756267,0.0
756268,0.0
756269,0.0
756270,0.0
756271,0.0
756272,0.0
756273,0.0
756274,0.0
756275,0.0
756276,0.0
756277,0.0
756278,0.0
756279,0.0
756280,0.0
756281,0.0
756282,0.0
756283,0.0
756284,0.0
756285,0.0
756286,0.0
756287,0.0
756288,0.0
756289,0.0
756290,0.0
756291,0.0
756292,0.0
756293,0.0
756294,0.0
756295,0.0
756296,0.0
756297,0.0
756298,0.0
756299,0.0
756300,0.0
756301,0.0
756302,0.0
756303,0.0
756304,0.0
756305,0.0
756306,0.0
756307,0.0
756308,0.0
756309,0.0
756310,0.0
756311,0.0
756312,0.0
756313,0.0
756314,0.0
756315,0.0
756316,0.0
756317,0.0
756318,0.0
756319,0.0
756320,0.0
756321,0.0
756322,0.0
756323,0.0
756324,0.0
756325,0.0
756326,0.0
756327,0.0
756328,0.0
756329,0.0
756330,0.0
756331,0.0
756332,0.0
756333,0.0
756334,0.0
756335,0.0
756336,0.0
756337,0.0
756338,0.0
756339,0.0
756340,0.0
756341,0.0
756342,0.0
756343,0.0
756344,0.0
756345,0.0
756346,0.0
756347,0.0
756348,0.0
756349,0.0
756350,0.0
756351,0.0
756352,0.0
756353,0.0
756354,0.0
756355,0.0
756356,0.0
756357,0.0
756358,0.0
756359,0.0
756360,0.0
756361,0.0
756362,0.0
756363,0.0
756364,0.0
756365,0.0
756366,0.0
756367,0.0
756368,0.0
756369,0.0
756370,0.0
756371,0.0
756372,0.0
756373,0.0
756374,0.0
756375,0.0
756376,0.80487764
756377,0.0
756378,0.0
756379,0.0
756380,0.0
756381,0.0
756382,0.0
756383,0.0
756384,0.0
756385,0.0
756386,0.0
756387,0.0
756388,0.0
756389,0.0
756390,0.0
756391,1.909093e-32
756392,0.0
756393,0.0
756394,0.0
756395,0.0
756396,0.0
756397,2.4630464e-20
756398,0.0
756399,0.0
756400,0.0
756401,0.0
756402,0.0
756403,0.0
756404,0.0
756405,0.0
756406,0.0
756407,0.0
756408,0.0
756409,0.0
756410,0.0
756411,0.0
756412,0.0
756413,0.0
756414,0.0
756415,0.0
756416,0.0
756417,0.0
756418,0.0
756419,0.0
756420,0.0
756421,0.0
756422,0.0
756423,0.0
756424,0.0
756425,0.0
756426,0.0
756427,0.0
756428,0.0
756429,0.0
756430,0.0
756431,0.0
756432,0.0
756433,0.0
756434,0.0
756435,2.1618719e-20
756436,0.0
756437,0.0
756438,0.0
756439,0.0
756440,0.0
756441,0.0
756442,0.0
756443,0.0
756444,0.0
756445,0.0
756446,0.0
756447,0.0
756448,0.0
756449,0.0
756450,7.1527565e-17
756451,0.0
756452,0.0
756453,0.0
756454,0.0
756455,0.0
756456,0.0
756457,0.0
756458,0.0
756459,0.0
756460,0.0
756461,0.0
756462,0.0
756463,0.0
756464,0.0
756465,0.0
756466,0.0
756467,0.0
756468,0.0
756469,0.0
756470,0.0
756471,0.0
756472,0.0
756473,0.0
756474,0.0
756475,0.0
756476,0.0
756477,0.0
756478,0.0
756479,0.0
756480,0.0
756481,0.0
756482,0.0
756483,0.0
756484,0.0
756485,0.0
756486,0.0
756487,0.0
756488,0.0
756489,0.0
756490,0.0
756491,0.0
756492,0.0
756493,0.0
756494,0.0
756495,0.0
756496,0.0
756497,0.0
756498,0.0
756499,0.0
756500,0.0
756501,0.0
756502,0.0
756503,0.0
756504,0.0
756505,0.0
756506,0.0
756507,0.0
756508,0.0
756509,0.0
756510,0.0
756511,0.0
756512,0.0
756513,0.0
756514,0.0
756515,0.0
756516,0.0
756517,0.0
756518,0.0
756519,0.0
756520,0.0
756521,0.0
756522,0.0
756523,0.0
756524,0.0
756525,0.0
756526,0.0
756527,0.0
756528,0.0
756529,0.0
756530,0.0
756531,0.0
756532,0.0011094613
756533,0.0
756534,0.0
756535,0.0
756536,0.0
756537,0.0
756538,0.0
756539,0.0
756540,0.0
756541,0.0
756542,0.0
756543,2.7439937e-23
756544,0.0
756545,0.0
756546,0.0
756547,0.0
756548,0.0
756549,0.0
756550,0.0
756551,0.0
756552,0.0
756553,0.0
756554,0.0
756555,0.0
756556,0.0
756557,0.0
756558,0.0
756559,0.0
756560,0.0
756561,0.0
756562,0.0
756563,0.0
756564,0.0
756565,0.0
756566,0.0
756567,0.0
756568,0.0
756569,0.0
756570,0.0
756571,0.0
756572,0.0
756573,0.0
756574,0.0
756575,0.0
756576,0.0
756577,0.0
756578,0.0
756579,0.0
756580,0.0
756581,0.0
756582,0.0
756583,0.0
756584,0.0
756585,0.0
756586,0.0
756587,0.0
756588,0.0
756589,0.0
756590,0.0
756591,0.0
756592,0.0
756593,0.0
756594,0.042236343
756595,0.0
756596,0.0
756597,0.0
756598,0.0
756599,0.0
756600,0.0
756601,0.0
756602,0.0
756603,0.0
756604,0.0
756605,0.0
756606,0.0
756607,0.0
756608,0.0
756609,0.0
756610,0.0
756611,0.0
756612,0.0
756613,0.0
756614,0.0
756615,0.0
756616,0.0
756617,0.0
756618,0.0
756619,0.0
756620,0.0
756621,0.0
756622,0.0
756623,0.0
756624,0.0
756625,0.0
756626,0.0
756627,0.0
756628,0.0
756629,0.0
756630,0.0
756631,0.0
756632,0.0
756633,0.0
756634,0.0
756635,0.0
756636,0.0
756637,0.0
756638,0.0
756639,0.0
756640,0.0
756641,0.0
756642,0.0
756643,0.0
756644,1.6222046e-14
756645,0.0
756646,0.0
756647,0.0
756648,0.0
756649,0.0
756650,0.0
756651,0.0
756652,0.0
756653,0.0
756654,0.0
756655,0.0
756656,0.0
756657,0.0
756658,0.0
756659,0.0
756660,0.0
756661,1.6596417e-33
756662,0.0
756663,0.0
756664,0.0
756665,0.0
756666,0.0
756667,0.0
756668,0.0
756669,0.0
756670,0.0
756671,0.0
756672,0.0
756673,0.0
756674,0.0
756675,0.0
756676,0.0
756677,0.0
756678,0.0
756679,0.0
756680,0.0
756681,0.0
756682,0.0
756683,0.0
756684,0.0
756685,0.0
756686,0.0
756687,0.0
756688,0.0
756689,0.0
756690,0.0
756691,0.0
756692,0.0
756693,0.0
756694,0.0
756695,0.0
756696,0.0
756697,0.0
756698,0.0
756699,0.0
756700,0.0
756701,0.0
756702,0.0
756703,0.0
756704,0.0
756705,0.0
756706,0.0
756707,0.0
756708,0.0
756709,0.0
756710,0.0
756711,0.0
756712,0.0
756713,0.0
756714,0.0
756715,0.0
756716,0.0
756717,0.0
756718,0.0
756719,0.0
756720,0.0
756721,0.0
756722,0.0
756723,0.0
756724,0.0
756725,0.0
756726,0.0
756727,0.0
756728,0.0
756729,0.0
756730,0.0
756731,0.0
756732,0.0
756733,0.0
756734,0.0
756735,0.0
756736,0.0
756737,0.0
756738,0.0
756739,0.0
756740,0.0
756741,0.0
756742,0.0
756743,0.0
756744,0.0
756745,0.0
756746,0.0
756747,0.0
756748,0.0
756749,0.0
756750,0.0
756751,0.0
756752,0.0
756753,0.0
756754,0.0
756755,0.0
756756,0.0
756757,0.0
756758,0.0
756759,0.0
756760,0.0
756761,0.0
756762,0.0
756763,0.0
756764,0.0
756765,0.0
756766,0.0
756767,0.0
756768,0.0
756769,0.0
756770,0.0
756771,0.0
756772,0.0
756773,0.0
756774,0.0
756775,0.0
756776,0.0
756777,0.0
756778,0.0
756779,0.0
756780,0.0
756781,0.0
756782,0.0
756783,0.0
756784,0.0
756785,0.0
756786,0.0
756787,0.0
756788,0.0
756789,0.0
756790,0.0
756791,0.0
756792,0.0
756793,0.0
756794,0.0
756795,0.0
756796,0.0
756797,0.0
756798,0.0
756799,0.0
756800,0.0
756801,0.0
756802,0.0
756803,0.0
756804,0.0
756805,0.0
756806,0.0
756807,0.0
756808,0.0
756809,0.0
756810,0.0
756811,0.0
756812,0.0
756813,0.0
756814,0.0
756815,0.0
756816,0.0
756817,0.0
756818,0.0
756819,0.0
756820,0.0
756821,0.0
756822,0.0
756823,0.0
756824,0.0
756825,0.0
756826,0.0
756827,0.0
756828,0.0
756829,0.0
756830,0.0
756831,0.0
756832,0.0
756833,0.0
756834,0.0
756835,0.0
756836,0.0
756837,0.0
756838,0.0
756839,1.1246786e-36
756840,0.0
756841,0.0
756842,0.0
756843,0.0
756844,0.0
756845,0.0
756846,3.195259e-35
756847,0.0
756848,0.0
756849,0.0
756850,0.0
756851,0.0
756852,0.0
756853,0.0
756854,0.0
756855,0.0
756856,0.0
756857,0.0
756858,0.0
756859,0.0
756860,0.0
756861,0.0
756862,0.0
756863,0.0
756864,0.0
756865,0.0
756866,0.0
756867,0.0
756868,0.0
756869,0.0
756870,0.0
756871,0.0
756872,0.0
756873,0.0
756874,0.0
756875,0.0
756876,0.0
756877,0.0
756878,0.0
756879,0.0
756880,0.0
756881,0.0
756882,0.0
756883,0.0
756884,0.0
756885,0.0
756886,0.0
756887,0.0
756888,0.0
756889,0.0
756890,0.0
756891,0.0
756892,0.0
756893,0.0
756894,0.0
756895,0.0
756896,0.0
756897,0.0
756898,0.0
756899,0.0
756900,0.0
756901,0.0
756902,0.0
756903,0.0
756904,0.0
756905,0.0
756906,0.0
756907,0.0
756908,0.0
756909,0.0
756910,0.0
756911,0.0
756912,0.0
756913,0.0
756914,0.0
756915,0.0
756916,0.0
756917,0.0
756918,0.0
756919,0.0
756920,0.0
756921,0.0
756922,0.0
756923,0.0
756924,0.0
756925,0.0
756926,0.0
756927,0.0
756928,0.0
756929,0.0
756930,0.0
756931,0.0
756932,0.0
756933,0.0
756934,0.0
756935,0.0
756936,0.0
756937,0.0
756938,0.0
756939,0.0
756940,0.0
756941,0.0
756942,0.0
756943,0.0
756944,0.0
756945,0.0
756946,0.0
756947,0.0
756948,0.0
756949,0.0
756950,0.064740755
756951,0.0
756952,0.0
756953,0.0
756954,0.0
756955,0.0
756956,0.0
756957,0.0
756958,0.0
756959,0.0
756960,0.0
756961,0.0
756962,0.0
756963,0.0
756964,0.0
756965,0.0
756966,0.0
756967,0.0
756968,0.0
756969,0.0
756970,0.0
756971,0.0
756972,0.0
756973,0.0
756974,0.0
756975,0.0
756976,0.0
756977,0.0
756978,0.0
756979,0.0
756980,0.0
756981,0.0
756982,0.0
756983,0.0
756984,0.0
756985,0.0
756986,0.0
756987,0.0
756988,0.0
756989,0.0
756990,0.0
756991,0.0
756992,0.0
756993,0.0
756994,0.0
756995,0.0
756996,0.0
756997,0.0
756998,0.0
756999,0.0
757000,0.0
757001,0.0
757002,0.0
757003,0.0
757004,0.0
757005,0.0
757006,0.0
757007,0.0
757008,0.0
757009,0.0
757010,0.0
757011,0.0
757012,0.0
757013,0.0
757014,0.0
757015,0.0
757016,0.0
757017,0.0
757018,0.0
757019,0.0
757020,0.0
757021,0.0
757022,0.0
757023,0.0
757024,0.0
757025,0.0
757026,0.0
757027,0.0
757028,0.0
757029,0.0
757030,0.0
757031,0.0
757032,0.0
757033,0.0
757034,0.0
757035,0.0
757036,0.0
757037,0.0
757038,0.0
757039,0.0
757040,0.0
757041,0.0
757042,0.0
757043,0.0
757044,0.0
757045,0.0
757046,0.0
757047,0.0
757048,0.0
757049,0.0
757050,0.0
757051,0.0
757052,0.0
757053,0.0
757054,0.0
757055,0.0
757056,0.0
757057,0.0
757058,0.0
757059,0.0
757060,0.0
757061,0.0
757062,0.0
757063,0.0
757064,0.0
757065,0.0
757066,0.0
757067,0.0
757068,0.0
757069,0.0
757070,0.0
757071,0.0
757072,0.0
757073,0.0
757074,0.0
757075,0.0
757076,0.0
757077,0.0
757078,0.0
757079,0.0
757080,0.0
757081,0.0
757082,0.0
757083,0.0
757084,0.0
757085,0.0
757086,0.0
757087,0.0
757088,0.0
757089,0.0
757090,0.0
757091,0.0
757092,0.0
757093,0.0
757094,0.0
757095,0.0
757096,0.0
757097,0.0
757098,0.0
757099,0.0
757100,0.0
757101,0.0
757102,0.0
757103,0.0
757104,0.0
757105,0.0
757106,0.0
757107,0.0
757108,0.0
757109,0.0
757110,0.0
757111,0.0
757112,0.0
757113,0.0
757114,0.00015055895
757115,0.0
757116,0.0
757117,0.0
757118,0.0
757119,0.0
757120,0.0
757121,0.0
757122,0.0
757123,0.0
757124,0.0
757125,0.0
757126,0.0
757127,0.0
757128,0.0
757129,0.0
757130,0.0
757131,0.0
757132,0.0
757133,0.0
757134,0.0
757135,0.0
757136,0.0
757137,0.0
757138,0.0
757139,0.0
757140,0.0
757141,0.0
757142,0.0
757143,0.0
757144,0.0
757145,0.0
757146,0.0
757147,0.0
757148,0.0
757149,0.0
757150,0.0
757151,0.0
757152,0.0
757153,0.0
757154,0.0
757155,0.0
757156,0.0
757157,0.0
757158,0.0
757159,0.0
757160,0.0
757161,0.0
757162,0.0
757163,0.0
757164,0.0
757165,0.0
757166,0.0
757167,0.0
757168,0.0
757169,0.0
757170,0.0
757171,0.0
757172,0.0
757173,0.0
757174,0.0
757175,0.0
757176,0.36242384
757177,0.0
757178,0.0
757179,0.0
757180,0.0
757181,0.0
757182,0.0
757183,0.0
757184,0.0
757185,0.0
757186,0.0
757187,0.0
757188,0.0
757189,0.0
757190,0.0
757191,0.0
757192,0.0
757193,0.0
757194,0.0
757195,0.0
757196,0.0
757197,0.0
757198,0.0
757199,0.0
757200,0.0
757201,0.0
757202,0.0
757203,0.0
757204,0.0
757205,0.0
757206,0.0
757207,0.0
757208,0.0
757209,0.0
757210,0.0
757211,0.0
757212,0.019438198
757213,0.0
757214,0.0
757215,0.0
757216,0.0
757217,0.0
757218,0.0
757219,0.0
757220,0.0
757221,0.0
757222,0.0
757223,0.0
757224,0.0
757225,0.0
757226,0.0
757227,0.0
757228,0.0
757229,0.0
757230,0.0
757231,0.0
757232,0.0
757233,0.0
757234,0.0
757235,0.0
757236,0.0
757237,0.0
757238,0.0
757239,0.0
757240,0.0
757241,0.0
757242,0.0
757243,0.0
757244,0.0
757245,0.0
757246,0.0
757247,0.0
757248,0.0
757249,0.0
757250,0.0
757251,0.0
757252,0.0
757253,0.0
757254,0.0
757255,0.0
757256,0.0
757257,0.0
757258,0.0
757259,0.0
757260,0.0
757261,0.0
757262,0.0
757263,0.0
757264,0.0
757265,0.0
757266,0.0
757267,0.0
757268,0.0
757269,0.0
757270,0.0
757271,0.0
757272,0.0
757273,0.0
757274,0.0
757275,0.0
757276,0.0
757277,0.0
757278,0.0
757279,0.0
757280,0.0
757281,0.0
757282,0.0
757283,0.0
757284,0.0
757285,0.0
757286,0.0
757287,0.0
757288,0.0
757289,0.0
757290,0.0
757291,0.0
757292,0.0
757293,0.0
757294,0.0
757295,0.0
757296,0.0
757297,0.0
757298,0.0
757299,0.0
757300,0.0
757301,0.0
757302,0.0
757303,0.0
757304,0.0
757305,0.0
757306,0.0
757307,0.0
757308,0.0
757309,0.0
757310,0.0
757311,0.0
757312,0.0
757313,0.0
757314,0.0
757315,0.0
757316,0.0
757317,0.0
757318,0.0
757319,0.0
757320,0.0
757321,0.0
757322,0.0
757323,0.0
757324,0.0
757325,0.0
757326,4.7515442e-34
757327,0.0
757328,0.0
757329,0.0
757330,0.0
757331,0.0
757332,0.0
757333,0.0
757334,0.0
757335,0.0
757336,0.0
757337,0.0
757338,0.0
757339,0.0
757340,0.0
757341,0.0
757342,0.0
757343,0.0
757344,0.0
757345,0.0
757346,0.0
757347,0.0
757348,0.0
757349,0.0
757350,0.0
757351,0.0
757352,0.0
757353,0.0
757354,0.0
757355,0.0
757356,0.0
757357,0.0
757358,0.0
757359,0.0
757360,0.0
757361,0.0
757362,0.0
757363,0.0
757364,0.0
757365,0.0
757366,0.0
757367,0.0
757368,0.0
757369,0.0
757370,0.0
757371,0.0
757372,0.0
757373,0.0
757374,0.0
757375,0.0
757376,0.0
757377,0.0
757378,0.0
757379,0.0
757380,0.0
757381,0.0
757382,0.0
757383,0.0
757384,0.0
757385,0.0
757386,0.0
757387,0.0
757388,0.0
757389,0.0
757390,0.0
757391,0.0
757392,0.0
757393,0.0
757394,0.0
757395,0.0
757396,0.0
757397,0.0
757398,0.0
757399,0.0
757400,0.0
757401,0.0
757402,0.0
757403,0.0
757404,0.0
757405,0.0
757406,0.0
757407,0.0
757408,0.0
757409,0.0
757410,0.0
757411,0.0
757412,0.0
757413,0.0
757414,0.0
757415,0.0
757416,0.0
757417,0.0
757418,0.0
757419,0.0
757420,0.0
757421,0.0
757422,0.0
757423,0.0
757424,0.0
757425,0.0
757426,0.0
757427,0.0
757428,0.0
757429,0.0
757430,1.1524932e-34
757431,0.0
757432,0.0
757433,0.0
757434,0.0
757435,0.0
757436,0.0
757437,0.0
757438,0.0
757439,0.0
757440,0.0
757441,0.0
757442,0.0
757443,0.0
757444,0.0
757445,0.0
757446,0.0
757447,0.0
757448,0.0
757449,0.0
757450,0.0
757451,0.0
757452,0.0
757453,0.0
757454,0.0
757455,0.0
757456,0.0
757457,0.0
757458,0.0
757459,0.0
757460,0.0
757461,0.0
757462,0.0
757463,0.0
757464,0.0
757465,0.0
757466,0.0
757467,0.0
757468,0.0
757469,0.0
757470,0.0
757471,0.0
757472,0.0
757473,0.0
757474,0.0
757475,0.0
757476,0.0
757477,0.0
757478,0.0
757479,0.0
757480,0.0
757481,0.0
757482,0.0
757483,0.0
757484,0.0
757485,0.0
757486,0.0
757487,0.0
757488,0.0
757489,0.0
757490,0.0
757491,0.0
757492,0.0
757493,0.0
757494,0.0
757495,0.0
757496,0.0
757497,0.0
757498,0.0
757499,0.0
757500,0.0
757501,0.0
757502,0.0
757503,0.0
757504,0.0
757505,0.0
757506,0.0
757507,0.0
757508,0.0
757509,0.0
757510,0.0
757511,0.0
757512,0.0
757513,0.0
757514,0.0
757515,0.0
757516,0.0
757517,0.0
757518,0.0
757519,0.0
757520,0.0
757521,0.0
757522,0.0
757523,0.0
757524,0.0
757525,0.0
757526,0.0
757527,0.0
757528,0.0
757529,0.0
757530,0.0
757531,0.0
757532,0.0
757533,0.0
757534,0.0
757535,0.0
757536,0.0
757537,0.0
757538,0.0
757539,0.0
757540,0.0
757541,9.885189e-13
757542,0.0
757543,0.0
757544,0.0
757545,0.0
757546,0.0
757547,0.0
757548,0.0
757549,0.0
757550,0.0
757551,0.0
757552,0.0
757553,0.0
757554,0.0
757555,0.0
757556,0.0
757557,0.0
757558,0.0
757559,0.0
757560,0.0
757561,0.0
757562,0.0
757563,0.0
757564,0.0
757565,0.0
757566,0.0
757567,0.0
757568,0.0
757569,0.0
757570,0.0
757571,0.0
757572,0.0
757573,0.0
757574,0.0
757575,0.0
757576,0.0
757577,0.0
757578,0.0
757579,0.0
757580,0.0
757581,0.0
757582,0.0
757583,0.0
757584,0.0
757585,0.0
757586,0.0
757587,0.0
757588,0.0
757589,0.0
757590,0.029242242
757591,0.0
757592,0.0
757593,0.0
757594,0.0
757595,0.0
757596,0.0
757597,0.0
757598,0.0
757599,0.0
757600,0.0
757601,0.0
757602,0.0
757603,0.0
757604,0.0
757605,0.0
757606,0.0
757607,0.0
757608,0.0
757609,0.0
757610,0.0
757611,0.0
757612,0.0
757613,0.0
757614,0.0
757615,0.0
757616,0.0
757617,0.0
757618,0.0
757619,0.0
757620,0.0
757621,0.0
757622,0.0
757623,0.0
757624,0.0
757625,0.0
757626,0.0
757627,0.0
757628,0.0
757629,0.0
757630,0.0
757631,0.0
757632,0.0
757633,0.0
757634,0.0
757635,0.0
757636,0.0
757637,0.0
757638,0.0
757639,0.0
757640,0.0
757641,0.0
757642,0.0
757643,0.0
757644,0.0
757645,0.0
757646,0.0
757647,0.0
757648,0.0
757649,0.0
757650,0.0
757651,0.0
757652,0.0
757653,0.0
757654,0.0
757655,4.1867325e-27
757656,0.0
757657,0.0
757658,0.0
757659,0.0
757660,0.0
757661,0.0
757662,0.0
757663,0.0
757664,0.0
757665,0.0
757666,0.0
757667,0.0
757668,0.0
757669,0.0
757670,0.0
757671,0.0
757672,0.0
757673,0.0
757674,0.0
757675,0.0
757676,0.0
757677,0.0
757678,0.0
757679,0.0
757680,0.0
757681,0.0
757682,0.0
757683,0.0
757684,0.0
757685,0.0
757686,0.0
757687,0.0
757688,0.0
757689,0.0
757690,0.0
757691,0.0
757692,0.0
757693,0.0
757694,0.0
757695,0.0
757696,0.0
757697,0.0
757698,0.0
757699,0.0
757700,0.0
757701,0.0
757702,0.0
757703,0.0
757704,0.0
757705,0.0
757706,0.0
757707,0.0
757708,0.0
757709,0.0
757710,0.0
757711,0.0
757712,0.0
757713,0.0
757714,0.0
757715,0.0
757716,0.0
757717,0.0
757718,0.0
757719,0.0
757720,0.0
757721,0.0
757722,0.0
757723,0.0
757724,0.0
757725,0.0
757726,0.0
757727,0.0
757728,0.0
757729,0.0
757730,0.0
757731,0.0
757732,0.0
757733,0.0
757734,0.0
757735,0.0
757736,0.0
757737,0.0
757738,0.0
757739,0.0
757740,0.0
757741,0.0
757742,0.0
757743,0.0
757744,0.0
757745,0.0
757746,0.0
757747,1.13381574e-35
757748,0.0
757749,0.0
757750,0.0
757751,0.0
757752,0.0
757753,0.8812694
757754,0.0
757755,0.0
757756,0.0
757757,0.0
757758,0.0
757759,0.0
757760,0.0
757761,0.0
757762,0.0
757763,0.0
757764,0.0
757765,0.0
757766,0.0
757767,0.0
757768,0.0
757769,0.0
757770,0.0
757771,0.0
757772,0.0
757773,0.0
757774,0.0
757775,0.0
757776,0.0
757777,0.0
757778,0.0
757779,0.0
757780,0.0
757781,0.0
757782,0.0
757783,0.0
757784,0.0
757785,0.0
757786,0.0
757787,0.0
757788,0.0
757789,0.0
757790,0.0
757791,0.0
757792,0.0
757793,0.0
757794,0.0
757795,0.0
757796,0.0
757797,0.0
757798,0.0
757799,0.0
757800,0.0
757801,0.0
757802,0.0
757803,0.0
757804,0.0
757805,0.0
757806,0.0
757807,0.0
757808,0.0
757809,0.0
757810,0.0
757811,0.0
757812,0.0
757813,0.0
757814,0.0
757815,0.0
757816,0.0
757817,0.0
757818,0.0
757819,0.0
757820,0.0
757821,0.0
757822,0.0
757823,0.0
757824,0.0
757825,0.0
757826,0.0
757827,0.0
757828,0.0
757829,0.0
757830,0.0
757831,0.0
757832,0.0
757833,0.0
757834,0.0
757835,0.0
757836,0.0
757837,0.0
757838,0.0
757839,0.0
757840,0.0
757841,0.0
757842,0.0
757843,0.0
757844,0.0
757845,0.0
757846,0.0
757847,0.0
757848,0.0
757849,0.0
757850,0.0
757851,0.0
757852,0.0
757853,0.0
757854,0.0
757855,0.0
757856,0.0
757857,0.0
757858,0.0
757859,0.0
757860,0.0
757861,0.0
757862,0.0
757863,0.0
757864,0.0
757865,0.0
757866,0.0
757867,0.0
757868,0.0
757869,0.0
757870,0.0
757871,0.0
757872,0.0
757873,0.0
757874,0.0
757875,0.0
757876,0.0
757877,0.0
757878,0.0
757879,0.0
757880,0.0
757881,0.0
757882,0.0
757883,0.0
757884,0.0
757885,0.0
757886,0.0
757887,0.0
757888,0.0
757889,0.0
757890,0.0
757891,0.0
757892,0.0
757893,0.0
757894,0.0
757895,0.0
757896,0.0
757897,0.0
757898,0.0
757899,0.0
757900,0.0
757901,0.0
757902,0.0
757903,0.0
757904,0.0
757905,0.0
757906,0.0
757907,0.0
757908,0.0
757909,0.0
757910,0.0
757911,0.0
757912,0.0
757913,0.0
757914,0.0
757915,0.0
757916,0.0
757917,0.0
757918,0.0
757919,0.0
757920,0.0
757921,5.0861728e-23
757922,0.0
757923,0.0
757924,0.0
757925,0.0
757926,0.0
757927,0.0
757928,0.0
757929,0.0
757930,0.0
757931,0.0
757932,0.0
757933,0.0
757934,0.0
757935,0.0
757936,0.0
757937,0.0
757938,0.0
757939,0.0
757940,0.0
757941,0.0
757942,0.0
757943,0.0
757944,0.0
757945,0.0
757946,0.0
757947,0.0
757948,0.0
757949,0.0
757950,0.0
757951,0.0
757952,0.0
757953,0.0
757954,0.0
757955,0.0
757956,0.0
757957,0.0
757958,0.0
757959,0.0
757960,0.0
757961,0.0
757962,0.0
757963,0.0
757964,0.0
757965,0.0
757966,0.0
757967,0.0
757968,0.0
757969,0.0
757970,0.0
757971,0.0
757972,0.0
757973,0.0
757974,0.0
757975,0.0
757976,0.0
757977,0.0
757978,0.0
757979,0.0
757980,0.0
757981,0.0
757982,0.0
757983,0.0
757984,0.0
757985,0.0
757986,0.0
757987,0.0
757988,0.0
757989,0.0
757990,0.0
757991,0.0
757992,0.0
757993,0.0
757994,0.0
757995,0.0
757996,0.0
757997,0.0
757998,0.0
757999,0.0
758000,0.0
758001,0.0
758002,0.0
758003,0.0
758004,0.0
758005,0.0
758006,0.0
758007,0.0
758008,0.0
758009,0.0
758010,0.0
758011,0.0
758012,0.0
758013,0.0
758014,0.0
758015,0.0
758016,0.0
758017,0.0
758018,0.0
758019,0.0
758020,0.0
758021,0.0
758022,0.0
758023,0.0
758024,0.0
758025,0.0
758026,0.0
758027,0.0
758028,0.0
758029,0.0
758030,0.0
758031,0.0
758032,0.0
758033,0.0
758034,0.0
758035,0.0
758036,0.0
758037,0.0
758038,0.0
758039,0.0
758040,0.0
758041,0.0
758042,0.0
758043,0.0
758044,0.0
758045,0.0
758046,0.0
758047,0.0
758048,0.0
758049,0.0
758050,0.0
758051,0.0
758052,0.0
758053,0.0
758054,0.0
758055,0.0
758056,0.0
758057,0.0
758058,0.0
758059,0.0
758060,0.0
758061,0.0
758062,0.0
758063,0.0
758064,0.0
758065,0.0
758066,0.0
758067,0.0
758068,0.0
758069,0.0
758070,0.0
758071,0.0
758072,0.0
758073,0.0
758074,0.0
758075,0.0
758076,0.0
758077,0.0
758078,0.0
758079,0.0
758080,0.0
758081,0.0
758082,0.0
758083,0.0
758084,0.0
758085,0.0
758086,0.0
758087,0.0
758088,0.0
758089,0.0
758090,0.0
758091,0.0
758092,0.0
758093,0.0
758094,0.0
758095,0.0
758096,0.0
758097,0.0
758098,4.338397e-18
758099,0.0
758100,0.0
758101,0.0
758102,0.0
758103,0.0
758104,0.0
758105,0.0
758106,0.0
758107,0.0
758108,0.0
758109,0.0
758110,0.0
758111,0.0
758112,0.0
758113,0.0
758114,0.0
758115,0.0
758116,0.0
758117,0.0
758118,0.0
758119,0.0
758120,0.0
758121,0.0
758122,0.0
758123,0.0
758124,0.0
758125,0.0
758126,0.0
758127,0.0
758128,0.0
758129,0.0
758130,0.0
758131,0.0
758132,0.0
758133,0.0
758134,0.0
758135,0.0
758136,0.0
758137,0.0
758138,0.0
758139,0.0
758140,0.0
758141,0.0
758142,0.0
758143,0.0
758144,0.0
758145,0.0
758146,0.0
758147,0.0
758148,0.0
758149,0.0
758150,0.0
758151,0.0
758152,0.0
758153,0.0
758154,0.0
758155,0.0
758156,0.0
758157,0.0
758158,0.0
758159,0.0
758160,0.0
758161,0.0
758162,0.0
758163,0.0
758164,0.0
758165,0.0
758166,0.0
758167,0.0
758168,0.0
758169,0.0
758170,0.0
758171,0.0
758172,0.0
758173,0.0
758174,0.0
758175,0.0
758176,0.0
758177,0.0
758178,0.0
758179,0.0
758180,0.0
758181,0.0
758182,0.0
758183,0.0
758184,0.0
758185,0.0
758186,0.0
758187,0.0
758188,0.0
758189,0.0
758190,0.0
758191,0.0
758192,0.0
758193,0.0
758194,0.0
758195,0.0
758196,0.0
758197,0.0
758198,0.0
758199,0.0
758200,0.0
758201,0.0
758202,0.0
758203,0.0
758204,0.0
758205,0.0
758206,0.042467635
758207,0.0
758208,0.0
758209,0.0
758210,0.0
758211,0.0
758212,0.0
758213,0.0
758214,0.0
758215,0.0
758216,0.0
758217,0.0
758218,0.0
758219,0.0
758220,0.0
758221,0.0
758222,0.0
758223,0.0
758224,0.0
758225,0.0
758226,0.0
758227,0.0
758228,0.0
758229,0.0
758230,0.0
758231,0.0
758232,0.0
758233,0.0
758234,0.0
758235,0.0
758236,0.0
758237,0.0
758238,0.0
758239,0.0
758240,0.0
758241,0.0
758242,0.0
758243,0.0
758244,0.0
758245,0.0
758246,0.0
758247,0.0
758248,0.0
758249,0.0
758250,0.0
758251,0.0
758252,0.0
758253,0.0
758254,0.0
758255,0.0
758256,0.0
758257,0.0
758258,0.0
758259,0.0
758260,0.0
758261,0.0
758262,0.0
758263,0.0
758264,0.0
758265,0.0
758266,0.0
758267,0.0
758268,0.0
758269,0.0
758270,0.0
758271,0.0
758272,0.0
758273,0.0
758274,0.0
758275,0.0
758276,0.0
758277,0.0
758278,0.0
758279,0.0
758280,0.0
758281,0.0
758282,0.0
758283,0.0
758284,0.0
758285,0.0
758286,0.0
758287,0.0
758288,0.0
758289,0.0
758290,0.0
758291,0.0
758292,0.0
758293,0.0
758294,0.0
758295,0.0
758296,0.0
758297,0.0
758298,0.0
758299,0.0
758300,0.0
758301,0.0
758302,0.0
758303,0.0
758304,0.0
758305,0.0
758306,0.0
758307,0.0
758308,0.0
758309,0.0
758310,0.0
758311,0.0
758312,0.0
758313,0.0
758314,0.0
758315,0.0
758316,0.0
758317,0.0
758318,0.0
758319,0.0
758320,0.0
758321,0.0
758322,0.0
758323,0.0
758324,0.0
758325,0.0
758326,0.0
758327,0.0
758328,0.0
758329,0.0
758330,0.0
758331,0.0
758332,0.0
758333,0.0
758334,0.0
758335,0.0
758336,0.0
758337,0.0
758338,0.0
758339,0.0
758340,0.0
758341,0.0
758342,0.0
758343,0.0
758344,0.0
758345,0.0
758346,0.0
758347,0.0
758348,0.0
758349,0.0
758350,0.0
758351,0.0
758352,0.0
758353,0.0
758354,0.0
758355,0.0
758356,0.0
758357,0.0
758358,0.0
758359,0.0
758360,0.0
758361,0.0
758362,0.0
758363,0.0
758364,0.0
758365,0.0
758366,0.0
758367,0.0
758368,0.0
758369,0.0
758370,0.0
758371,0.0
758372,0.0
758373,0.0
758374,0.0
758375,0.0
758376,0.0
758377,0.0
758378,0.0
758379,0.0
758380,0.0
758381,0.0
758382,0.0
758383,0.0
758384,0.0
758385,0.0
758386,0.0
758387,0.0
758388,0.0
758389,0.0
758390,0.0
758391,0.0
758392,0.0
758393,0.0
758394,0.0
758395,0.0
758396,0.0
758397,0.0
758398,0.0
758399,0.0
758400,0.0
758401,2.925205e-37
758402,0.0
758403,0.0
758404,0.0
758405,0.0
758406,0.0
758407,0.0
758408,0.0
758409,0.0
758410,0.0
758411,4.9423425e-30
758412,0.0
758413,0.0
758414,0.0
758415,0.0
758416,0.0
758417,0.0
758418,0.0
758419,0.0
758420,0.0
758421,0.0
758422,0.0
758423,0.0
758424,0.0
758425,0.0
758426,0.0
758427,0.0
758428,0.0
758429,0.0
758430,0.0
758431,0.0
758432,0.0
758433,0.0
758434,0.0
758435,0.0
758436,0.0
758437,0.0
758438,0.0
758439,0.0
758440,0.0
758441,0.0
758442,0.0
758443,0.0
758444,0.0
758445,0.0
758446,0.0
758447,0.0
758448,0.0
758449,0.0
758450,0.0
758451,0.0
758452,0.0
758453,0.0
758454,0.0
758455,0.0
758456,0.0
758457,0.0
758458,0.0
758459,0.0
758460,0.0
758461,0.0
758462,0.0
758463,0.0
758464,0.0
758465,0.0
758466,0.0
758467,0.0
758468,0.0
758469,7.09725e-26
758470,0.0
758471,0.0
758472,0.0
758473,0.0
758474,0.0
758475,0.0
758476,0.0
758477,0.0
758478,0.0
758479,0.0
758480,0.0
758481,0.0
758482,0.0
758483,0.0
758484,0.0
758485,0.0
758486,0.0
758487,0.0
758488,0.0
758489,0.0
758490,0.0
758491,0.0
758492,0.0
758493,0.0
758494,0.0
758495,0.0
758496,0.0
758497,0.0
758498,0.0
758499,0.0
758500,0.0
758501,0.0
758502,0.0
758503,0.0
758504,0.0
758505,0.0
758506,0.0
758507,0.0
758508,0.0
758509,0.0
758510,0.0
758511,0.0
758512,0.0
758513,3.23114e-25
758514,0.0
758515,0.0
758516,0.0
758517,0.0
758518,0.0
758519,0.0
758520,0.0
758521,3.523377e-27
758522,0.0
758523,0.0
758524,0.0
758525,0.0
758526,0.0
758527,0.0
758528,0.0
758529,0.0
758530,0.0
758531,0.0
758532,0.0
758533,0.0
758534,0.0
758535,0.0
758536,0.0
758537,0.0
758538,0.0
758539,0.0
758540,0.0
758541,0.0
758542,0.0
758543,0.0
758544,0.0
758545,0.0
758546,0.0
758547,0.0
758548,0.0
758549,0.0
758550,0.0
758551,0.0
758552,0.0
758553,0.0
758554,0.0
758555,0.0
758556,0.0
758557,0.0
758558,0.0
758559,0.0
758560,0.0
758561,0.0
758562,0.0
758563,0.0
758564,0.0
758565,0.0
758566,5.728328e-20
758567,0.0
758568,0.0
758569,0.0
758570,0.0
758571,0.0
758572,0.0
758573,0.0
758574,0.0
758575,0.0
758576,0.0
758577,0.0
758578,0.0
758579,0.0
758580,0.0
758581,0.0
758582,0.0
758583,0.0
758584,0.0
758585,0.0
758586,0.0
758587,0.0
758588,0.0
758589,0.0
758590,0.0
758591,0.0
758592,0.0
758593,0.0
758594,0.0
758595,0.0
758596,0.0
758597,0.0
758598,0.0
758599,0.0
758600,0.0
758601,0.0
758602,0.0
758603,0.0
758604,0.0
758605,0.0
758606,0.0
758607,0.0
758608,0.0
758609,0.0
758610,0.0
758611,0.0
758612,0.0
758613,0.0
758614,0.0
758615,0.0
758616,0.0
758617,0.0
758618,0.0
758619,0.0
758620,0.0
758621,0.0
758622,0.0
758623,0.0
758624,0.0
758625,0.0
758626,0.0
758627,0.0
758628,0.0
758629,0.0
758630,0.0
758631,0.0
758632,0.0
758633,0.0
758634,0.0
758635,0.0
758636,0.0
758637,0.0
758638,0.0
758639,0.0
758640,0.0
758641,0.0
758642,0.0
758643,0.0
758644,0.0
758645,0.0
758646,0.0
758647,0.0
758648,0.0
758649,0.0
758650,0.0
758651,0.0
758652,0.0
758653,0.0
758654,0.0
758655,0.0
758656,0.0
758657,0.0
758658,0.0
758659,0.0
758660,0.0
758661,0.0
758662,0.0
758663,0.0
758664,0.0
758665,0.0
758666,0.0
758667,0.0
758668,0.0
758669,7.132354e-38
758670,0.0
758671,0.0
758672,0.0
758673,0.0
758674,0.0
758675,0.0
758676,0.0
758677,0.0
758678,0.0
758679,0.0
758680,0.0
758681,0.0
758682,0.0
758683,0.0
758684,0.0
758685,0.0
758686,0.0
758687,0.0
758688,0.0
758689,0.0
758690,0.0
758691,0.0
758692,0.0
758693,0.0
758694,0.0
758695,0.0
758696,0.0
758697,0.0
758698,0.0
758699,0.0
758700,2.6285355e-15
758701,0.0
758702,0.0
758703,0.0
758704,0.0
758705,0.0
758706,6.0707417e-10
758707,0.0
758708,0.0
758709,0.0
758710,0.0
758711,0.0
758712,0.0
758713,0.0
758714,0.0
758715,0.0
758716,0.0
758717,0.0
758718,0.0
758719,0.0
758720,0.0
758721,0.0
758722,0.0
758723,0.0
758724,0.0
758725,0.0
758726,0.0
758727,0.0
758728,0.0
758729,0.0
758730,0.0
758731,3.3624926e-34
758732,0.0
758733,0.0
758734,0.0
758735,0.0
758736,0.0
758737,0.0
758738,0.0
758739,0.0
758740,0.0
758741,0.0
758742,0.0
758743,0.0
758744,0.0
758745,0.0
758746,0.0
758747,0.0
758748,0.0
758749,0.0
758750,0.0
758751,0.0
758752,0.0
758753,0.0
758754,0.0
758755,0.0
758756,0.0
758757,0.0
758758,0.0
758759,0.0
758760,0.0
758761,0.0
758762,0.0
758763,0.0
758764,0.0
758765,0.0
758766,0.0
758767,0.0
758768,0.0
758769,0.0
758770,0.0
758771,0.0
758772,0.0
758773,0.0
758774,0.0
758775,0.0
758776,0.0
758777,0.0
758778,0.0
758779,0.0
758780,0.0
758781,0.0
758782,0.0
758783,0.0
758784,0.0
758785,0.0
758786,0.0
758787,0.0
758788,0.0
758789,0.0
758790,0.0
758791,0.0
758792,0.0
758793,0.0
758794,0.0
758795,0.0
758796,0.0
758797,0.0
758798,0.0
758799,0.0
758800,0.0
758801,0.0
758802,0.0
758803,0.0
758804,0.0
758805,0.0
758806,0.0
758807,0.0
758808,0.0
758809,0.0
758810,0.0
758811,0.0
758812,0.0
758813,0.0
758814,0.0
758815,0.0
758816,0.0
758817,0.0
758818,0.0
758819,0.0
758820,0.0
758821,0.0
758822,0.0
758823,0.0
758824,0.0
758825,0.0
758826,0.0
758827,0.0
758828,0.0
758829,0.0
758830,0.0
758831,0.0
758832,0.0
758833,0.0
758834,0.0
758835,0.55633974
758836,0.0
758837,0.0
758838,0.0
758839,0.0
758840,0.0
758841,0.0
758842,0.0
758843,0.0
758844,0.0
758845,0.0
758846,0.0
758847,0.0
758848,0.0
758849,0.0
758850,0.0
758851,0.0
758852,0.0
758853,0.0
758854,0.0
758855,0.0
758856,0.0
758857,0.0
758858,0.0
758859,0.0
758860,0.0
758861,0.0
758862,0.0
758863,0.0
758864,0.0
758865,0.0
758866,0.0
758867,0.0
758868,0.0
758869,0.0
758870,0.0
758871,0.0
758872,0.0
758873,0.0
758874,0.0
758875,0.0
758876,0.0
758877,0.0
758878,0.0
758879,0.0
758880,0.0
758881,0.0
758882,0.0
758883,0.0
758884,0.0
758885,0.0
758886,0.0
758887,0.0
758888,0.0
758889,0.0
758890,0.0
758891,0.0
758892,0.0
758893,0.0
758894,0.0
758895,0.0
758896,0.0
758897,0.0
758898,0.0
758899,0.0
758900,0.0
758901,0.0
758902,0.0
758903,0.0
758904,0.0
758905,0.0
758906,0.0
758907,0.0
758908,0.0
758909,0.36242384
758910,0.0
758911,0.0
758912,0.0
758913,0.0
758914,0.0
758915,1.8447562e-29
758916,0.0
758917,0.0
758918,0.0
758919,0.0
758920,0.0
758921,0.0
758922,0.0
758923,0.0
758924,0.0
758925,0.0
758926,0.0
758927,0.0
758928,0.0
758929,0.0
758930,0.0
758931,0.0
758932,0.0
758933,0.0
758934,0.0
758935,0.0
758936,0.0
758937,0.0
758938,0.0
758939,0.0
758940,0.0
758941,0.0
758942,0.0
758943,2.1132533e-25
758944,0.0
758945,0.0
758946,0.0
758947,0.0
758948,0.0
758949,0.0
758950,0.0
758951,0.0
758952,0.0
758953,0.0
758954,0.0
758955,0.0
758956,0.0
758957,0.0
758958,0.0
758959,0.0
758960,0.0
758961,0.0
758962,0.0
758963,0.0
758964,0.0
758965,0.0
758966,0.0
758967,0.0
758968,0.0
758969,0.0
758970,0.0
758971,0.0
758972,0.0
758973,0.0
758974,0.0
758975,0.0
758976,0.0
758977,0.0
758978,0.0
758979,0.0
758980,0.0
758981,0.0
758982,0.0
758983,0.0
758984,0.0
758985,0.0
758986,0.0
758987,0.0
758988,0.0
758989,0.0
758990,0.0
758991,0.0
758992,0.0
758993,0.0
758994,0.0
758995,0.0
758996,0.0
758997,0.0
758998,0.0
758999,0.0
759000,0.0
759001,0.0
759002,0.0
759003,0.0
759004,0.0
759005,0.0
759006,0.0
759007,0.0
759008,0.0
759009,0.0
759010,0.0
759011,0.0
759012,0.0
759013,0.0
759014,0.0
759015,0.0
759016,0.0
759017,0.0
759018,0.0
759019,0.0
759020,0.0
759021,0.0
759022,0.0
759023,0.0
759024,0.0
759025,0.0
759026,0.0
759027,0.0
759028,0.0
759029,0.0
759030,0.0
759031,0.0
759032,0.0
759033,0.0
759034,0.0
759035,0.0
759036,0.0
759037,0.0
759038,0.0
759039,0.0
759040,0.0
759041,0.0
759042,0.0
759043,0.0
759044,0.0
759045,0.0
759046,0.0
759047,0.0
759048,0.0
759049,0.0
759050,0.0
759051,0.0
759052,0.0
759053,0.0
759054,0.0
759055,0.0
759056,0.0
759057,0.0
759058,0.0
759059,0.0
759060,0.0
759061,0.0
759062,0.0
759063,0.0
759064,0.0
759065,0.0
759066,0.0
759067,0.0
759068,0.0
759069,0.0
759070,0.0
759071,0.0
759072,0.0
759073,0.0
759074,0.0
759075,0.0
759076,0.0
759077,0.0
759078,0.0
759079,0.0
759080,0.0
759081,0.22141764
759082,0.0
759083,0.0
759084,0.0
759085,0.0
759086,0.0
759087,0.0
759088,0.0
759089,0.0
759090,0.0
759091,0.0
759092,0.0
759093,0.0
759094,0.0
759095,0.0
759096,0.0
759097,0.0
759098,0.0
759099,0.0
759100,0.0
759101,0.0
759102,0.0
759103,0.0
759104,0.0
759105,6.852951e-10
759106,0.0
759107,0.0
759108,0.0
759109,0.0
759110,0.0
759111,0.0
759112,0.0
759113,0.0
759114,0.0
759115,0.0
759116,0.0
759117,0.0
759118,0.0
759119,0.0
759120,0.0
759121,0.0
759122,0.0
759123,0.0
759124,0.0
759125,0.0
759126,0.0
759127,0.0
759128,0.0
759129,0.0
759130,0.0
759131,0.0
759132,0.0
759133,0.0
759134,3.728354e-24
759135,0.0
759136,0.0
759137,0.0
759138,0.0
759139,0.0
759140,0.0
759141,0.0
759142,0.0
759143,0.0
759144,0.0
759145,0.0
759146,0.0
759147,0.0
759148,0.0
759149,0.0
759150,0.0
759151,0.0
759152,0.0
759153,0.0
759154,0.0
759155,0.0
759156,0.0
759157,0.0
759158,0.0
759159,0.0
759160,0.0
759161,0.0
759162,0.0
759163,0.0
759164,0.0
759165,0.0
759166,0.0
759167,0.0
759168,0.0
759169,0.0
759170,0.0
759171,0.0
759172,0.0
759173,0.0
759174,0.0
759175,0.0
759176,0.0
759177,0.0
759178,0.0
759179,0.0
759180,0.0
759181,0.0
759182,0.0
759183,0.0
759184,0.0
759185,0.0
759186,0.0
759187,0.0
759188,0.0
759189,0.0
759190,0.0
759191,0.0
759192,0.0
759193,0.0
759194,0.0
759195,0.0
759196,0.0
759197,0.0
759198,0.0
759199,0.0
759200,0.0
759201,0.0
759202,0.0
759203,0.0
759204,0.0
759205,0.0
759206,0.0
759207,0.0
759208,0.0
759209,0.0
759210,0.0
759211,0.0
759212,0.0
759213,0.0
759214,0.0
759215,0.0
759216,0.0
759217,0.0
759218,0.0
759219,0.0
759220,0.0
759221,0.0
759222,0.0
759223,0.0
759224,0.0
759225,0.0
759226,0.0
759227,0.0
759228,0.0
759229,0.0
759230,0.0
759231,0.0
759232,0.0
759233,0.0
759234,0.0
759235,0.0
759236,0.0
759237,0.0
759238,0.0
759239,0.0
759240,0.0
759241,0.0
759242,0.0
759243,0.0
759244,0.0
759245,0.0
759246,0.0
759247,0.0
759248,0.0
759249,0.0
759250,0.0
759251,0.0
759252,0.0
759253,0.0
759254,0.0
759255,0.0
759256,0.0
759257,0.0
759258,0.0
759259,0.0
759260,0.0
759261,0.0
759262,0.0
759263,0.0
759264,0.0
759265,0.0
759266,0.0
759267,0.0
759268,0.0
759269,0.0
759270,0.0
759271,0.0
759272,0.0
759273,0.0
759274,0.0
759275,0.0
759276,0.0
759277,0.0
759278,0.0
759279,0.0
759280,0.0
759281,0.0
759282,0.0
759283,0.0
759284,0.0
759285,0.0
759286,0.0
759287,0.0
759288,0.0
759289,0.0
759290,0.0
759291,0.0
759292,0.0
759293,0.0
759294,0.0
759295,0.0
759296,0.0
759297,0.0
759298,0.0
759299,0.0
759300,0.0
759301,0.0
759302,0.0
759303,0.0
759304,0.0
759305,0.0
759306,0.0
759307,0.0
759308,0.0
759309,0.0
759310,0.0
759311,0.0
759312,0.0
759313,0.0
759314,0.0
759315,0.0
759316,0.0
759317,0.0
759318,0.0
759319,0.0
759320,0.0
759321,0.0
759322,0.0
759323,0.0
759324,0.0
759325,0.0
759326,0.0
759327,0.0
759328,0.0
759329,0.0
759330,0.0
759331,0.0
759332,0.0
759333,0.0
759334,0.0
759335,0.0
759336,0.0
759337,0.0
759338,0.0
759339,0.0
759340,0.0
759341,0.0
759342,0.0005211073
759343,0.0
759344,0.0
759345,0.0
759346,0.0
759347,0.0
759348,0.0
759349,0.0
759350,0.0
759351,0.0
759352,0.0
759353,0.0
759354,0.0
759355,0.0
759356,0.0
759357,0.0
759358,0.0
759359,0.0
759360,0.0
759361,0.0
759362,0.0
759363,0.0
759364,0.0
759365,0.0
759366,0.0
759367,0.0
759368,0.0
759369,0.0
759370,0.0
759371,0.0
759372,0.0
759373,0.0
759374,0.0
759375,8.309419e-15
759376,0.0
759377,0.0
759378,0.0
759379,0.0
759380,0.0
759381,0.0
759382,0.0
759383,0.0
759384,0.0
759385,0.0
759386,0.0
759387,0.0
759388,0.0
759389,0.0
759390,0.0
759391,0.0
759392,0.0
759393,0.0
759394,0.0
759395,0.0
759396,0.0
759397,0.0
759398,0.0
759399,0.0
759400,0.0
759401,0.0
759402,0.0
759403,0.0
759404,0.0
759405,0.0
759406,0.0
759407,0.0
759408,0.0
759409,0.0
759410,0.0
759411,0.0
759412,0.0
759413,0.0
759414,0.0
759415,0.0
759416,0.0
759417,0.0
759418,0.0
759419,0.0
759420,0.0
759421,0.0
759422,0.0
759423,0.0
759424,0.0
759425,0.0
759426,0.0
759427,0.0
759428,0.0
759429,0.0
759430,0.0
759431,0.0
759432,0.0
759433,0.0
759434,0.0
759435,0.0
759436,0.0
759437,0.0
759438,0.0
759439,0.0
759440,0.0
759441,0.0
759442,0.0
759443,0.0
759444,0.0
759445,0.0
759446,0.0
759447,0.0
759448,0.0
759449,1.4677847e-31
759450,0.0
759451,0.0
759452,0.0
759453,0.0
759454,0.0
759455,0.0
759456,0.0
759457,0.0
759458,0.0
759459,0.0
759460,0.0
759461,0.0
759462,0.0
759463,0.0
759464,0.0
759465,0.0
759466,0.0
759467,0.0
759468,0.0
759469,0.0
759470,0.0
759471,0.0
759472,0.0
759473,0.0
759474,8.533055e-23
759475,0.0
759476,0.0
759477,0.0
759478,0.0
759479,0.0
759480,0.0
759481,0.0
759482,0.0
759483,0.0
759484,0.0
759485,0.0
759486,0.0
759487,0.0
759488,0.0
759489,0.0
759490,0.0
759491,0.0
759492,0.0
759493,0.0
759494,0.0
759495,0.0
759496,0.0
759497,0.0
759498,0.0
759499,0.0
759500,0.0
759501,0.0
759502,0.0
759503,0.0
759504,0.0
759505,0.0
759506,0.0
759507,0.0
759508,0.0
759509,0.0
759510,0.0
759511,0.0
759512,0.0
759513,0.0
759514,0.0
759515,0.0
759516,0.0
759517,0.0
759518,0.0
759519,0.0
759520,0.0
759521,0.0
759522,0.0
759523,0.0
759524,0.0
759525,0.0
759526,0.0
759527,0.0
759528,0.0
759529,0.0
759530,0.0
759531,0.0
759532,0.0
759533,0.0
759534,2.5304265e-09
759535,0.0
759536,0.0
759537,0.0
759538,0.0
759539,0.0
759540,0.0
759541,0.0
759542,0.0
759543,0.0
759544,0.0
759545,0.0
759546,0.0
759547,0.0
759548,0.0
759549,0.0
759550,0.0
759551,0.0
759552,0.0
759553,0.0
759554,0.0
759555,0.0
759556,0.0
759557,0.0
759558,0.0
759559,0.0
759560,0.0
759561,0.0
759562,0.0
759563,0.0
759564,0.0
759565,0.0
759566,0.0
759567,0.0
759568,0.0
759569,0.0
759570,0.0
759571,0.0
759572,0.0
759573,0.0
759574,0.0
759575,0.0
759576,0.0
759577,0.0
759578,0.0
759579,0.0
759580,0.0
759581,0.0
759582,0.0
759583,0.0
759584,0.0
759585,0.0
759586,0.0
759587,0.0
759588,0.0
759589,0.0
759590,0.0
759591,0.0
759592,0.0
759593,0.0
759594,0.0
759595,0.0
759596,0.0
759597,0.0
759598,0.0
759599,0.0
759600,0.0
759601,0.0
759602,0.0
759603,0.0
759604,0.0
759605,0.0
759606,0.0
759607,0.0
759608,0.0
759609,0.0
759610,0.0
759611,0.0
759612,0.0
759613,0.0
759614,0.0
759615,0.0
759616,0.0
759617,0.0
759618,0.0
759619,0.0
759620,0.0
759621,0.0
759622,0.0
759623,0.0
759624,0.036243577
759625,0.0
759626,0.0
759627,0.0
759628,0.0
759629,0.0
759630,0.0
759631,0.0
759632,0.0
759633,0.0
759634,0.0
759635,0.0
759636,0.0
759637,0.0
759638,0.0
759639,0.0
759640,0.0
759641,0.0
759642,0.0
759643,0.0
759644,0.0
759645,0.0
759646,0.0
759647,0.0
759648,0.0
759649,0.0
759650,0.0
759651,0.0
759652,0.0
759653,0.0
759654,0.0
759655,0.0
759656,0.0
759657,0.0
759658,0.0
759659,0.0
759660,0.0
759661,0.0
759662,0.0
759663,0.0
759664,0.0
759665,0.0
759666,0.0
759667,0.0
759668,0.0
759669,0.0
759670,0.0
759671,0.0
759672,0.0
759673,0.0
759674,0.0
759675,0.0
759676,0.0
759677,0.0
759678,0.0
759679,0.0
759680,0.0
759681,0.0
759682,0.0
759683,0.0
759684,0.0
759685,0.0
759686,0.0
759687,0.0
759688,0.0
759689,0.0
759690,0.0
759691,0.0
759692,0.0
759693,0.0
759694,0.0
759695,0.0
759696,0.0
759697,0.0
759698,0.0
759699,0.0
759700,0.0
759701,0.0
759702,0.0
759703,0.0
759704,0.0
759705,0.0
759706,0.0
759707,0.0
759708,0.0
759709,0.0
759710,0.0
759711,0.0
759712,0.0
759713,0.0
759714,0.0
759715,0.0
759716,0.0
759717,0.0
759718,0.0
759719,0.0
759720,0.0
759721,0.0
759722,0.0
759723,0.0
759724,0.0
759725,0.0
759726,0.0
759727,0.0
759728,0.0
759729,0.0
759730,0.0
759731,0.0
759732,0.0
759733,0.0
759734,0.0
759735,0.0
759736,0.0
759737,0.0
759738,0.0
759739,0.0
759740,0.0
759741,0.0
759742,0.0
759743,0.0
759744,0.0
759745,0.0
759746,0.0
759747,0.0
759748,0.0
759749,0.0
759750,0.0
759751,0.0
759752,0.0
759753,0.0
759754,0.0
759755,0.0
759756,0.0
759757,0.0
759758,0.0
759759,0.0
759760,0.0
759761,0.0
759762,0.0
759763,0.0
759764,0.0
759765,0.0
759766,0.0
759767,0.0
759768,0.0
759769,0.0
759770,0.0
759771,0.0
759772,0.0
759773,0.0
759774,0.0
759775,0.0
759776,0.0
759777,0.0
759778,0.0
759779,0.0
759780,0.0
759781,0.0
759782,0.0
759783,0.0
759784,0.0
759785,0.0
759786,0.0
759787,0.0
759788,0.0
759789,0.0
759790,0.0
759791,0.0
759792,0.0
759793,0.0
759794,0.0
759795,0.0
759796,0.0
759797,0.0
759798,0.0
759799,0.0
759800,0.0
759801,0.0
759802,0.0
759803,0.0
759804,0.0
759805,0.0
759806,0.0
759807,0.0
759808,0.0
759809,0.0
759810,0.0
759811,0.0
759812,0.0
759813,0.0
759814,0.0
759815,0.0
759816,0.0
759817,0.0
759818,0.0
759819,0.0
759820,0.0
759821,0.0
759822,0.0
759823,0.0
759824,0.0
759825,0.0
759826,0.0
759827,0.0
759828,8.573353e-11
759829,0.0
759830,0.0
759831,0.0
759832,0.0
759833,0.0
759834,0.0
759835,0.0
759836,0.0
759837,0.0
759838,0.0
759839,0.0
759840,0.0
759841,0.0
759842,0.0
759843,0.0
759844,0.0
759845,0.0
759846,0.0
759847,0.0
759848,0.0
759849,0.0
759850,0.0
759851,0.0
759852,0.0
759853,0.0
759854,0.0
759855,0.0
759856,0.0
759857,0.0
759858,0.0
759859,0.0
759860,0.0
759861,0.0
759862,0.0
759863,0.0
759864,0.0
759865,0.0
759866,0.0
759867,0.0
759868,0.0
759869,0.0
759870,0.0
759871,0.0
759872,0.0
759873,0.0
759874,0.0
759875,0.0
759876,0.0
759877,0.0
759878,0.10616737
759879,0.0
759880,0.0
759881,0.0
759882,0.0
759883,0.0
759884,0.0
759885,0.0
759886,0.0
759887,0.0
759888,0.0
759889,0.0
759890,0.0
759891,0.0
759892,0.0
759893,0.0
759894,0.0
759895,0.0
759896,0.0
759897,0.0
759898,0.0
759899,0.0
759900,0.0
759901,0.0
759902,0.0
759903,0.0
759904,0.0
759905,0.0
759906,0.0
759907,0.0
759908,0.0
759909,0.0
759910,0.0
759911,0.0
759912,0.0
759913,0.0
759914,0.0
759915,0.0
759916,0.0
759917,0.0
759918,0.0
759919,0.0
759920,0.0
759921,0.0
759922,0.0
759923,0.0
759924,0.0
759925,0.0
759926,0.0
759927,0.0
759928,0.0
759929,0.0
759930,0.0
759931,0.0
759932,0.0
759933,0.0
759934,0.0
759935,0.0
759936,0.0
759937,0.0
759938,0.0
759939,0.0
759940,0.0
759941,0.0
759942,0.0
759943,0.0
759944,0.0
759945,0.0
759946,0.0
759947,0.0
759948,0.0
759949,0.0
759950,0.0
759951,0.0
759952,0.0
759953,0.0
759954,0.0
759955,0.0
759956,0.0
759957,0.0
759958,0.0
759959,0.0
759960,0.0
759961,0.0
759962,0.0
759963,0.0
759964,0.0
759965,0.0
759966,0.0
759967,0.0
759968,0.6671358
759969,0.0
759970,0.0
759971,0.0
759972,0.0
759973,0.0
759974,0.0
759975,0.0
759976,1.3530304e-27
759977,0.0
759978,0.0
759979,0.0
759980,0.0
759981,0.0
759982,0.0
759983,0.0
759984,0.0
759985,0.0
759986,0.0
759987,0.0
759988,0.0
759989,0.0
759990,0.0
759991,0.0
759992,0.0
759993,0.0
759994,0.0
759995,0.0
759996,0.0
759997,2.042627e-31
759998,0.0
759999,0.0
760000,0.0
760001,0.0
760002,0.0
760003,0.0
760004,0.0
760005,0.0
760006,0.0
760007,0.0
760008,0.0
760009,0.0
760010,0.0
760011,0.0
760012,0.0
760013,0.0
760014,0.0
760015,0.0
760016,0.0
760017,0.0
760018,0.0
760019,0.0
760020,0.0
760021,0.0
760022,0.0
760023,0.0
760024,0.0
760025,0.0
760026,0.0
760027,0.0
760028,0.0
760029,0.0
760030,0.0
760031,0.0
760032,0.0
760033,0.0
760034,0.0
760035,0.0
760036,0.0
760037,0.0
760038,0.0
760039,0.0
760040,0.0
760041,0.0
760042,7.9070605e-16
760043,0.0
760044,0.0
760045,0.0
760046,0.0
760047,0.0
760048,0.0
760049,0.0
760050,0.0
760051,0.0
760052,0.0
760053,0.0
760054,0.0
760055,0.0
760056,0.0
760057,0.0
760058,0.0
760059,0.0
760060,0.0
760061,0.0
760062,0.0
760063,0.0
760064,0.0
760065,0.0
760066,0.0
760067,0.0
760068,0.0
760069,0.0
760070,0.0
760071,0.0
760072,0.0
760073,0.0
760074,0.0
760075,0.0
760076,0.0
760077,0.0
760078,0.0
760079,0.0
760080,0.0
760081,0.0
760082,0.0
760083,1.9353983e-29
760084,0.0
760085,0.0
760086,0.0
760087,0.0
760088,0.0
760089,0.0
760090,0.0
760091,0.0
760092,0.0
760093,0.0
760094,0.0
760095,0.0
760096,0.0
760097,0.0
760098,0.0
760099,0.0
760100,0.0
760101,0.0
760102,0.0
760103,0.0
760104,0.0
760105,0.0
760106,0.0
760107,0.0
760108,0.0
760109,0.0
760110,0.0
760111,0.0
760112,0.0
760113,0.0
760114,0.0
760115,0.0
760116,0.0
760117,0.0
760118,0.0
760119,0.0
760120,0.0
760121,0.0
760122,0.0
760123,0.0
760124,0.0
760125,0.0
760126,0.0
760127,0.0
760128,0.0
760129,0.0
760130,0.0
760131,0.0
760132,0.0
760133,0.0
760134,0.0
760135,0.0
760136,0.0
760137,0.0
760138,0.0
760139,0.0
760140,0.0
760141,0.0
760142,0.0
760143,0.0
760144,0.0
760145,0.0
760146,0.0
760147,0.0
760148,0.0
760149,0.0
760150,0.0
760151,0.0
760152,0.0
760153,0.0
760154,0.0
760155,0.0
760156,0.0
760157,0.0
760158,0.0
760159,0.0
760160,0.0
760161,0.0
760162,0.0
760163,0.0
760164,0.0
760165,0.0
760166,0.0
760167,0.0
760168,0.0
760169,0.0
760170,0.0
760171,0.0
760172,0.0
760173,0.0
760174,0.0
760175,0.0
760176,0.0
760177,0.0
760178,0.0
760179,0.0
760180,0.0
760181,0.0
760182,0.0
760183,0.0
760184,0.0
760185,0.0
760186,0.0
760187,0.0
760188,0.0
760189,0.0
760190,0.0
760191,0.0
760192,0.0
760193,0.0
760194,0.0
760195,0.0
760196,0.0
760197,0.0
760198,0.0
760199,0.0
760200,0.0
760201,0.0
760202,0.0
760203,0.0
760204,0.0
760205,0.0
760206,0.0
760207,0.0
760208,0.0
760209,0.0
760210,0.0
760211,0.0
760212,0.0
760213,0.0
760214,0.0
760215,0.0
760216,0.0
760217,0.0
760218,0.0
760219,0.0
760220,0.0
760221,0.0
760222,0.0
760223,0.0
760224,0.0
760225,0.0
760226,0.0
760227,0.0
760228,0.0
760229,0.0
760230,0.0
760231,0.0
760232,0.0
760233,0.0
760234,4.0680288e-18
760235,0.0
760236,0.0
760237,0.0
760238,0.0
760239,0.0
760240,0.0
760241,0.0
760242,0.0
760243,0.0
760244,0.0
760245,0.0
760246,0.0
760247,0.0
760248,0.0
760249,0.0
760250,3.1317675e-38
760251,0.0
760252,0.0
760253,0.0
760254,0.0
760255,0.0
760256,0.0
760257,0.0
760258,0.0
760259,0.0
760260,0.0
760261,0.0
760262,0.0
760263,0.0
760264,0.0
760265,0.0
760266,0.0
760267,0.0
760268,0.0
760269,0.0
760270,0.0
760271,0.0
760272,0.0
760273,0.0
760274,0.0
760275,0.0
760276,0.0
760277,0.0
760278,0.0
760279,0.0
760280,0.0
760281,0.0
760282,0.0
760283,0.0
760284,0.0
760285,0.0
760286,0.0
760287,0.0
760288,0.0
760289,0.0
760290,0.0
760291,0.0
760292,0.0
760293,0.0
760294,0.0
760295,0.0
760296,0.0
760297,0.0
760298,0.0
760299,0.0
760300,0.0
760301,0.0
760302,0.0
760303,0.0
760304,0.0
760305,0.0
760306,0.0
760307,0.0
760308,0.0
760309,0.0
760310,0.0
760311,0.0
760312,0.0
760313,0.0
760314,0.0
760315,0.0
760316,0.0
760317,0.0
760318,0.0
760319,0.0
760320,0.0
760321,0.0
760322,5.890937e-14
760323,0.0
760324,0.0
760325,0.0
760326,0.0
760327,0.0
760328,0.0
760329,0.0
760330,0.0
760331,0.0
760332,0.0
760333,0.0
760334,0.0
760335,0.0
760336,0.0
760337,0.0
760338,0.0
760339,0.0
760340,0.0
760341,0.0
760342,0.0
760343,0.0
760344,0.0
760345,0.0
760346,0.0
760347,0.0
760348,0.0
760349,0.0
760350,0.0
760351,0.0
760352,0.0
760353,0.0
760354,0.0
760355,0.0
760356,0.0
760357,0.0
760358,0.0
760359,0.0
760360,0.0
760361,0.0
760362,0.0
760363,0.0
760364,0.0
760365,0.0
760366,0.0
760367,0.0
760368,0.0
760369,0.0
760370,0.0
760371,0.0
760372,0.0
760373,0.0
760374,0.0
760375,0.0
760376,0.0
760377,0.0
760378,0.0
760379,0.0
760380,0.0
760381,0.0
760382,0.0
760383,0.0
760384,0.0
760385,0.0
760386,0.0
760387,0.0
760388,0.0
760389,0.0
760390,0.0
760391,0.0
760392,0.0
760393,0.0
760394,0.0
760395,0.0
760396,0.0
760397,0.0
760398,0.0
760399,0.0
760400,0.0
760401,0.0
760402,0.0
760403,0.0
760404,0.0
760405,0.0
760406,0.0
760407,0.0
760408,0.0
760409,0.0
760410,0.0
760411,0.0
760412,0.0
760413,0.0
760414,0.0
760415,0.0
760416,0.0
760417,0.0
760418,0.0
760419,0.0
760420,0.0
760421,0.0
760422,0.0
760423,0.0
760424,0.0
760425,0.0
760426,0.0
760427,0.0
760428,0.0
760429,0.0
760430,0.0
760431,0.0
760432,0.0
760433,0.0
760434,0.0
760435,0.0
760436,0.0
760437,0.0
760438,0.0
760439,0.0
760440,0.0
760441,4.0836237e-33
760442,0.0
760443,0.0
760444,0.0
760445,0.0
760446,0.0
760447,0.0
760448,0.0
760449,0.0
760450,0.0
760451,0.0
760452,0.0
760453,0.0
760454,0.0
760455,0.0
760456,0.0
760457,0.0
760458,0.0
760459,0.0
760460,0.0
760461,0.0
760462,0.0
760463,0.0
760464,0.0
760465,0.0
760466,0.0
760467,0.0
760468,0.0
760469,0.0
760470,0.0
760471,0.0
760472,0.0
760473,0.0
760474,0.0
760475,0.0
760476,0.0
760477,0.0
760478,0.0
760479,0.0
760480,0.0
760481,0.0
760482,0.0
760483,0.0
760484,0.0
760485,0.0
760486,0.0
760487,0.0
760488,0.0
760489,0.0
760490,0.0
760491,0.0
760492,0.0
760493,0.0
760494,0.0
760495,0.0
760496,0.0
760497,0.0
760498,0.0
760499,0.0
760500,0.0
760501,0.0
760502,0.0
760503,0.0
760504,0.0
760505,0.0
760506,0.0
760507,0.0
760508,0.0
760509,0.0
760510,0.0
760511,0.0
760512,0.0
760513,0.0
760514,0.0
760515,0.0
760516,0.0
760517,0.0
760518,0.0
760519,0.0
760520,0.0
760521,0.0
760522,0.0
760523,0.0
760524,0.0018324737
760525,0.0
760526,0.0
760527,0.0
760528,0.0
760529,0.0
760530,0.0
760531,0.0
760532,0.0
760533,0.0
760534,0.0
760535,0.0
760536,0.0
760537,0.0
760538,0.0
760539,0.0
760540,0.0
760541,0.0
760542,0.0
760543,0.0
760544,0.0
760545,0.0
760546,0.0
760547,0.0
760548,0.0
760549,0.0
760550,0.0
760551,9.716525e-27
760552,0.0
760553,0.0
760554,0.0
760555,0.0
760556,0.0
760557,0.0
760558,0.0
760559,0.0
760560,0.0
760561,0.0
760562,0.0
760563,0.0
760564,0.0
760565,0.0
760566,0.0
760567,0.0
760568,0.0
760569,0.0
760570,0.0
760571,0.0
760572,0.0
760573,0.0
760574,0.0
760575,0.0
760576,0.0
760577,0.0
760578,0.0
760579,0.0
760580,0.0
760581,0.0
760582,0.0
760583,0.0
760584,0.0
760585,0.0
760586,0.0
760587,0.0
760588,0.0
760589,0.0
760590,0.0
760591,0.0
760592,0.0
760593,0.0
760594,0.0
760595,0.0
760596,0.0
760597,0.0
760598,0.0
760599,0.0
760600,0.0
760601,0.0
760602,0.0
760603,0.0
760604,0.0
760605,0.0
760606,0.0
760607,0.0
760608,0.0
760609,0.0
760610,0.0
760611,0.0
760612,0.0
760613,0.0
760614,0.0
760615,0.0
760616,0.0
760617,0.0
760618,0.0
760619,0.0
760620,0.0
760621,0.0
760622,0.0
760623,3.1497262e-16
760624,0.0
760625,0.0
760626,0.0
760627,0.0
760628,0.0
760629,0.0
760630,0.0
760631,0.0
760632,0.0
760633,0.0
760634,0.0
760635,0.0
760636,0.0
760637,0.0
760638,0.0
760639,0.0
760640,0.0
760641,0.0
760642,0.0
760643,0.0
760644,0.0
760645,0.0
760646,0.0
760647,0.0
760648,0.0
760649,0.0
760650,0.0
760651,0.0
760652,0.0
760653,0.0
760654,0.0
760655,0.0
760656,0.0
760657,0.0
760658,0.0
760659,0.0
760660,0.0
760661,0.0
760662,0.0
760663,0.0
760664,0.0
760665,0.0
760666,0.0
760667,0.0
760668,0.0
760669,0.0
760670,0.0
760671,0.0
760672,0.0
760673,0.0
760674,0.0
760675,0.0
760676,0.0
760677,0.0
760678,0.0
760679,0.0
760680,0.0
760681,0.0
760682,0.0
760683,0.0
760684,0.0
760685,0.0
760686,0.0
760687,0.0
760688,0.0
760689,0.0
760690,0.0
760691,4.5779507e-07
760692,0.0
760693,0.0
760694,0.0
760695,0.0
760696,0.0
760697,0.0
760698,0.0
760699,0.0
760700,0.0
760701,0.0
760702,0.0
760703,0.0
760704,0.0
760705,0.0
760706,0.0
760707,0.0
760708,0.0
760709,0.0
760710,0.0
760711,0.0
760712,0.0
760713,0.0
760714,0.0
760715,0.0
760716,0.0
760717,0.0
760718,0.0
760719,0.0
760720,0.0
760721,0.0
760722,0.0
760723,0.0
760724,0.0
760725,0.0
760726,0.0
760727,0.0
760728,0.0
760729,0.0
760730,0.0
760731,0.0
760732,0.0
760733,0.0
760734,0.0
760735,0.0
760736,0.0
760737,0.0
760738,0.0
760739,0.0
760740,0.0
760741,0.0
760742,0.0
760743,0.0
760744,0.0
760745,0.0
760746,0.0
760747,0.0
760748,0.0
760749,0.0
760750,0.0
760751,0.0
760752,0.0
760753,0.0
760754,0.0
760755,0.0
760756,0.0
760757,0.0
760758,0.0
760759,0.0
760760,0.0
760761,0.0
760762,0.0
760763,0.0
760764,0.0
760765,0.0
760766,0.0
760767,0.0
760768,0.0
760769,3.3559242e-31
760770,0.0
760771,0.0
760772,0.0
760773,0.0
760774,0.0
760775,0.0
760776,0.0
760777,0.0
760778,0.0
760779,0.0
760780,0.0
760781,0.0
760782,0.0
760783,0.0
760784,0.0
760785,0.0
760786,0.0
760787,0.0
760788,0.0
760789,0.0
760790,0.0
760791,0.0
760792,0.0
760793,0.0
760794,0.0
760795,0.0
760796,0.0
760797,0.0
760798,0.0
760799,0.0
760800,0.0
760801,0.0
760802,0.0
760803,0.0
760804,0.0
760805,0.0
760806,0.0
760807,0.0
760808,0.048902273
760809,0.0
760810,0.0
760811,0.0
760812,0.0
760813,0.0
760814,0.0
760815,0.0
760816,0.0
760817,0.0
760818,0.0
760819,0.0
760820,0.0
760821,0.0
760822,0.0
760823,0.0
760824,0.0
760825,0.0
760826,0.0
760827,0.0
760828,0.0
760829,0.0
760830,0.0
760831,0.0
760832,0.0
760833,0.0
760834,0.0
760835,0.0
760836,0.0
760837,0.0
760838,0.0
760839,0.0
760840,0.0
760841,0.0
760842,0.0
760843,0.0
760844,0.0
760845,0.0
760846,0.0
760847,0.0
760848,0.0
760849,0.0
760850,0.0
760851,0.0
760852,0.0
760853,0.0
760854,0.0
760855,0.0
760856,0.0
760857,0.0
760858,0.0
760859,0.0
760860,0.0
760861,0.0
760862,0.0
760863,0.0
760864,0.0
760865,0.0
760866,0.0
760867,0.0
760868,0.0
760869,0.0
760870,0.0
760871,0.0
760872,0.0
760873,0.0
760874,0.0
760875,0.0
760876,0.0
760877,0.0
760878,0.0
760879,0.0
760880,0.0
760881,0.0
760882,0.0
760883,0.0
760884,0.0
760885,0.0
760886,0.0
760887,0.0
760888,0.0
760889,0.0
760890,0.0
760891,0.0
760892,0.0
760893,0.0
760894,0.0
760895,0.0
760896,0.0
760897,0.0
760898,0.0
760899,0.0
760900,0.0
760901,0.0
760902,0.0
760903,0.0
760904,0.0
760905,0.0
760906,0.0
760907,0.0
760908,0.0
760909,0.0
760910,0.0
760911,0.0
760912,0.0
760913,0.0
760914,0.0
760915,0.0
760916,0.0
760917,0.0
760918,0.0
760919,0.0
760920,0.0
760921,0.0
760922,0.0
760923,0.0
760924,0.0
760925,0.0
760926,0.0
760927,0.0
760928,0.0
760929,0.0
760930,0.0
760931,0.0
760932,0.0
760933,0.0
760934,0.0
760935,0.0
760936,0.0
760937,0.0
760938,0.0
760939,0.0
760940,0.0
760941,0.0
760942,0.0
760943,0.0
760944,0.0
760945,0.0
760946,0.0
760947,0.0
760948,0.0
760949,0.0
760950,0.0
760951,0.0
760952,0.0
760953,0.0
760954,0.0
760955,0.0
760956,0.0
760957,0.0
760958,0.0
760959,0.0
760960,0.0
760961,0.0
760962,1.680265e-07
760963,0.0
760964,0.0
760965,3.4356334e-19
760966,0.0
760967,0.0
760968,0.0
760969,0.0
760970,0.0
760971,0.0
760972,0.0
760973,0.0
760974,0.0
760975,0.0
760976,0.0
760977,0.0
760978,0.0
760979,0.0
760980,0.0
760981,0.0
760982,0.0
760983,0.0
760984,0.0
760985,0.0
760986,0.0
760987,0.0
760988,0.0
760989,0.0
760990,0.0
760991,0.0
760992,0.0
760993,0.0
760994,0.0
760995,0.0
760996,0.0
760997,0.0
760998,0.0
760999,0.0
761000,0.0
761001,0.0
761002,0.0
761003,0.0
761004,0.0
761005,1.666642e-15
761006,0.0
761007,0.0
761008,0.0
761009,0.0
761010,0.0
761011,0.0
761012,0.0
761013,0.0
761014,0.0
761015,0.0
761016,0.0
761017,0.0
761018,0.0
761019,0.0
761020,0.0
761021,0.0
761022,0.0
761023,0.0
761024,0.0
761025,0.0
761026,0.0
761027,0.0
761028,0.0
761029,0.0
761030,0.0
761031,0.0
761032,0.0
761033,0.0
761034,2.2122057e-32
761035,0.0
761036,0.0
761037,0.0
761038,0.0
761039,0.0
761040,0.0
761041,0.0
761042,0.0
761043,0.0
761044,0.0
761045,0.0
761046,9.464126e-31
761047,0.0
761048,0.0
761049,1.3694826e-17
761050,0.0
761051,0.0
761052,0.0
761053,0.0
761054,0.0
761055,0.0
761056,0.0
761057,0.0
761058,0.0
761059,0.0
761060,0.0
761061,0.0
761062,0.0
761063,0.0
761064,0.0
761065,0.0
761066,0.0
761067,0.0
761068,0.0
761069,0.0
761070,0.0
761071,0.0
761072,0.0
761073,0.0
761074,0.0
761075,0.0
761076,0.0
761077,0.0
761078,0.0
761079,0.0
761080,0.0
761081,0.0
761082,0.0
761083,0.0
761084,0.0
761085,0.0
761086,0.0
761087,0.0
761088,0.0
761089,0.0
761090,0.0
761091,0.0
761092,0.0
761093,0.0
761094,0.0
761095,0.0
761096,0.0
761097,0.0
761098,0.0
761099,0.0
761100,0.0
761101,0.0
761102,0.0
761103,0.0
761104,0.0
761105,0.0
761106,0.0
761107,0.0
761108,0.0
761109,0.0
761110,0.0
761111,0.0
761112,0.0
761113,0.0
761114,0.0
761115,0.0
761116,0.0
761117,0.0
761118,0.0
761119,0.0
761120,0.0
761121,0.0
761122,0.0
761123,0.0
761124,0.0
761125,0.0
761126,0.0
761127,0.0
761128,0.0
761129,0.0
761130,0.0
761131,0.0
761132,0.0
761133,0.0
761134,0.0
761135,0.0
761136,0.0
761137,0.0
761138,0.0
761139,0.0
761140,0.0
761141,0.0
761142,0.0
761143,0.0
761144,0.0
761145,0.0
761146,0.0
761147,5.553705e-13
761148,0.0
761149,0.0
761150,0.0
761151,0.0
761152,0.0
761153,0.0
761154,0.0
761155,0.0
761156,0.0
761157,0.0
761158,0.0
761159,0.0
761160,0.0
761161,0.0
761162,0.0
761163,0.0
761164,0.0
761165,0.0
761166,0.0
761167,0.0
761168,0.0
761169,0.0
761170,0.0
761171,0.0
761172,0.0
761173,0.0
761174,0.0
761175,0.0
761176,0.0
761177,0.0
761178,0.0
761179,0.0
761180,0.0
761181,0.0
761182,0.0
761183,0.0
761184,0.0
761185,0.0
761186,0.0
761187,0.0
761188,0.0
761189,0.0
761190,0.0
761191,0.0
761192,0.0
761193,0.0
761194,0.0
761195,0.0
761196,0.0
761197,0.0
761198,0.0
761199,0.0
761200,0.0
761201,0.0
761202,0.0
761203,0.0
761204,0.0
761205,0.0
761206,0.0
761207,0.0
761208,0.0
761209,0.0
761210,0.0
761211,0.0
761212,0.0
761213,0.0
761214,0.0
761215,0.0
761216,0.0
761217,0.0
761218,0.0
761219,0.0
761220,0.0
761221,0.0
761222,0.0
761223,0.0
761224,0.0
761225,0.0
761226,0.0
761227,0.0
761228,0.0
761229,0.0
761230,0.0
761231,0.0
761232,0.0
761233,0.0
761234,0.0
761235,0.0
761236,0.0
761237,0.0
761238,0.0
761239,0.0
761240,0.0
761241,0.0
761242,0.0
761243,0.0
761244,0.0
761245,0.0
761246,0.0
761247,0.0
761248,0.0
761249,0.0
761250,0.0
761251,0.0
761252,0.0
761253,0.0
761254,0.0
761255,0.0
761256,0.0
761257,0.0
761258,0.0
761259,0.0
761260,0.0
761261,0.0
761262,0.0
761263,0.0
761264,0.0
761265,0.0
761266,0.0
761267,0.0
761268,9.623271e-35
761269,0.0
761270,0.0
761271,0.0
761272,0.0
761273,0.0
761274,0.0
761275,0.0
761276,0.0
761277,0.0
761278,0.0
761279,0.0
761280,0.0
761281,0.0
761282,0.0
761283,0.0
761284,0.0
761285,0.0
761286,0.0
761287,0.0
761288,0.0
761289,0.0
761290,0.0
761291,0.0
761292,0.0
761293,0.0
761294,0.0
761295,0.0
761296,0.0
761297,0.0
761298,0.0
761299,0.0
761300,0.0
761301,0.0
761302,0.0
761303,0.0
761304,0.0
761305,0.0
761306,0.0
761307,0.0
761308,0.0
761309,0.0
761310,0.0
761311,0.0
761312,0.0
761313,0.0
761314,0.0
761315,0.0
761316,0.0
761317,0.0
761318,0.0
761319,0.0
761320,0.0
761321,0.0
761322,0.0
761323,0.0
761324,0.0
761325,0.0
761326,0.0
761327,0.0
761328,0.0
761329,0.0
761330,0.0
761331,0.0
761332,0.0
761333,0.0
761334,0.0
761335,0.0
761336,0.0
761337,0.0
761338,0.0
761339,0.0
761340,0.0
761341,0.0
761342,0.0
761343,0.0
761344,0.0
761345,0.0
761346,0.0
761347,0.0
761348,0.0
761349,0.0
761350,0.0
761351,0.0
761352,0.0
761353,0.0
761354,0.0
761355,0.0
761356,0.0
761357,0.0
761358,0.0
761359,0.0
761360,0.0
761361,0.0
761362,0.0
761363,0.0
761364,0.0
761365,0.0
761366,1.4855309e-06
761367,0.0
761368,0.0
761369,0.0
761370,0.0
761371,0.0
761372,0.0
761373,0.0
761374,0.0
761375,0.0
761376,0.0
761377,0.0
761378,0.0
761379,0.0
761380,0.0
761381,0.0
761382,0.0
761383,0.0
761384,0.0
761385,0.0
761386,0.0
761387,0.0
761388,0.0
761389,0.0
761390,0.0
761391,0.0
761392,0.0
761393,0.0
761394,0.0
761395,0.0
761396,0.0
761397,0.0
761398,0.0
761399,0.0
761400,0.0
761401,0.0
761402,0.0
761403,0.0
761404,0.0
761405,0.0
761406,0.0
761407,0.0
761408,0.0
761409,0.0
761410,0.0
761411,0.0
761412,0.0
761413,0.0
761414,0.0
761415,0.0
761416,0.0
761417,0.0
761418,0.0
761419,0.0
761420,0.0
761421,0.0
761422,0.0
761423,0.0
761424,0.0
761425,0.0
761426,0.0
761427,0.0
761428,0.0
761429,0.0
761430,0.0
761431,0.0
761432,0.0
761433,0.0
761434,0.0
761435,0.0
761436,0.0
761437,0.0
761438,0.0
761439,0.0
761440,0.0
761441,0.0
761442,0.0
761443,0.0
761444,0.0
761445,0.0
761446,0.0
761447,0.0
761448,0.0
761449,0.0
761450,0.0
761451,0.0
761452,0.0
761453,0.0
761454,0.0
761455,0.0
761456,0.0
761457,0.0
761458,0.0
761459,0.0
761460,0.0
761461,0.0
761462,0.0
761463,0.0
761464,0.0
761465,5.428583e-28
761466,0.0
761467,0.0
761468,0.0
761469,0.0
761470,0.0
761471,0.0
761472,0.0
761473,0.0
761474,0.0
761475,0.0
761476,0.0
761477,0.0
761478,0.0
761479,0.0
761480,0.0
761481,0.0
761482,0.0
761483,0.0
761484,0.0
761485,0.0
761486,0.0
761487,0.0
761488,0.0
761489,0.0
761490,0.0
761491,0.0
761492,0.0
761493,0.0
761494,0.0
761495,0.0
761496,0.0
761497,0.0
761498,0.0
761499,0.0
761500,0.0
761501,0.0
761502,0.0
761503,0.0
761504,0.0
761505,0.0
761506,0.0
761507,0.0
761508,0.0
761509,0.0
761510,0.0
761511,0.0
761512,0.0
761513,0.0
761514,0.0
761515,0.0
761516,0.0
761517,0.0
761518,0.0
761519,0.0
761520,0.0
761521,0.0
761522,0.0
761523,0.0
761524,0.0
761525,0.0
761526,0.0
761527,0.0
761528,0.0
761529,0.0
761530,0.0
761531,0.0
761532,0.0
761533,0.0
761534,0.0
761535,0.0
761536,0.0
761537,0.0
761538,0.0
761539,0.0
761540,0.0
761541,0.0
761542,0.0
761543,0.0
761544,0.0
761545,0.0
761546,0.0
761547,0.0
761548,0.0
761549,0.0
761550,0.0
761551,0.0
761552,0.0
761553,0.0
761554,0.0
761555,0.0
761556,0.0
761557,0.0
761558,0.0
761559,0.0
761560,0.0
761561,0.0
761562,0.0
761563,0.0
761564,0.0
761565,0.0
761566,0.0
761567,0.0
761568,0.0
761569,0.0
761570,0.0
761571,0.0
761572,0.0
761573,0.0
761574,0.0
761575,0.0
761576,0.0
761577,0.0
761578,0.0
761579,0.0
761580,0.0
761581,0.0
761582,0.0
761583,0.0
761584,0.0
761585,0.0
761586,0.0
761587,0.0
761588,0.0
761589,0.0023836144
761590,0.0
761591,0.0
761592,0.0
761593,0.0
761594,0.0
761595,0.0
761596,0.0
761597,0.0
761598,0.0
761599,0.0
761600,0.0
761601,0.0
761602,0.0
761603,0.0
761604,0.0
761605,0.0
761606,0.0
761607,0.0
761608,0.0
761609,0.0
761610,0.0
761611,0.0
761612,0.0
761613,0.0
761614,0.0
761615,0.0
761616,6.474208e-34
761617,0.0
761618,0.0
761619,0.0
761620,0.0
761621,0.0
761622,0.0
761623,0.0
761624,0.0
761625,0.0058960137
761626,0.0
761627,0.0
761628,0.0
761629,0.0
761630,0.0
761631,0.0
761632,0.0
761633,0.0
761634,0.0
761635,0.0
761636,0.0
761637,0.0
761638,0.0
761639,0.0
761640,0.0
761641,0.0
761642,0.0
761643,0.0
761644,0.0
761645,0.0
761646,0.0
761647,0.0
761648,0.0
761649,0.0
761650,0.0
761651,0.0
761652,0.0
761653,0.0
761654,0.0
761655,0.0
761656,0.0
761657,0.0
761658,0.0
761659,0.0
761660,0.0
761661,0.0
761662,0.0
761663,0.0
761664,0.0
761665,0.0
761666,0.0
761667,0.0
761668,0.0
761669,0.0
761670,0.0
761671,0.0
761672,0.0
761673,0.0
761674,0.0
761675,0.0
761676,0.0
761677,0.0
761678,0.0
761679,0.0
761680,0.0
761681,0.0
761682,0.0
761683,0.0
761684,0.0
761685,0.0
761686,0.0
761687,0.0
761688,0.0
761689,0.0
761690,0.0
761691,0.0
761692,0.0
761693,0.0
761694,0.0
761695,0.0
761696,0.0
761697,0.0
761698,0.0
761699,0.0
761700,0.0
761701,0.0
761702,0.0
761703,0.0
761704,0.0
761705,0.0
761706,0.0
761707,0.0
761708,0.0
761709,0.0
761710,0.0
761711,0.0
761712,0.0
761713,0.0
761714,0.0
761715,0.0
761716,0.0
761717,0.0
761718,0.0
761719,0.0
761720,0.0
761721,0.0
761722,0.0
761723,0.0
761724,0.0
761725,8.7036744e-07
761726,0.0
761727,0.0
761728,0.0
761729,0.0
761730,0.0
761731,0.0
761732,0.0
761733,0.0
761734,0.0
761735,0.0
761736,0.0
761737,0.0
761738,0.0
761739,0.0
761740,0.0
761741,0.0
761742,0.0
761743,0.0
761744,0.0
761745,0.0
761746,0.0
761747,0.0
761748,0.0
761749,0.0
761750,0.0
761751,0.0
761752,0.0
761753,0.0
761754,0.0
761755,0.0
761756,0.0
761757,0.0
761758,0.0
761759,0.0
761760,1.0624534e-31
761761,0.0
761762,0.0
761763,0.0
761764,0.0
761765,0.0
761766,0.0
761767,0.0
761768,0.0
761769,0.0
761770,0.0
761771,0.0
761772,0.0
761773,0.0
761774,0.0
761775,0.0
761776,0.0
761777,0.0
761778,0.0
761779,0.0
761780,0.0
761781,0.0
761782,0.0
761783,0.0
761784,0.0
761785,0.0
761786,0.0
761787,0.0
761788,0.0
761789,0.0
761790,0.0
761791,0.0
761792,0.0
761793,1.7419003e-24
761794,0.0
761795,0.0
761796,0.0
761797,0.0
761798,0.0
761799,0.0
761800,0.0
761801,0.0
761802,0.0
761803,0.0
761804,0.0
761805,0.0
761806,0.0
761807,0.0
761808,0.0
761809,0.0
761810,0.0
761811,0.0
761812,0.0
761813,0.0
761814,0.0
761815,0.0
761816,0.0
761817,0.0
761818,0.0
761819,2.0137839e-16
761820,0.0
761821,0.0
761822,0.0
761823,0.0
761824,0.0
761825,0.0
761826,0.0
761827,0.0
761828,0.0
761829,0.0
761830,0.0
761831,0.0
761832,0.0
761833,0.0
761834,0.0
761835,0.0
761836,0.0
761837,0.0
761838,0.0
761839,0.0
761840,0.0
761841,0.0
761842,0.0
761843,0.0
761844,0.0
761845,0.0
761846,0.0
761847,0.0
761848,0.0
761849,0.0
761850,0.0
761851,0.0
761852,0.0
761853,0.0
761854,0.0
761855,0.0
761856,0.0
761857,0.0
761858,0.0
761859,0.0
761860,0.0
761861,0.0
761862,0.0
761863,0.0
761864,0.0
761865,0.0
761866,0.0
761867,0.0
761868,0.0
761869,0.0
761870,0.0
761871,0.0
761872,0.0
761873,0.0
761874,0.0
761875,0.0
761876,0.0
761877,0.0
761878,0.0
761879,0.0
761880,0.0
761881,0.0
761882,0.0
761883,0.0
761884,0.0
761885,0.0
761886,0.0
761887,0.0
761888,0.0
761889,0.0
761890,0.0
761891,0.0
761892,0.0
761893,0.0
761894,0.0
761895,0.0
761896,0.0
761897,0.0
761898,0.0
761899,0.0
761900,0.0
761901,0.0
761902,0.0
761903,0.0
761904,0.0
761905,0.0
761906,0.0
761907,0.0
761908,0.0
761909,0.0
761910,0.0
761911,0.0
761912,0.0
761913,0.0
761914,0.0
761915,0.0
761916,0.0
761917,0.0
761918,0.0
761919,0.0
761920,0.0
761921,0.0
761922,0.0
761923,0.0
761924,0.0
761925,0.0
761926,0.0
761927,0.0
761928,0.0
761929,0.0
761930,0.0
761931,0.0
761932,0.0
761933,0.0
761934,0.0
761935,0.0
761936,0.0
761937,0.0
761938,0.0
761939,0.0
761940,0.0
761941,0.0
761942,0.0
761943,0.0
761944,0.0
761945,0.0
761946,0.0
761947,0.0
761948,0.0
761949,0.0
761950,0.0
761951,0.0
761952,0.0
761953,0.0
761954,0.0
761955,0.0
761956,0.0
761957,0.0
761958,0.0
761959,0.0
761960,0.0
761961,0.0
761962,0.0
761963,0.0
761964,0.0
761965,0.0
761966,0.0
761967,0.0
761968,0.0
761969,0.0
761970,0.0
761971,0.0
761972,0.0
761973,0.0
761974,0.0
761975,0.0
761976,0.0
761977,0.0
761978,0.0
761979,0.0
761980,0.0
761981,1.1265871e-10
761982,0.0
761983,0.0
761984,0.0
761985,0.0
761986,0.0
761987,0.0
761988,0.0
761989,0.0
761990,0.0
761991,0.0
761992,0.0
761993,0.0
761994,0.0
761995,0.0
761996,0.0
761997,0.0
761998,0.0
761999,0.0
762000,0.0
762001,0.0
762002,0.0
762003,0.0
762004,0.0
762005,0.0
762006,0.0
762007,0.0
762008,0.0
762009,0.0
762010,0.0
762011,0.0
762012,0.0
762013,0.0
762014,0.0
762015,0.0
762016,0.0
762017,0.0
762018,0.0
762019,0.0
762020,0.0
762021,0.0
762022,0.0
762023,0.0
762024,0.0
762025,0.0
762026,0.0
762027,0.0
762028,0.0
762029,0.0
762030,0.0
762031,0.0
762032,0.0
762033,0.0
762034,0.0
762035,0.0
762036,0.0
762037,0.0
762038,0.0
762039,0.0
762040,0.0
762041,0.0
762042,0.0
762043,0.0
762044,0.0
762045,0.0
762046,0.0
762047,0.0
762048,0.0
762049,0.0
762050,0.0
762051,0.0
762052,0.0
762053,0.0
762054,0.0
762055,0.0
762056,0.0
762057,0.0
762058,0.0
762059,0.0
762060,0.0
762061,0.0
762062,0.0
762063,0.0
762064,0.0
762065,0.0
762066,0.0
762067,0.0
762068,0.0
762069,0.0
762070,0.0
762071,0.0
762072,0.003385998
762073,0.0
762074,0.0
762075,0.0
762076,0.0
762077,0.0
762078,0.0
762079,0.0
762080,0.0
762081,0.0
762082,0.0
762083,0.0
762084,0.0
762085,0.0
762086,0.0
762087,0.0
762088,0.0
762089,0.0
762090,0.0
762091,0.0
762092,0.0
762093,0.0
762094,0.0
762095,0.0
762096,0.0
762097,0.0
762098,0.0
762099,0.0
762100,0.0
762101,0.0
762102,0.0
762103,0.0
762104,0.0
762105,0.0
762106,0.0
762107,0.0
762108,0.0
762109,0.0
762110,0.0
762111,0.0
762112,0.0
762113,0.0
762114,0.0
762115,0.0
762116,0.0
762117,0.0
762118,0.0
762119,0.0
762120,0.0
762121,0.0
762122,0.0
762123,0.0
762124,0.0
762125,0.0
762126,0.0
762127,0.0
762128,0.0
762129,0.0
762130,0.0
762131,0.0
762132,0.0
762133,0.0
762134,0.0
762135,0.0
762136,0.0
762137,0.0
762138,0.0
762139,0.0
762140,0.0
762141,0.0
762142,0.0
762143,0.0
762144,0.0
762145,0.0
762146,0.0
762147,0.0
762148,0.0
762149,0.0
762150,0.0
762151,0.0
762152,0.0
762153,0.0
762154,0.0
762155,0.0
762156,0.0
762157,0.0
762158,0.0
762159,0.0
762160,0.0
762161,0.0
762162,0.0
762163,0.0
762164,0.0
762165,0.0
762166,0.0
762167,0.0
762168,0.0
762169,0.0
762170,0.0
762171,0.0
762172,0.0
762173,0.0
762174,0.0
762175,0.0
762176,0.0
762177,0.0
762178,0.0
762179,0.0
762180,0.0
762181,0.0
762182,0.0
762183,0.0
762184,0.0
762185,0.0
762186,0.0
762187,0.0
762188,0.0
762189,0.0
762190,0.0
762191,0.0
762192,0.0
762193,0.0
762194,0.0
762195,0.0
762196,0.0
762197,0.0
762198,0.0
762199,0.0
762200,0.0
762201,0.0
762202,0.0
762203,0.0
762204,0.0
762205,0.0
762206,0.0
762207,0.0
762208,0.0
762209,0.0
762210,0.0
762211,0.0
762212,0.0
762213,0.0
762214,0.0
762215,0.0
762216,0.0
762217,0.0
762218,0.0
762219,0.0
762220,0.0
762221,0.0
762222,0.0
762223,0.0
762224,0.0
762225,0.0
762226,0.0
762227,0.0
762228,0.0
762229,0.0
762230,0.0
762231,0.0
762232,0.0
762233,0.0
762234,0.0
762235,0.0
762236,0.0
762237,0.0
762238,0.0
762239,0.0
762240,0.0
762241,0.0
762242,0.0
762243,0.0
762244,0.0
762245,0.0
762246,0.0
762247,0.0
762248,0.36242384
762249,0.0
762250,0.0
762251,0.0
762252,0.0
762253,0.0
762254,0.0
762255,0.0
762256,0.0
762257,0.0
762258,0.0
762259,0.0
762260,0.0
762261,0.0
762262,0.0
762263,0.0
762264,0.0
762265,0.0
762266,0.0
762267,0.0
762268,0.0
762269,0.0
762270,0.0
762271,0.0
762272,0.0
762273,0.0
762274,0.0
762275,0.0
762276,0.0
762277,0.0
762278,0.0
762279,0.0
762280,0.0
762281,0.0
762282,0.0
762283,0.0
762284,0.0
762285,0.0
762286,0.0
762287,0.0
762288,0.0
762289,0.0
762290,8.563184e-08
762291,0.0
762292,0.0
762293,0.0
762294,0.0
762295,0.0
762296,0.0
762297,0.0
762298,0.0
762299,0.0
762300,0.0
762301,0.0
762302,0.0
762303,0.0
762304,0.0
762305,0.0
762306,0.0
762307,0.0
762308,0.0
762309,0.0
762310,0.0
762311,0.0
762312,0.0
762313,0.0
762314,0.0
762315,0.0
762316,0.0
762317,0.0
762318,0.0
762319,0.0
762320,0.0
762321,0.0
762322,0.0
762323,0.0
762324,0.0
762325,0.0
762326,0.0
762327,0.0
762328,0.0
762329,0.0
762330,0.0
762331,0.0
762332,0.0
762333,0.0
762334,0.0
762335,0.0
762336,0.0
762337,0.0
762338,0.0
762339,0.0
762340,0.0
762341,0.0
762342,0.0
762343,0.0
762344,0.0
762345,0.0
762346,0.0
762347,0.0
762348,0.0
762349,0.0
762350,3.703133e-34
762351,0.0
762352,0.0
762353,0.0
762354,0.0
762355,0.0
762356,0.0
762357,0.0
762358,0.0
762359,0.0
762360,0.0
762361,0.0
762362,0.0
762363,0.0
762364,0.0
762365,0.0
762366,0.0
762367,0.0
762368,0.0
762369,0.0
762370,0.0
762371,0.0
762372,0.0
762373,0.0
762374,0.0
762375,0.0
762376,0.0
762377,0.0
762378,0.0
762379,0.0
762380,0.0
762381,0.0
762382,0.0
762383,0.0
762384,0.0
762385,0.0
762386,0.0
762387,0.0
762388,0.0
762389,0.0
762390,0.0
762391,0.0
762392,0.0
762393,0.0
762394,0.0
762395,0.0
762396,0.0
762397,0.0
762398,0.0
762399,0.0
762400,0.0
762401,0.0
762402,0.0
762403,0.0
762404,0.0
762405,0.0
762406,0.0
762407,0.0
762408,0.0
762409,0.0
762410,0.0
762411,0.0
762412,0.0
762413,0.0
762414,0.0
762415,0.0
762416,0.0
762417,0.0
762418,0.0
762419,0.0
762420,0.0
762421,0.0
762422,0.0
762423,0.0
762424,0.0
762425,0.0
762426,0.0
762427,0.0
762428,0.0
762429,0.0
762430,0.0
762431,0.0
762432,0.0
762433,0.0
762434,0.0
762435,0.0
762436,0.0
762437,0.0
762438,0.0
762439,0.0
762440,0.0
762441,0.0
762442,0.0
762443,0.0
762444,0.0
762445,0.0
762446,0.0
762447,0.0
762448,0.0
762449,0.0
762450,0.0
762451,0.0
762452,0.0
762453,0.0
762454,0.0
762455,0.0
762456,0.0
762457,0.0
762458,0.0
762459,0.0
762460,0.0
762461,0.0
762462,0.0
762463,0.0
762464,0.0
762465,0.0
762466,0.0
762467,0.0
762468,0.0
762469,0.0
762470,0.0
762471,0.0
762472,0.0
762473,0.0
762474,0.0
762475,0.0
762476,0.0
762477,0.0
762478,0.0
762479,0.0
762480,0.0
762481,0.0
762482,0.0
762483,0.0
762484,0.0
762485,0.0
762486,0.0
762487,0.0
762488,0.0
762489,0.0
762490,0.0
762491,0.0
762492,0.0
762493,0.0
762494,0.0
762495,0.0
762496,0.0
762497,0.0
762498,0.0
762499,0.0
762500,0.0
762501,0.0
762502,0.0
762503,0.0
762504,0.0
762505,0.0
762506,0.0
762507,0.0
762508,0.0
762509,0.0
762510,0.0
762511,0.0
762512,0.0
762513,0.0
762514,0.0
762515,0.0
762516,0.0
762517,0.0
762518,0.0
762519,0.0
762520,0.0
762521,0.0
762522,0.0
762523,0.0
762524,0.0
762525,0.0
762526,0.0
762527,0.0
762528,0.0
762529,0.0
762530,0.0
762531,0.0
762532,0.0
762533,0.0
762534,0.0
762535,0.0
762536,0.0
762537,0.0
762538,0.0
762539,0.0
762540,0.0
762541,0.0
762542,0.0
762543,0.0
762544,6.4036296e-15
762545,0.0
762546,0.0
762547,0.0
762548,0.0
762549,0.0
762550,0.0
762551,0.0
762552,0.0
762553,0.0
762554,0.0
762555,0.0
762556,0.0
762557,0.0
762558,0.0
762559,0.0
762560,0.0
762561,0.0
762562,0.0
762563,0.0
762564,0.0
762565,0.0
762566,0.0
762567,0.0
762568,0.0
762569,0.0
762570,0.0
762571,0.0
762572,0.0
762573,0.0
762574,0.0
762575,0.0
762576,0.0
762577,0.0
762578,0.0
762579,0.0
762580,0.0
762581,0.0047289934
762582,0.0
762583,0.0
762584,0.0
762585,0.0
762586,0.0
762587,0.0
762588,0.0
762589,0.0
762590,0.0
762591,0.0
762592,0.0
762593,0.0
762594,0.0
762595,0.0
762596,0.0
762597,0.0
762598,0.0
762599,0.0
762600,0.0
762601,0.0
762602,0.0
762603,0.0
762604,0.0
762605,0.0
762606,0.0
762607,0.0
762608,0.0
762609,0.0
762610,0.0
762611,0.0
762612,0.0
762613,0.0
762614,0.0
762615,0.0
762616,0.0
762617,0.0
762618,0.0
762619,0.0
762620,0.0
762621,0.0
762622,0.0
762623,0.0
762624,0.0
762625,0.0
762626,0.0
762627,0.0
762628,0.0
762629,0.0
762630,0.0
762631,0.0
762632,0.0
762633,0.0
762634,0.0
762635,0.0
762636,0.0
762637,0.0
762638,0.0
762639,0.0
762640,0.0
762641,0.0
762642,0.0
762643,0.0
762644,0.0
762645,0.0
762646,0.0
762647,0.0
762648,0.0
762649,0.0
762650,0.0
762651,0.0
762652,0.0
762653,0.0
762654,0.0
762655,0.0
762656,0.0
762657,0.0
762658,0.0
762659,0.0
762660,0.0
762661,0.0
762662,0.0
762663,0.0
762664,0.0
762665,0.0
762666,0.0
762667,0.0
762668,0.0
762669,0.0
762670,0.0
762671,0.0
762672,0.0
762673,0.0
762674,0.0
762675,0.0
762676,0.0
762677,0.0
762678,0.0
762679,0.0
762680,0.0
762681,0.0
762682,0.0
762683,0.0
762684,0.0
762685,0.0
762686,0.0
762687,0.0
762688,0.0
762689,0.0
762690,0.0
762691,0.0
762692,0.0
762693,0.0
762694,0.0
762695,0.0
762696,0.0
762697,0.0
762698,0.0
762699,0.0
762700,0.0
762701,0.0
762702,0.0
762703,0.0
762704,0.0
762705,0.0
762706,0.0
762707,0.0
762708,0.0
762709,0.0
762710,0.0
762711,0.0
762712,0.0
762713,0.0
762714,0.0
762715,0.0
762716,0.0
762717,0.0
762718,0.0
762719,0.0
762720,0.0
762721,0.0
762722,0.0
762723,0.0
762724,0.0
762725,0.0
762726,0.0
762727,0.0
762728,0.0
762729,0.0
762730,0.0
762731,0.0
762732,0.0
762733,0.0
762734,0.0
762735,0.0
762736,0.0
762737,0.0
762738,0.0
762739,0.0
762740,0.0
762741,0.0
762742,0.0
762743,0.0
762744,0.0
762745,0.0
762746,0.0
762747,0.0
762748,0.0
762749,0.0
762750,0.0
762751,0.0
762752,0.0
762753,0.0
762754,0.0
762755,0.0
762756,0.0
762757,0.0
762758,0.0
762759,0.0
762760,0.0
762761,0.0
762762,0.0
762763,0.0
762764,0.0
762765,0.0
762766,0.0
762767,0.0
762768,0.0
762769,0.0
762770,0.0
762771,0.0
762772,0.0
762773,0.0
762774,0.0
762775,0.0
762776,0.0
762777,0.0
762778,0.0
762779,0.0
762780,0.0
762781,0.0
762782,0.0
762783,0.0
762784,0.0
762785,0.0
762786,0.0
762787,0.0
762788,0.0
762789,0.0
762790,0.0
762791,0.0
762792,0.0
762793,0.0
762794,0.0
762795,0.0
762796,0.0
762797,0.0
762798,0.0
762799,0.0
762800,0.0
762801,0.0
762802,0.0
762803,0.0
762804,0.0
762805,0.0
762806,0.0
762807,0.0
762808,0.0
762809,0.0
762810,0.0
762811,0.0
762812,0.0
762813,0.0
762814,0.0
762815,0.0
762816,0.0
762817,0.0
762818,0.0
762819,0.0
762820,0.0
762821,0.0
762822,0.0
762823,0.0
762824,0.0
762825,0.0
762826,0.0
762827,0.0
762828,0.0
762829,0.0
762830,0.0
762831,0.0
762832,0.0
762833,0.0
762834,0.0
762835,0.0
762836,0.0
762837,0.0
762838,0.0
762839,0.0
762840,0.0
762841,0.0
762842,0.0
762843,0.0
762844,0.0
762845,0.0
762846,0.0
762847,0.0
762848,0.0
762849,0.0
762850,0.0
762851,0.0
762852,0.0
762853,0.0
762854,0.0
762855,0.0
762856,0.0
762857,0.0
762858,0.0
762859,0.0
762860,0.0
762861,0.0
762862,0.0
762863,0.0
762864,0.0
762865,0.0
762866,0.0
762867,0.0
762868,0.0
762869,0.0
762870,0.0
762871,0.0
762872,0.0
762873,0.0
762874,0.0
762875,0.0
762876,0.0
762877,0.0
762878,0.0
762879,0.0
762880,0.0
762881,0.0
762882,0.0
762883,0.0
762884,0.0
762885,0.0
762886,0.0
762887,0.0
762888,0.0
762889,0.0
762890,0.0
762891,0.0
762892,0.0
762893,0.0
762894,0.0
762895,0.0
762896,0.0
762897,0.0
762898,0.0
762899,0.0
762900,0.0
762901,0.0
762902,0.0
762903,0.0
762904,0.0
762905,0.0
762906,0.0
762907,0.0
762908,0.0
762909,0.0
762910,0.0
762911,0.0
762912,0.0
762913,0.0
762914,0.0
762915,0.0
762916,0.0
762917,0.0
762918,0.0
762919,0.0
762920,0.0
762921,0.0
762922,0.0
762923,0.0
762924,0.0
762925,0.0
762926,0.0
762927,0.0
762928,0.0
762929,0.0
762930,0.0
762931,0.0
762932,0.0
762933,0.0
762934,0.0
762935,0.0
762936,0.0
762937,0.0
762938,0.0
762939,0.0
762940,0.0
762941,0.0
762942,0.36242384
762943,0.0
762944,0.0
762945,0.0
762946,0.0
762947,0.0
762948,0.0
762949,0.0
762950,0.0
762951,0.0
762952,0.0
762953,0.0
762954,0.0
762955,0.0
762956,0.0
762957,0.0
762958,0.0
762959,0.0
762960,0.0
762961,0.0
762962,0.0
762963,0.0
762964,0.0
762965,0.0
762966,0.0
762967,0.0
762968,0.0
762969,0.0
762970,0.0
762971,0.0
762972,0.0
762973,0.0
762974,0.0
762975,0.0
762976,0.0
762977,0.0
762978,0.0
762979,0.0
762980,0.0
762981,0.0
762982,0.0
762983,0.0
762984,0.0
762985,0.0
762986,0.0
762987,0.0
762988,0.0
762989,0.0
762990,0.0
762991,0.0
762992,0.0
762993,0.0
762994,0.0
762995,0.0
762996,0.0
762997,0.0
762998,0.0
762999,0.0
763000,0.0
763001,0.0
763002,0.0
763003,0.0
763004,0.0
763005,0.0
763006,0.0
763007,0.0
763008,0.0
763009,0.0
763010,0.0
763011,0.0
763012,0.0
763013,0.0
763014,0.0
763015,0.0
763016,0.0
763017,0.0
763018,0.0
763019,0.0
763020,0.0
763021,0.0
763022,0.0
763023,0.0
763024,0.0
763025,0.0
763026,0.0
763027,2.820253e-16
763028,0.0
763029,0.0
763030,0.0
763031,0.0
763032,0.0
763033,0.0
763034,0.0
763035,0.0
763036,0.0
763037,0.0
763038,0.0
763039,0.0
763040,0.0
763041,0.0
763042,0.0
763043,0.0
763044,0.0
763045,0.0
763046,0.0
763047,0.0
763048,0.0
763049,0.0
763050,0.0
763051,0.0
763052,0.0
763053,0.0
763054,0.0
763055,0.0
763056,0.0
763057,0.0
763058,0.0
763059,0.0
763060,0.0
763061,9.638391e-16
763062,0.0
763063,0.0
763064,0.0
763065,0.0
763066,0.0
763067,0.0
763068,0.0
763069,0.0
763070,0.0
763071,0.0
763072,0.0
763073,0.0
763074,0.0
763075,0.0
763076,0.0
763077,0.0
763078,0.0
763079,0.0
763080,0.0
763081,0.0
763082,0.0
763083,0.0
763084,0.0
763085,0.0
763086,0.0
763087,0.0
763088,0.0
763089,0.0
763090,0.0
763091,0.0
763092,0.0
763093,0.0
763094,0.0
763095,0.0
763096,0.0
763097,0.0
763098,0.0
763099,0.0
763100,0.0
763101,0.0
763102,0.0
763103,0.0
763104,0.0
763105,0.0
763106,0.0
763107,0.0
763108,0.0
763109,0.0
763110,0.0
763111,0.0
763112,0.0
763113,0.0
763114,0.0
763115,0.0
763116,0.0
763117,0.0
763118,0.0
763119,0.0
763120,0.0
763121,0.0
763122,0.0
763123,0.0
763124,0.0
763125,0.0
763126,0.0
763127,0.0
763128,0.0
763129,8.131809e-11
763130,0.0
763131,0.0
763132,0.0
763133,0.0
763134,0.0
763135,0.0
763136,0.0
763137,0.0
763138,0.0
763139,0.0
763140,0.0
763141,0.0
763142,0.0
763143,0.0
763144,0.0
763145,0.0
763146,0.0
763147,0.0
763148,0.0
763149,0.0
763150,0.0
763151,0.0
763152,0.0
763153,0.0
763154,0.0
763155,0.0
763156,0.0
763157,0.0
763158,0.0
763159,0.34562984
763160,0.0
763161,0.0
763162,0.0
763163,0.0
763164,0.0
763165,0.0
763166,0.0
763167,0.0
763168,0.0
763169,0.0
763170,0.0
763171,0.0
763172,0.0
763173,0.0
763174,0.0
763175,0.0
763176,0.0
763177,0.0
763178,0.0
763179,0.0
763180,0.0
763181,0.0
763182,0.0
763183,0.0
763184,0.0
763185,0.0
763186,0.0
763187,0.0
763188,0.0
763189,0.0
763190,0.0
763191,0.0
763192,0.0
763193,0.0
763194,0.0
763195,0.0
763196,0.0
763197,0.0
763198,0.0
763199,0.0
763200,0.0
763201,0.0
763202,0.0
763203,0.0
763204,0.0
763205,0.0
763206,0.0
763207,0.0
763208,0.0
763209,0.0
763210,0.0
763211,0.0
763212,0.0
763213,0.0
763214,0.0
763215,0.0
763216,0.0
763217,0.0
763218,0.0
763219,0.0
763220,0.0
763221,0.0
763222,0.0
763223,0.0
763224,0.0
763225,0.0
763226,0.0
763227,0.0
763228,0.44809347
763229,0.0
763230,0.0
763231,0.0
763232,0.0
763233,0.0
763234,0.0
763235,0.0
763236,0.0
763237,0.0
763238,0.0
763239,0.0
763240,0.0
763241,0.0
763242,0.0
763243,0.0
763244,0.0
763245,0.0
763246,0.0
763247,0.0
763248,0.0
763249,0.0
763250,0.0
763251,0.0
763252,0.0
763253,0.0
763254,0.0
763255,0.0
763256,0.0
763257,0.0
763258,0.0
763259,0.0
763260,0.0
763261,0.0
763262,1.03896766e-29
763263,0.0
763264,0.0
763265,0.0
763266,0.0
763267,0.0
763268,0.0
763269,0.0
763270,0.0
763271,0.0
763272,0.0
763273,0.0
763274,0.0
763275,0.0
763276,0.0
763277,0.0
763278,0.0
763279,0.0
763280,0.0
763281,0.0
763282,0.0
763283,0.0
763284,0.0
763285,0.0
763286,0.0
763287,0.0
763288,0.0
763289,0.0
763290,0.0
763291,0.0
763292,0.0
763293,0.0
763294,0.0
763295,0.0
763296,0.0
763297,0.0
763298,0.0
763299,0.0
763300,0.0
763301,0.0
763302,0.0
763303,0.0
763304,0.0
763305,0.0
763306,0.0
763307,0.0
763308,0.0
763309,0.0
763310,0.0
763311,0.0
763312,0.0
763313,0.0
763314,0.0
763315,0.0
763316,0.0
763317,0.0
763318,0.0
763319,0.0
763320,0.0
763321,0.0
763322,0.0
763323,0.0
763324,0.0
763325,0.0
763326,0.0
763327,0.0
763328,0.0
763329,0.0
763330,0.0
763331,0.0
763332,0.0
763333,0.0
763334,0.0
763335,0.0
763336,0.0
763337,0.0
763338,0.0
763339,0.0
763340,0.0
763341,0.0
763342,0.0
763343,0.0
763344,0.0
763345,0.0
763346,0.0
763347,0.0
763348,0.0
763349,0.0
763350,0.0
763351,0.0
763352,0.0
763353,0.0
763354,0.0
763355,0.0
763356,0.0
763357,0.0
763358,0.0
763359,0.0
763360,0.0
763361,0.0
763362,0.0
763363,0.0
763364,0.0
763365,0.0
763366,0.0
763367,0.0
763368,0.0
763369,0.0
763370,0.0
763371,0.0
763372,0.0
763373,0.0
763374,0.0
763375,0.0
763376,0.0
763377,0.0
763378,0.0
763379,0.0
763380,1.0254994e-17
763381,0.0
763382,0.0
763383,0.0
763384,0.0
763385,0.0
763386,0.0
763387,0.0
763388,0.0
763389,0.0
763390,0.0
763391,0.0
763392,0.0
763393,0.0
763394,0.0
763395,0.0
763396,0.0
763397,0.0
763398,0.0
763399,0.0
763400,0.0
763401,0.0
763402,0.0
763403,0.0
763404,0.0
763405,0.0
763406,0.0
763407,0.0
763408,0.0
763409,0.0
763410,0.0
763411,0.0
763412,0.0
763413,0.0
763414,0.0
763415,0.0
763416,0.0
763417,0.0
763418,0.0
763419,0.0
763420,0.0
763421,0.0
763422,0.0
763423,0.0
763424,0.0
763425,0.0
763426,0.0
763427,0.0
763428,0.0
763429,0.0
763430,0.0
763431,0.0
763432,0.0
763433,0.0
763434,0.0
763435,0.0
763436,0.0
763437,0.0
763438,0.0
763439,0.0
763440,0.0
763441,0.0
763442,0.0
763443,0.0
763444,0.0
763445,0.0
763446,0.0
763447,0.0
763448,0.0
763449,0.0
763450,0.0
763451,0.0
763452,0.0
763453,0.0
763454,0.0
763455,0.0
763456,0.0
763457,0.0
763458,0.0
763459,0.0
763460,0.0
763461,0.0
763462,0.0
763463,0.0
763464,0.0
763465,0.0
763466,0.0
763467,0.0
763468,0.0
763469,0.0
763470,0.0
763471,0.0
763472,0.0
763473,0.0
763474,0.0
763475,0.0
763476,0.0
763477,0.0
763478,0.0
763479,0.0
763480,0.0
763481,0.0
763482,0.0
763483,0.0
763484,0.0
763485,0.0
763486,0.057768587
763487,0.0
763488,0.0
763489,0.0
763490,0.0
763491,0.0
763492,0.0
763493,0.0
763494,0.0
763495,0.0
763496,0.0
763497,0.0
763498,0.0
763499,0.0
763500,0.0
763501,0.0
763502,0.0
763503,0.0
763504,0.0
763505,0.0
763506,0.0
763507,0.0
763508,0.0
763509,0.0
763510,0.0
763511,0.0
763512,0.0
763513,0.0
763514,0.0
763515,0.0
763516,0.0
763517,0.0
763518,0.0
763519,0.0
763520,0.0
763521,0.0
763522,0.0
763523,0.0
763524,0.0
763525,0.0
763526,0.0
763527,0.0
763528,0.0
763529,0.0
763530,0.0
763531,0.0
763532,0.0
763533,0.0
763534,0.0
763535,0.0
763536,0.0
763537,0.0
763538,0.0
763539,0.0
763540,0.0
763541,0.0
763542,0.0
763543,0.0
763544,0.0
763545,0.0
763546,0.0
763547,0.0
763548,0.0
763549,0.0
763550,0.0
763551,0.0
763552,0.0
763553,0.0
763554,0.0
763555,0.0
763556,0.0
763557,0.0
763558,0.0
763559,0.0
763560,0.0
763561,0.0
763562,0.0
763563,0.0
763564,0.0
763565,0.0
763566,0.0
763567,0.0
763568,0.0
763569,0.0
763570,0.0
763571,0.0
763572,0.0
763573,0.0
763574,0.0
763575,0.0
763576,0.0
763577,0.0
763578,0.0
763579,0.0
763580,0.0
763581,0.0
763582,0.0
763583,0.0
763584,0.0
763585,0.0
763586,0.0
763587,0.0
763588,0.0
763589,0.0
763590,0.0
763591,0.0
763592,0.0
763593,0.0
763594,0.0
763595,0.0
763596,0.0
763597,0.0
763598,0.0
763599,0.0
763600,0.0
763601,0.0
763602,0.0
763603,0.0
763604,0.0
763605,0.0
763606,0.0
763607,0.0
763608,0.0
763609,0.0
763610,0.0
763611,0.0
763612,0.0
763613,0.0
763614,0.0
763615,0.0
763616,0.0
763617,0.0
763618,0.0
763619,0.0
763620,0.0
763621,0.0
763622,0.0
763623,0.0
763624,0.0
763625,0.0
763626,0.0
763627,0.0
763628,0.0
763629,0.0
763630,0.0
763631,0.0
763632,0.0
763633,0.0
763634,0.0
763635,0.0
763636,0.0
763637,0.0
763638,0.0
763639,0.0
763640,0.0
763641,0.0
763642,0.0
763643,0.0
763644,0.0
763645,0.0
763646,0.0
763647,0.0
763648,0.0
763649,0.0
763650,0.0
763651,0.0
763652,0.0
763653,0.0
763654,0.0
763655,0.0
763656,0.0
763657,0.0
763658,0.0
763659,0.0
763660,0.0
763661,0.0
763662,0.0
763663,0.0
763664,0.0
763665,0.0
763666,0.0
763667,0.0
763668,0.0
763669,0.0
763670,0.0
763671,0.0
763672,0.0
763673,0.0
763674,0.0
763675,0.0
763676,0.0
763677,0.0
763678,0.0
763679,0.0
763680,0.0
763681,0.0
763682,0.0
763683,0.0
763684,0.0
763685,0.0
763686,0.0
763687,0.0
763688,0.0
763689,0.0
763690,0.0
763691,0.0
763692,0.0
763693,0.0
763694,0.0
763695,0.0
763696,0.0
763697,0.0
763698,0.0
763699,0.0
763700,0.0
763701,0.0
763702,0.0
763703,0.0
763704,0.0
763705,0.0
763706,0.0
763707,0.0
763708,0.0
763709,0.0
763710,0.0
763711,0.0
763712,0.0
763713,1.0472229e-24
763714,0.0
763715,0.0
763716,0.0
763717,0.0
763718,0.0
763719,0.0
763720,0.0
763721,0.0
763722,0.0
763723,0.0
763724,0.0
763725,0.0
763726,0.0
763727,0.0
763728,0.0
763729,0.0
763730,0.0
763731,0.0
763732,0.0
763733,0.0
763734,0.0
763735,0.0
763736,0.0
763737,0.0
763738,0.0
763739,0.0
763740,0.0
763741,0.0
763742,0.0
763743,0.0
763744,0.0
763745,0.0
763746,0.0
763747,0.0
763748,0.0
763749,0.0
763750,0.0
763751,0.0
763752,0.0
763753,0.0
763754,0.0
763755,0.0
763756,0.0
763757,0.0
763758,0.0
763759,0.0
763760,0.0
763761,0.0
763762,0.0
763763,0.0
763764,0.0
763765,0.0
763766,0.0
763767,0.0
763768,6.5627285e-07
763769,0.0
763770,0.0
763771,0.0
763772,0.0
763773,0.0
763774,0.0
763775,0.0
763776,0.0
763777,0.0
763778,0.0
763779,0.0
763780,0.0
763781,0.0
763782,0.0
763783,0.0
763784,0.0
763785,0.0
763786,3.0191117e-20
763787,0.0
763788,0.0
763789,0.0
763790,0.0
763791,0.0
763792,0.0
763793,0.0
763794,0.0
763795,0.0
763796,0.0
763797,0.0
763798,0.0
763799,0.0
763800,0.0
763801,0.0
763802,0.0
763803,0.0
763804,0.0
763805,0.0
763806,0.0
763807,0.0
763808,0.0
763809,0.0
763810,0.0
763811,0.0
763812,0.0
763813,0.0
763814,0.0
763815,0.0
763816,0.0
763817,0.0
763818,0.0
763819,0.0
763820,0.0
763821,0.0
763822,0.0
763823,0.0
763824,0.0
763825,0.0
763826,0.0
763827,0.0
763828,0.0
763829,0.0
763830,0.0
763831,0.0
763832,0.0
763833,0.0
763834,0.0
763835,0.0
763836,0.0
763837,0.0
763838,0.0
763839,0.0
763840,0.0
763841,0.0
763842,0.0
763843,0.0
763844,0.0
763845,0.0
763846,0.0
763847,0.0
763848,0.0
763849,0.0
763850,0.0
763851,0.0
763852,0.0
763853,0.0
763854,0.0
763855,0.0
763856,0.0
763857,0.0
763858,0.0
763859,0.0
763860,0.0
763861,0.0
763862,0.0
763863,0.0
763864,0.0
763865,0.0
763866,0.0
763867,0.0
763868,0.0
763869,0.0
763870,0.0
763871,0.0
763872,0.0
763873,0.0
763874,0.0
763875,0.0
763876,0.0
763877,0.0
763878,0.0
763879,0.0
763880,0.0
763881,0.0
763882,0.0
763883,0.0
763884,0.0
763885,0.0
763886,0.0
763887,0.0
763888,0.0
763889,0.0
763890,0.0
763891,0.0
763892,0.0
763893,0.0
763894,0.0
763895,0.0
763896,0.0
763897,0.0
763898,0.0
763899,0.0
763900,0.0
763901,0.0
763902,0.0
763903,0.0
763904,0.0
763905,0.0
763906,0.0
763907,0.0
763908,0.0
763909,0.0
763910,0.0
763911,0.0
763912,0.0
763913,0.0
763914,0.0
763915,0.0
763916,0.0
763917,0.0
763918,0.0
763919,0.0
763920,0.0
763921,0.0
763922,0.0
763923,0.0
763924,0.0
763925,0.0
763926,0.0
763927,0.0
763928,0.0
763929,0.0
763930,0.0
763931,0.0
763932,0.0
763933,0.0
763934,0.0
763935,0.0
763936,0.0
763937,0.0
763938,0.0
763939,0.0
763940,0.0
763941,0.0
763942,0.0
763943,0.0
763944,0.0
763945,0.0
763946,0.0
763947,0.0
763948,0.0
763949,0.0
763950,0.0
763951,0.0
763952,0.0
763953,0.0
763954,0.0
763955,0.0
763956,0.0
763957,0.0
763958,0.0
763959,0.0
763960,0.0
763961,0.0
763962,0.0
763963,0.0
763964,0.0
763965,0.0
763966,0.0
763967,0.0
763968,0.0
763969,0.0
763970,0.0
763971,7.323162e-06
763972,0.0
763973,0.0
763974,0.0
763975,0.0
763976,0.0
763977,0.0
763978,0.0
763979,0.0
763980,0.0
763981,0.0
763982,0.0
763983,0.0
763984,0.0
763985,0.0
763986,0.0
763987,0.0
763988,0.0
763989,0.0
763990,0.0
763991,0.0
763992,0.0
763993,0.0
763994,0.0
763995,0.0
763996,0.0
763997,0.0
763998,0.0
763999,0.0
764000,0.0
764001,0.0
764002,0.0
764003,0.0
764004,0.0
764005,0.0
764006,0.0
764007,0.0
764008,0.0
764009,0.0
764010,0.0
764011,0.0
764012,0.0
764013,0.0
764014,0.0
764015,0.0
764016,0.0
764017,0.0
764018,0.0
764019,0.0
764020,0.0
764021,0.0
764022,0.0
764023,0.0
764024,0.0
764025,0.026018865
764026,0.0
764027,0.0
764028,0.0
764029,0.0
764030,0.0
764031,0.0
764032,0.0
764033,0.0
764034,0.0
764035,0.0
764036,0.0
764037,0.0
764038,0.0
764039,0.0
764040,0.0
764041,0.0
764042,0.0
764043,0.0
764044,0.0
764045,0.0
764046,0.0
764047,0.0
764048,0.0
764049,0.0
764050,0.0
764051,0.0
764052,0.0
764053,0.0
764054,0.0
764055,0.0
764056,0.0
764057,0.0
764058,0.0
764059,0.0
764060,0.0
764061,0.0
764062,0.0
764063,0.0
764064,0.0
764065,0.0
764066,0.0
764067,0.0
764068,0.0
764069,0.0
764070,0.0
764071,0.0
764072,0.0
764073,0.0
764074,0.0
764075,0.0
764076,0.0
764077,0.0
764078,0.0
764079,0.0
764080,0.0
764081,0.0
764082,0.0
764083,0.0
764084,0.0
764085,0.0
764086,0.0
764087,0.0
764088,0.0
764089,0.0
764090,0.0
764091,0.0
764092,0.0
764093,0.0
764094,0.0
764095,0.0
764096,0.0
764097,0.0
764098,0.0
764099,0.0
764100,0.0
764101,0.0
764102,0.0
764103,0.0
764104,0.0
764105,0.0
764106,0.0
764107,0.0
764108,0.0
764109,0.0
764110,0.0
764111,0.0
764112,0.0
764113,0.0
764114,0.0
764115,0.0
764116,0.0
764117,0.0
764118,0.0
764119,0.0
764120,0.0
764121,0.0
764122,0.0
764123,0.0
764124,0.0
764125,0.0
764126,0.0
764127,0.0
764128,0.0
764129,0.0
764130,0.0
764131,0.0
764132,1.9210467e-30
764133,0.0
764134,0.0
764135,0.0
764136,0.0
764137,0.0
764138,0.0
764139,0.0
764140,0.0
764141,0.0
764142,0.0
764143,0.0
764144,0.0
764145,0.0
764146,0.0
764147,0.0
764148,0.0
764149,0.0
764150,0.0
764151,0.0
764152,0.0
764153,0.0
764154,0.0
764155,0.0
764156,0.0
764157,0.0
764158,0.0
764159,0.0
764160,0.0
764161,0.0
764162,0.0
764163,0.0
764164,0.0
764165,0.0
764166,0.0
764167,0.0
764168,0.0
764169,0.0
764170,0.0
764171,0.0
764172,0.0
764173,0.0
764174,0.0
764175,0.0
764176,0.0
764177,0.0
764178,0.0
764179,0.0
764180,0.0
764181,0.0
764182,0.0
764183,0.0
764184,0.0
764185,0.0
764186,0.0
764187,0.0
764188,0.0
764189,0.0
764190,0.0
764191,0.0
764192,0.0
764193,0.0
764194,0.0
764195,0.0
764196,0.0
764197,0.0
764198,0.0
764199,0.0
764200,0.0
764201,0.0
764202,0.0
764203,0.0
764204,0.0
764205,0.0
764206,0.0
764207,0.0
764208,8.197757e-08
764209,0.0
764210,0.0
764211,0.0
764212,0.0
764213,0.0
764214,0.0
764215,0.0
764216,0.0
764217,0.0
764218,7.0067575e-18
764219,0.0
764220,0.0
764221,0.0
764222,0.0
764223,0.0
764224,0.0
764225,0.0
764226,0.0
764227,0.0
764228,0.0
764229,0.0
764230,0.0
764231,0.0
764232,0.0
764233,0.0
764234,0.0
764235,0.0
764236,0.0
764237,0.0
764238,0.0
764239,0.0
764240,0.0
764241,0.0
764242,0.08445844
764243,0.0
764244,0.0
764245,0.0
764246,0.0
764247,0.0
764248,0.0
764249,0.0
764250,0.0
764251,0.0
764252,0.0
764253,0.0
764254,0.0
764255,0.0
764256,0.0
764257,0.0
764258,0.0
764259,0.0
764260,0.0
764261,0.0
764262,0.0
764263,0.0
764264,0.0
764265,0.0
764266,0.0
764267,0.0
764268,0.0
764269,0.0
764270,0.0
764271,0.0
764272,0.0
764273,0.0
764274,0.0
764275,0.0
764276,0.0
764277,0.0
764278,0.0
764279,0.0
764280,0.0
764281,0.0
764282,0.0
764283,0.0
764284,0.0
764285,0.0
764286,0.0
764287,0.0
764288,0.0
764289,0.0
764290,0.0
764291,0.0
764292,0.0
764293,0.0
764294,0.0
764295,0.0
764296,0.0
764297,0.0
764298,0.0
764299,0.0
764300,0.0
764301,0.0
764302,0.0
764303,0.0
764304,0.0
764305,0.0
764306,0.0
764307,0.0
764308,0.0
764309,0.0
764310,0.0
764311,0.0
764312,0.0
764313,0.0
764314,4.9373298e-30
764315,0.0
764316,0.0
764317,0.0
764318,0.0
764319,0.0
764320,0.0
764321,0.0
764322,0.0
764323,0.0
764324,0.0
764325,0.0
764326,0.0
764327,0.0
764328,0.0
764329,0.0
764330,0.0
764331,0.0
764332,0.0
764333,0.0
764334,0.0
764335,0.0
764336,0.0
764337,0.0
764338,0.0
764339,0.0
764340,0.0
764341,0.0
764342,0.0
764343,0.0
764344,0.0
764345,0.0
764346,0.0
764347,0.0
764348,0.0
764349,0.0
764350,0.0
764351,0.0
764352,0.0
764353,0.0
764354,0.0
764355,0.0
764356,0.0
764357,0.0
764358,0.0
764359,0.0
764360,0.0
764361,0.0
764362,0.0
764363,0.0
764364,0.0
764365,0.0
764366,0.0
764367,0.0
764368,0.0
764369,0.0
764370,0.0
764371,0.0
764372,0.0
764373,0.0
764374,0.0
764375,0.0
764376,0.0
764377,0.0
764378,0.0
764379,0.0
764380,0.0
764381,0.0
764382,0.0
764383,0.0
764384,0.0
764385,0.0
764386,0.0
764387,0.038674373
764388,0.0
764389,0.0
764390,0.0
764391,0.0
764392,0.0
764393,0.0
764394,0.0
764395,0.0
764396,0.0
764397,0.0
764398,0.0
764399,0.0
764400,0.0
764401,0.0
764402,0.0
764403,0.0
764404,0.0
764405,0.0
764406,0.0
764407,0.0
764408,0.0
764409,0.0
764410,0.0
764411,0.0
764412,0.0
764413,0.0
764414,0.0
764415,0.0
764416,0.0
764417,0.0
764418,0.0
764419,0.0
764420,0.0
764421,0.0
764422,0.0
764423,0.0
764424,0.0
764425,0.0
764426,0.0
764427,0.0
764428,0.0
764429,0.0
764430,0.0
764431,0.0
764432,0.0
764433,0.0
764434,0.0
764435,0.0
764436,0.0
764437,0.0
764438,0.0
764439,0.0
764440,0.0
764441,0.0
764442,0.0
764443,0.0
764444,0.0
764445,0.0
764446,0.0
764447,0.0
764448,0.0
764449,0.0
764450,0.0
764451,0.0
764452,0.0
764453,0.0
764454,0.0
764455,0.0
764456,0.0
764457,0.0
764458,0.0
764459,0.0
764460,0.0
764461,0.0
764462,0.0
764463,0.0
764464,0.0
764465,0.0
764466,0.0
764467,0.0
764468,0.0
764469,0.0
764470,0.0
764471,0.0
764472,0.0
764473,0.0
764474,0.0
764475,0.0
764476,0.0
764477,0.0
764478,0.0
764479,0.36242384
764480,0.0
764481,0.0
764482,0.0
764483,0.0
764484,0.0
764485,0.0
764486,0.0
764487,0.0
764488,0.0
764489,0.0
764490,0.0
764491,0.0
764492,0.0
764493,0.0
764494,0.0
764495,0.0
764496,0.0
764497,0.0
764498,0.0
764499,0.0
764500,0.0
764501,0.0
764502,0.0
764503,0.0
764504,0.0
764505,0.0
764506,0.0
764507,0.0
764508,0.0
764509,0.0
764510,0.0
764511,0.0
764512,0.0
764513,0.0
764514,0.0
764515,0.0
764516,0.0
764517,0.0
764518,0.0
764519,0.0
764520,0.0
764521,0.0
764522,0.0
764523,0.0
764524,0.0
764525,0.0
764526,0.0
764527,0.0
764528,0.0
764529,0.0
764530,0.0
764531,0.0
764532,0.0
764533,0.0
764534,0.0
764535,0.0
764536,0.0
764537,0.0
764538,0.0
764539,0.0
764540,0.0
764541,0.0
764542,0.0
764543,0.0
764544,0.0
764545,0.0
764546,0.0
764547,0.0
764548,0.0
764549,0.0
764550,0.0
764551,0.0
764552,0.0
764553,0.0
764554,0.0
764555,0.0
764556,0.0
764557,0.0
764558,0.0
764559,0.0
764560,0.0
764561,0.0
764562,0.0
764563,0.0
764564,0.0
764565,0.0
764566,0.0
764567,0.0
764568,0.0
764569,0.0
764570,0.0
764571,0.0
764572,0.0
764573,0.0
764574,0.0
764575,0.0
764576,0.0
764577,0.0
764578,0.0
764579,0.0
764580,0.0
764581,0.0
764582,0.0
764583,0.0
764584,0.0
764585,0.0
764586,0.0
764587,0.0
764588,0.0
764589,0.0
764590,0.0
764591,0.0
764592,0.0
764593,0.0
764594,0.0
764595,0.0
764596,0.0
764597,0.0
764598,0.0
764599,0.0
764600,0.0
764601,0.0
764602,0.0
764603,0.0
764604,0.0
764605,0.0
764606,0.0
764607,0.0
764608,0.0
764609,0.0
764610,0.0
764611,0.0
764612,0.0
764613,0.0
764614,0.0
764615,0.0
764616,0.0
764617,0.0
764618,0.0
764619,0.0
764620,0.0
764621,0.0
764622,0.0
764623,0.0
764624,0.0
764625,0.0
764626,0.0
764627,0.0
764628,0.0
764629,0.0
764630,0.0
764631,0.0
764632,0.0
764633,0.0
764634,0.0
764635,0.0
764636,0.0
764637,0.0
764638,0.0
764639,0.0
764640,0.0
764641,0.0
764642,0.0
764643,0.0
764644,0.0
764645,0.0
764646,0.0
764647,0.0
764648,0.0
764649,0.0
764650,0.0
764651,0.0
764652,0.0
764653,0.0
764654,0.0
764655,0.0
764656,0.0
764657,0.0
764658,0.0
764659,0.0
764660,0.0
764661,0.0
764662,0.0
764663,0.0
764664,0.0
764665,0.0
764666,0.0
764667,0.0
764668,0.0
764669,0.0
764670,0.0
764671,0.0
764672,0.0
764673,0.0
764674,0.0
764675,0.0
764676,0.0
764677,0.0
764678,0.0
764679,0.0
764680,0.0
764681,0.0
764682,0.0
764683,0.0
764684,0.0
764685,0.0
764686,0.0
764687,0.0
764688,0.0
764689,0.0
764690,0.0
764691,0.0
764692,0.0
764693,0.0
764694,0.0
764695,0.0
764696,0.0
764697,0.0
764698,0.0
764699,0.0
764700,0.0
764701,0.0
764702,0.0
764703,0.0
764704,0.0
764705,0.0
764706,0.0
764707,0.0
764708,0.0
764709,0.0
764710,0.0
764711,0.0
764712,0.0
764713,0.0
764714,0.0
764715,0.0
764716,0.0
764717,0.0
764718,0.0
764719,0.0
764720,0.0
764721,0.0
764722,0.0
764723,0.0
764724,6.902985e-06
764725,0.0
764726,0.0
764727,0.0
764728,0.0
764729,0.0
764730,0.0
764731,0.0
764732,0.0
764733,0.0
764734,0.0
764735,0.0
764736,0.0
764737,0.0
764738,0.0
764739,0.0
764740,0.0
764741,0.0
764742,0.0
764743,0.0
764744,0.0
764745,0.0
764746,0.0
764747,0.0
764748,0.0
764749,0.0
764750,0.0
764751,0.0
764752,0.0
764753,0.0
764754,0.0
764755,0.0
764756,0.0
764757,0.0
764758,0.0
764759,0.0
764760,0.0
764761,0.0
764762,0.0
764763,0.0
764764,0.0
764765,0.0
764766,0.0
764767,0.0
764768,0.0
764769,0.0
764770,0.0
764771,0.0
764772,0.0
764773,0.0
764774,0.0
764775,0.0
764776,0.0
764777,0.0
764778,0.0
764779,0.0
764780,0.0
764781,0.0
764782,0.0
764783,0.0
764784,0.0
764785,0.0
764786,0.0
764787,0.0
764788,0.0
764789,0.0
764790,0.0
764791,0.0
764792,0.0
764793,0.0
764794,0.0
764795,0.0
764796,0.0
764797,0.0
764798,0.0
764799,0.0
764800,0.0
764801,0.0
764802,0.0
764803,0.0
764804,0.0
764805,0.0
764806,0.0
764807,0.0
764808,0.0
764809,0.0
764810,0.0
764811,0.0
764812,0.0
764813,0.0
764814,0.0
764815,0.0
764816,0.0
764817,0.0
764818,0.0
764819,0.0
764820,0.0
764821,0.0
764822,0.0
764823,0.0
764824,0.0
764825,0.0
764826,0.0
764827,0.0
764828,0.0
764829,0.0
764830,0.0
764831,0.0
764832,0.0
764833,0.0
764834,0.0
764835,0.0
764836,0.0
764837,0.0
764838,0.0
764839,0.0
764840,0.0
764841,0.0
764842,0.0
764843,0.0
764844,0.0
764845,0.0
764846,0.0
764847,0.0
764848,0.0
764849,0.0
764850,0.0
764851,0.0
764852,0.0
764853,0.0
764854,0.0
764855,0.0
764856,0.0
764857,0.0
764858,0.0
764859,0.0
764860,0.0
764861,0.0
764862,0.0
764863,0.0
764864,0.0
764865,0.0
764866,0.0
764867,0.0
764868,0.0
764869,0.0
764870,0.0
764871,0.0
764872,0.0
764873,0.0
764874,0.0
764875,0.0
764876,0.0
764877,0.0
764878,0.0
764879,0.0
764880,0.0
764881,0.0
764882,0.0
764883,0.0
764884,0.0
764885,0.0
764886,0.0
764887,0.0
764888,0.0
764889,0.0
764890,0.0
764891,0.0
764892,0.0
764893,0.0
764894,0.0
764895,0.0
764896,0.0
764897,0.0
764898,0.0
764899,0.0
764900,0.0
764901,0.0
764902,0.0
764903,0.0
764904,0.0
764905,0.0
764906,0.0
764907,0.0
764908,0.0
764909,0.0
764910,0.0
764911,0.0
764912,0.0
764913,0.0
764914,0.0
764915,0.0
764916,0.0
764917,0.0
764918,0.0
764919,0.0
764920,3.8627375e-29
764921,0.0
764922,0.0
764923,0.0
764924,0.0
764925,0.0
764926,0.0
764927,0.0
764928,0.0
764929,0.0
764930,0.0
764931,0.0
764932,0.0
764933,0.0
764934,0.0
764935,0.0
764936,0.0
764937,0.0
764938,0.0
764939,0.0
764940,0.0
764941,0.0
764942,0.0
764943,0.0
764944,0.0
764945,0.0
764946,0.0
764947,0.0
764948,0.0
764949,0.0
764950,0.0
764951,0.0
764952,0.0
764953,0.0
764954,0.0
764955,0.0
764956,0.0
764957,0.0
764958,0.0
764959,0.0
764960,0.0
764961,0.0
764962,0.0
764963,0.0
764964,0.0
764965,0.0
764966,0.0
764967,0.0
764968,0.0
764969,0.0
764970,0.0
764971,0.0
764972,0.0
764973,0.0
764974,0.0
764975,0.0
764976,0.0
764977,0.0
764978,0.0
764979,0.0
764980,0.0
764981,0.0
764982,0.0
764983,0.0
764984,0.0
764985,0.0
764986,0.0
764987,0.0
764988,0.0
764989,0.0
764990,0.0
764991,0.0
764992,0.0
764993,0.0
764994,0.0
764995,0.0
764996,0.0
764997,0.0
764998,0.0
764999,0.0
765000,0.0
765001,0.0
765002,0.0
765003,0.0
765004,0.0
765005,0.0
765006,0.0
765007,0.0
765008,0.0
765009,0.0
765010,0.0
765011,0.0
765012,0.0
765013,0.0
765014,0.0
765015,0.0
765016,0.0
765017,0.0
765018,0.0
765019,0.0
765020,0.0
765021,0.0
765022,0.0
765023,0.0
765024,0.0
765025,0.0
765026,0.0
765027,0.0
765028,0.0
765029,0.0
765030,0.0
765031,0.0
765032,0.0
765033,0.0
765034,0.0
765035,0.0
765036,0.0
765037,0.0
765038,0.0
765039,0.0
765040,0.0
765041,0.0
765042,0.0
765043,0.0
765044,0.0
765045,0.0
765046,0.0
765047,0.0
765048,0.0
765049,0.0
765050,0.0
765051,1.17580735e-26
765052,0.0
765053,0.0
765054,0.0
765055,0.0
765056,0.0
765057,0.0
765058,0.0
765059,0.0
765060,0.0
765061,0.0
765062,0.0
765063,0.0
765064,0.0
765065,0.0
765066,0.0
765067,0.0
765068,0.0
765069,0.0
765070,0.0
765071,0.0
765072,0.0
765073,0.0
765074,0.0
765075,0.0
765076,0.0
765077,0.0
765078,0.0
765079,0.0
765080,0.0
765081,0.0
765082,0.0
765083,0.0
765084,0.0
765085,0.0
765086,0.0
765087,0.0
765088,0.0
765089,0.0
765090,0.0
765091,0.0
765092,0.0
765093,0.0
765094,0.0
765095,0.0
765096,0.0
765097,0.0
765098,0.0
765099,0.0
765100,0.0013407838
765101,0.0
765102,0.0
765103,0.0
765104,0.0
765105,0.0
765106,0.0
765107,0.0
765108,0.0
765109,0.0
765110,0.0
765111,0.0
765112,0.0
765113,0.0
765114,0.0
765115,0.0
765116,0.0
765117,0.0
765118,0.0
765119,0.0
765120,0.0
765121,0.0
765122,0.0
765123,0.0
765124,0.0
765125,0.0
765126,0.0
765127,0.0
765128,0.0
765129,0.0
765130,0.0
765131,0.0
765132,0.0
765133,0.0
765134,0.0
765135,0.0
765136,0.0
765137,0.0
765138,0.0
765139,0.0
765140,0.0
765141,0.0
765142,0.0
765143,0.0
765144,0.0
765145,0.0
765146,0.0
765147,0.0
765148,0.0
765149,0.0
765150,0.0
765151,0.0
765152,0.0
765153,0.0
765154,0.0
765155,0.0
765156,0.0
765157,0.13552983
765158,0.0
765159,0.0
765160,0.0
765161,0.0
765162,0.0
765163,0.0
765164,0.0
765165,0.0
765166,0.0
765167,0.0
765168,0.0
765169,0.0
765170,0.0
765171,0.0
765172,0.0
765173,0.0
765174,0.0
765175,0.0
765176,0.0
765177,0.0
765178,0.0
765179,0.0
765180,0.0
765181,0.0
765182,0.0
765183,0.0
765184,0.0
765185,0.0
765186,0.0
765187,0.0
765188,0.0
765189,0.0
765190,0.0
765191,0.0
765192,0.0
765193,0.0
765194,0.0
765195,0.0
765196,0.0
765197,0.0
765198,0.0
765199,0.0
765200,0.0
765201,0.0
765202,0.0
765203,0.0
765204,0.0
765205,0.0
765206,0.0
765207,0.0
765208,0.0
765209,0.0
765210,0.0
765211,0.0
765212,0.0
765213,0.0
765214,0.0
765215,0.0
765216,0.0
765217,0.0
765218,0.0
765219,0.0
765220,0.0
765221,0.0
765222,0.0
765223,0.0
765224,0.0
765225,0.0
765226,0.0
765227,0.0
765228,0.0
765229,0.0
765230,0.0
765231,0.0
765232,0.0
765233,0.0
765234,0.0
765235,0.0
765236,0.0
765237,0.0
765238,0.0
765239,0.0
765240,0.0
765241,0.0
765242,0.0
765243,0.0
765244,0.0
765245,0.0
765246,0.0
765247,0.0
765248,0.0
765249,0.0
765250,0.0
765251,0.0
765252,0.0
765253,0.0
765254,0.0
765255,0.0
765256,0.0
765257,0.0
765258,0.0
765259,0.0
765260,0.0
765261,0.0
765262,0.0
765263,0.0
765264,0.0
765265,0.0
765266,0.0
765267,0.0
765268,0.0
765269,0.0
765270,0.0
765271,0.0
765272,0.0
765273,0.0
765274,0.0
765275,0.0
765276,0.0
765277,0.0
765278,0.0
765279,0.0
765280,0.0
765281,0.0
765282,0.0
765283,0.0
765284,0.0
765285,0.0
765286,0.0
765287,0.0
765288,0.0
765289,0.0
765290,0.0
765291,0.0
765292,0.0
765293,0.0
765294,0.0
765295,0.0
765296,1.844906e-12
765297,0.0
765298,0.0
765299,0.0
765300,0.0
765301,0.0
765302,0.0
765303,0.0
765304,0.0
765305,0.0
765306,0.0
765307,0.0
765308,0.0
765309,0.0
765310,0.0
765311,0.0
765312,0.0
765313,0.0
765314,0.0
765315,0.0
765316,0.0
765317,0.0
765318,0.0
765319,0.0
765320,0.0
765321,0.0
765322,0.0
765323,0.0
765324,0.0
765325,0.0
765326,0.0
765327,0.0
765328,0.0
765329,0.0
765330,0.0
765331,0.0
765332,0.0
765333,0.0
765334,0.0
765335,0.0
765336,0.0
765337,0.0
765338,0.0
765339,0.0
765340,0.0
765341,0.0
765342,0.0
765343,0.0
765344,0.0
765345,0.0
765346,0.0
765347,0.0
765348,0.0
765349,0.0
765350,0.0
765351,0.0
765352,0.0
765353,0.0
765354,0.0
765355,0.0
765356,0.0
765357,0.0
765358,0.0
765359,0.0
765360,0.0
765361,0.0
765362,0.0
765363,0.0
765364,0.0
765365,0.0
765366,0.0
765367,0.0
765368,0.0
765369,0.0
765370,0.0
765371,0.0
765372,0.0
765373,0.0
765374,0.0
765375,0.0
765376,0.0
765377,0.0
765378,0.0
765379,0.0
765380,0.0
765381,0.0
765382,0.0
765383,0.0
765384,0.0
765385,0.0
765386,0.0
765387,0.0
765388,0.0
765389,0.0
765390,0.0
765391,0.0
765392,0.0
765393,0.0
765394,0.0
765395,0.0
765396,0.0
765397,0.0
765398,0.0
765399,0.0
765400,0.0
765401,0.0
765402,0.0
765403,0.0
765404,0.0
765405,0.0
765406,0.0
765407,0.0
765408,0.0
765409,0.0
765410,0.0
765411,0.0
765412,0.0
765413,0.0
765414,0.0
765415,0.0
765416,0.0
765417,0.0
765418,0.0
765419,0.0
765420,0.0
765421,0.0
765422,0.0
765423,0.0
765424,0.0
765425,0.0
765426,0.0
765427,0.0
765428,0.0
765429,0.0
765430,0.0
765431,0.0
765432,0.0
765433,0.0
765434,0.0
765435,0.0
765436,0.0
765437,0.0
765438,0.0
765439,0.0
765440,0.0
765441,0.0
765442,0.0
765443,0.0
765444,0.0
765445,7.0720955e-05
765446,0.0
765447,0.0
765448,0.0
765449,0.0
765450,0.0
765451,0.0
765452,0.0
765453,0.0
765454,0.0
765455,0.0
765456,0.0
765457,0.0
765458,0.0
765459,0.0
765460,0.0
765461,0.0
765462,0.0
765463,0.0
765464,0.0
765465,0.0
765466,0.0
765467,0.0
765468,0.0
765469,0.0
765470,0.0
765471,0.0
765472,0.0
765473,0.0
765474,0.0
765475,0.0
765476,0.0
765477,0.0
765478,0.0
765479,0.0
765480,0.0
765481,0.0
765482,0.0
765483,0.0
765484,0.0
765485,0.0
765486,0.0142395105
765487,0.0
765488,0.0
765489,0.0
765490,0.0
765491,0.0
765492,0.0
765493,0.0
765494,0.0
765495,0.0
765496,0.0
765497,0.0
765498,0.0
765499,0.0
765500,0.0
765501,0.0
765502,0.0
765503,0.0
765504,0.0
765505,0.0
765506,0.0
765507,0.0
765508,0.0
765509,0.0
765510,0.0
765511,0.0
765512,0.0
765513,0.0
765514,0.0
765515,0.0
765516,0.0
765517,0.0
765518,0.0
765519,0.0
765520,0.0
765521,0.0
765522,0.0
765523,0.0
765524,0.0
765525,0.0
765526,0.0
765527,0.0
765528,0.0
765529,0.0
765530,0.0
765531,0.0
765532,0.0
765533,0.0
765534,0.0
765535,0.0
765536,0.0
765537,0.0
765538,0.0
765539,0.0
765540,0.0
765541,0.0
765542,0.0
765543,0.0
765544,0.0
765545,0.0
765546,0.0
765547,0.0
765548,0.0
765549,0.0
765550,0.0
765551,0.0
765552,0.0
765553,0.0
765554,0.0
765555,0.0
765556,0.0
765557,0.0
765558,0.0
765559,0.0
765560,0.0
765561,0.0
765562,0.0
765563,0.0
765564,0.0
765565,0.0
765566,0.0
765567,0.0
765568,0.0
765569,0.0
765570,0.0
765571,0.0
765572,0.0
765573,0.0
765574,0.0
765575,0.0
765576,0.0
765577,0.0
765578,0.0
765579,0.0
765580,0.0
765581,0.0
765582,0.0
765583,0.0
765584,0.0
765585,0.0
765586,0.0
765587,0.0
765588,0.0
765589,0.0
765590,0.0
765591,0.0
765592,0.0
765593,0.0
765594,0.0
765595,0.0
765596,0.0
765597,0.0
765598,0.0
765599,0.0
765600,0.0
765601,0.0
765602,0.0
765603,0.0
765604,0.0
765605,0.0
765606,0.0
765607,0.0
765608,0.0
765609,0.0
765610,0.0
765611,0.0
765612,0.0
765613,0.0
765614,0.0
765615,0.0
765616,0.0
765617,0.0
765618,0.0
765619,0.0
765620,0.0
765621,0.0
765622,0.0
765623,0.0
765624,0.0
765625,0.0
765626,0.0
765627,0.0
765628,0.0
765629,0.0
765630,0.0
765631,0.0
765632,0.0
765633,0.0
765634,0.0
765635,0.0
765636,0.0
765637,0.0
765638,0.0
765639,0.0
765640,0.0
765641,0.0
765642,0.0
765643,0.0
765644,0.061556567
765645,0.0
765646,0.0
765647,0.0
765648,0.0
765649,0.0
765650,0.0
765651,0.0
765652,0.0
765653,0.0
765654,0.0
765655,0.0
765656,0.0
765657,0.0
765658,0.0
765659,0.0
765660,0.0
765661,0.0
765662,0.0
765663,0.0
765664,0.0
765665,0.0
765666,0.0
765667,0.0
765668,0.0
765669,0.0
765670,0.0
765671,0.0
765672,0.0
765673,0.0
765674,0.0
765675,0.0
765676,0.0
765677,0.0
765678,0.0
765679,0.0
765680,0.0
765681,0.0
765682,0.0
765683,0.0
765684,0.0
765685,0.0
765686,0.0
765687,0.0
765688,0.0
765689,0.0
765690,0.0
765691,0.0
765692,0.0
765693,0.0
765694,0.0
765695,0.0
765696,0.0
765697,0.0
765698,0.0
765699,0.0
765700,0.0
765701,0.0
765702,0.0
765703,0.0
765704,0.0
765705,0.0
765706,0.0
765707,0.0
765708,0.0
765709,0.0
765710,0.0
765711,0.0
765712,0.0
765713,0.0
765714,0.0
765715,1.212225e-18
765716,0.0
765717,0.0
765718,0.0
765719,0.0
765720,0.0
765721,0.0
765722,0.0
765723,0.0
765724,0.0
765725,0.0
765726,2.318235e-28
765727,0.0
765728,0.0
765729,0.0
765730,0.0
765731,0.0
765732,0.0
765733,0.0
765734,0.0
765735,0.0
765736,0.0
765737,0.0
765738,0.0
765739,0.0
765740,0.0
765741,0.0
765742,0.0
765743,0.0
765744,0.0
765745,0.0
765746,0.0
765747,0.0
765748,0.0
765749,0.0
765750,0.0
765751,0.0
765752,0.0
765753,0.0
765754,0.0
765755,0.0
765756,0.0
765757,0.0
765758,0.0
765759,0.0
765760,0.0
765761,0.0
765762,0.0
765763,0.0
765764,0.0
765765,0.0
765766,0.0
765767,0.0
765768,0.0
765769,0.0
765770,0.0
765771,0.0
765772,0.0
765773,0.0
765774,0.0
765775,0.0
765776,0.0
765777,0.0
765778,0.0
765779,0.0
765780,0.0
765781,0.0
765782,0.0
765783,0.0
765784,0.0
765785,0.0
765786,0.0
765787,0.0
765788,0.0
765789,0.0
765790,0.0
765791,0.0
765792,0.0
765793,0.0
765794,0.0
765795,0.0
765796,0.0
765797,0.0
765798,0.0
765799,0.0
765800,2.8939345e-25
765801,0.0
765802,0.0
765803,0.0
765804,0.0
765805,0.0
765806,0.0
765807,0.0
765808,0.0
765809,0.0
765810,0.0
765811,0.0
765812,0.0
765813,0.0
765814,0.0
765815,0.0
765816,0.0
765817,0.0
765818,0.0
765819,0.0
765820,0.0
765821,0.0
765822,0.0
765823,0.0
765824,0.0
765825,0.0
765826,0.0
765827,0.0
765828,0.0
765829,0.0
765830,0.0
765831,0.0
765832,0.0
765833,0.0
765834,0.0
765835,0.0
765836,0.0
765837,0.0
765838,0.0
765839,0.0
765840,0.0
765841,0.0
765842,0.0
765843,0.0
765844,0.0
765845,0.0
765846,0.0
765847,0.0
765848,0.0
765849,5.648611e-25
765850,0.0
765851,0.0
765852,0.0
765853,0.0
765854,0.0
765855,0.0
765856,0.0
765857,0.0
765858,0.0
765859,0.0
765860,0.0
765861,0.0
765862,0.0
765863,0.0
765864,0.0
765865,0.0
765866,0.0
765867,0.0
765868,0.0
765869,0.0
765870,0.0
765871,0.0
765872,0.0
765873,0.0
765874,0.0
765875,0.0
765876,0.0
765877,0.0
765878,0.0
765879,0.0
765880,0.0
765881,0.0
765882,0.0
765883,0.0
765884,0.0
765885,0.0
765886,0.0
765887,0.0
765888,0.0
765889,0.0
765890,0.0
765891,0.0
765892,0.0
765893,0.0
765894,0.0
765895,0.0
765896,0.0
765897,0.0
765898,0.0
765899,0.0
765900,0.0
765901,0.0
765902,0.0
765903,0.0
765904,0.0
765905,0.0
765906,0.0
765907,0.0
765908,0.0
765909,0.0
765910,0.0
765911,0.0
765912,0.0
765913,0.0
765914,0.0
765915,0.0
765916,0.0
765917,0.0
765918,0.0
765919,0.0
765920,0.0
765921,0.0
765922,0.0
765923,0.0
765924,0.0
765925,0.0
765926,0.0
765927,0.0
765928,0.0
765929,0.0
765930,0.0
765931,0.0
765932,0.0
765933,0.0
765934,0.0
765935,0.0
765936,0.0
765937,0.0
765938,0.0
765939,0.0
765940,0.0
765941,0.0
765942,0.0
765943,0.0
765944,0.0
765945,0.0
765946,0.0
765947,0.0
765948,0.0
765949,0.0
765950,0.0
765951,0.0
765952,0.0
765953,0.0
765954,0.0
765955,0.0
765956,0.0
765957,0.0
765958,0.0
765959,0.0
765960,0.0
765961,0.0
765962,0.0
765963,0.0
765964,0.0
765965,0.0
765966,0.0
765967,0.0
765968,0.0
765969,0.0
765970,0.0
765971,0.0
765972,0.0
765973,0.0
765974,0.0
765975,0.0
765976,0.0
765977,0.0
765978,0.0
765979,0.0
765980,0.0
765981,0.0
765982,0.0
765983,0.0
765984,0.0
765985,0.0
765986,0.0
765987,0.0
765988,0.0
765989,0.0
765990,0.0
765991,0.0
765992,0.0
765993,0.0
765994,0.0
765995,0.0
765996,0.0
765997,0.0
765998,0.0
765999,0.0
766000,0.0
766001,0.0
766002,0.0
766003,0.0
766004,0.0
766005,0.0
766006,0.0
766007,0.0
766008,0.0
766009,0.0
766010,0.0
766011,0.0
766012,0.0
766013,0.0
766014,0.0
766015,0.0
766016,0.0
766017,0.0
766018,0.0
766019,0.0
766020,0.0
766021,0.0
766022,0.0
766023,0.0
766024,0.0
766025,0.0
766026,0.0
766027,0.0
766028,0.0
766029,0.0
766030,0.0
766031,0.0
766032,0.0
766033,0.0
766034,0.0
766035,0.0
766036,0.0
766037,0.0
766038,0.0
766039,0.0
766040,0.0
766041,0.0
766042,0.0
766043,0.0
766044,0.0
766045,0.0
766046,0.0
766047,0.0
766048,0.0
766049,0.0
766050,0.0
766051,0.0
766052,0.0
766053,0.0
766054,0.0
766055,0.0
766056,0.0
766057,0.0
766058,0.0
766059,0.0
766060,0.0
766061,0.0
766062,0.0
766063,0.0
766064,0.0
766065,0.0
766066,0.0
766067,0.0
766068,0.0
766069,0.0
766070,0.0
766071,0.0
766072,0.0
766073,0.0
766074,0.0
766075,0.0
766076,0.0
766077,0.0
766078,0.0
766079,0.0
766080,0.0
766081,0.0
766082,0.0
766083,0.0
766084,0.0
766085,0.0
766086,0.0
766087,0.0
766088,0.0
766089,0.0
766090,0.0
766091,0.0
766092,0.0
766093,0.0
766094,0.0
766095,0.0
766096,0.0
766097,0.0
766098,0.0
766099,0.0
766100,0.0
766101,0.0
766102,0.0
766103,0.0
766104,0.0
766105,0.0
766106,0.0
766107,0.0
766108,0.0
766109,0.0
766110,0.0
766111,0.0
766112,0.0
766113,0.0
766114,0.0
766115,0.0
766116,0.0
766117,0.0
766118,0.0
766119,0.0
766120,0.0
766121,0.0
766122,0.0
766123,0.0
766124,0.0
766125,0.0
766126,0.0
766127,0.0
766128,0.0
766129,0.0
766130,0.0
766131,0.0
766132,0.0
766133,0.0
766134,0.0
766135,0.0
766136,0.0
766137,0.0
766138,0.0
766139,0.0
766140,0.0
766141,0.0
766142,0.0
766143,0.0
766144,0.0
766145,0.0
766146,0.0
766147,0.0
766148,0.0
766149,0.0
766150,0.0
766151,0.0
766152,0.0
766153,0.0
766154,0.0
766155,0.0
766156,0.0
766157,0.0
766158,0.0
766159,0.0
766160,0.0
766161,0.0
766162,0.0
766163,0.0
766164,0.0
766165,0.0
766166,0.0
766167,0.0
766168,0.0
766169,0.0
766170,0.0
766171,0.0
766172,0.0
766173,0.0
766174,0.0
766175,0.0
766176,0.0
766177,0.0
766178,0.0
766179,0.0
766180,0.0
766181,0.0
766182,0.0
766183,0.0
766184,0.0
766185,0.0
766186,0.0
766187,0.0
766188,0.0
766189,0.0
766190,0.0
766191,0.0
766192,0.0
766193,0.0
766194,0.0
766195,0.0
766196,0.0
766197,0.0
766198,0.0
766199,0.0
766200,0.0
766201,0.0
766202,0.0
766203,0.0
766204,0.0
766205,0.0
766206,0.0
766207,0.0
766208,0.0
766209,0.0
766210,0.0
766211,0.0
766212,0.0
766213,0.0
766214,0.0
766215,0.0
766216,0.0
766217,0.0
766218,0.0
766219,0.0
766220,0.0
766221,0.0
766222,0.0
766223,0.0
766224,0.0
766225,0.0
766226,0.0
766227,0.0
766228,0.0
766229,0.0
766230,0.0
766231,0.0
766232,0.0
766233,0.0
766234,0.0
766235,0.0
766236,0.0
766237,0.0
766238,0.0
766239,0.0
766240,0.0
766241,0.0
766242,0.0
766243,0.0
766244,0.0
766245,0.0
766246,0.0
766247,0.0
766248,0.0
766249,0.0
766250,0.0
766251,0.0
766252,0.0
766253,0.0
766254,4.43141e-19
766255,0.0
766256,0.0
766257,0.0
766258,0.0
766259,0.0
766260,0.0
766261,0.0
766262,0.0
766263,0.0
766264,0.0
766265,0.0
766266,0.0
766267,0.0
766268,0.0
766269,0.0
766270,0.0
766271,0.0
766272,0.0
766273,0.0
766274,0.0
766275,0.0
766276,0.0
766277,0.0
766278,0.0
766279,0.0
766280,0.0
766281,0.0
766282,0.0
766283,0.0
766284,0.0
766285,0.0
766286,0.0
766287,0.0
766288,0.0
766289,0.0
766290,0.0
766291,0.0
766292,0.0
766293,0.0
766294,0.0
766295,0.0
766296,0.0
766297,0.0
766298,0.0
766299,0.0
766300,0.0
766301,0.0
766302,0.0
766303,0.0
766304,0.0
766305,0.0
766306,0.0
766307,0.0
766308,0.0
766309,0.0
766310,0.0
766311,0.0
766312,0.0
766313,0.0
766314,0.0
766315,0.0
766316,0.0
766317,0.0
766318,0.0
766319,0.0
766320,0.0
766321,0.0
766322,0.0
766323,0.0
766324,0.0
766325,0.0
766326,0.0
766327,0.0
766328,0.0
766329,0.0
766330,0.0
766331,0.0
766332,0.0
766333,0.0
766334,0.0
766335,0.0
766336,0.0
766337,0.0
766338,0.0
766339,3.269468e-38
766340,0.0
766341,0.0
766342,0.0
766343,0.0
766344,0.0
766345,0.0
766346,0.0
766347,0.0
766348,0.0
766349,0.0
766350,0.0
766351,0.0
766352,0.0
766353,0.0
766354,0.0
766355,0.0
766356,2.5142933e-33
766357,0.0
766358,0.0
766359,0.0
766360,0.0
766361,0.0
766362,0.0
766363,0.0
766364,0.0
766365,0.0
766366,0.0
766367,0.0
766368,0.0
766369,0.0
766370,0.0
766371,0.0
766372,0.0
766373,0.0
766374,0.0
766375,0.0
766376,0.0
766377,0.0
766378,0.0
766379,0.0
766380,0.0
766381,0.0
766382,0.0
766383,0.0
766384,0.0
766385,0.0
766386,0.0
766387,0.0
766388,0.0
766389,0.0
766390,0.0
766391,0.0
766392,0.0
766393,0.0
766394,0.0
766395,0.0
766396,0.0
766397,0.0
766398,0.0
766399,0.0
766400,0.0
766401,0.0
766402,0.0
766403,0.0
766404,0.0
766405,0.0
766406,0.0
766407,0.0
766408,0.0
766409,0.0
766410,0.0
766411,0.0
766412,0.0
766413,0.0
766414,0.0
766415,0.0
766416,0.0
766417,0.0
766418,0.0
766419,0.0
766420,0.0
766421,0.0
766422,0.0
766423,0.0
766424,0.0
766425,0.0
766426,0.0
766427,0.0
766428,0.0
766429,0.0
766430,0.0
766431,2.0017286e-16
766432,0.0
766433,0.0
766434,0.0
766435,0.0
766436,0.0
766437,0.0
766438,0.0
766439,0.0
766440,0.0
766441,0.0
766442,0.0
766443,0.0
766444,0.0
766445,0.0
766446,0.0
766447,0.0
766448,0.0
766449,0.0
766450,0.0
766451,0.0
766452,0.0
766453,0.0
766454,0.0
766455,0.0
766456,0.0
766457,0.0
766458,0.0
766459,0.0
766460,0.0
766461,0.0
766462,0.0
766463,0.0
766464,0.0
766465,0.0
766466,0.0
766467,0.0
766468,0.0
766469,0.0
766470,0.0
766471,0.36242384
766472,0.0
766473,0.0
766474,0.0
766475,0.0
766476,0.0
766477,0.0
766478,0.0
766479,0.0
766480,0.0
766481,0.0
766482,0.0
766483,0.0
766484,0.0
766485,0.0
766486,0.0
766487,0.0
766488,0.0
766489,0.0
766490,0.0
766491,0.0
766492,0.0
766493,0.0
766494,0.0
766495,0.0
766496,0.0
766497,0.0
766498,0.0
766499,0.0
766500,0.0
766501,0.0
766502,0.0
766503,0.0
766504,0.0
766505,0.0
766506,0.0
766507,0.0
766508,0.0
766509,0.0
766510,0.0
766511,0.0
766512,0.0
766513,0.0
766514,0.0
766515,0.0
766516,0.0
766517,0.0
766518,0.0
766519,0.0
766520,0.0
766521,0.0
766522,0.0
766523,0.0
766524,0.0
766525,0.0
766526,0.0
766527,0.0
766528,0.0
766529,0.0
766530,0.0
766531,0.0
766532,0.0
766533,0.0
766534,0.0
766535,0.0
766536,0.0
766537,0.0
766538,0.0
766539,0.0
766540,0.0
766541,0.0
766542,0.0
766543,0.0
766544,0.0
766545,0.0
766546,0.0
766547,0.0
766548,0.0
766549,0.0
766550,0.0
766551,0.0
766552,0.0
766553,1.3002336e-35
766554,0.0
766555,0.0
766556,0.0
766557,0.0
766558,0.0
766559,0.0
766560,0.0
766561,0.0
766562,0.0
766563,0.0
766564,0.0
766565,0.0
766566,0.0
766567,0.0
766568,0.0
766569,0.0
766570,0.0
766571,0.0
766572,0.0
766573,0.0
766574,0.0
766575,0.0
766576,0.0
766577,0.0
766578,0.0
766579,0.0
766580,0.0
766581,0.0
766582,0.0
766583,0.0
766584,0.0
766585,0.0
766586,0.0
766587,0.0
766588,0.0
766589,0.0
766590,0.0
766591,0.0
766592,0.0
766593,0.0
766594,0.0
766595,0.0
766596,0.0
766597,0.0
766598,0.0
766599,0.0
766600,0.0
766601,0.0
766602,0.0
766603,0.0
766604,0.0
766605,0.0
766606,0.0
766607,0.0
766608,0.0
766609,0.0
766610,0.0
766611,0.0
766612,0.0
766613,0.0
766614,0.0
766615,0.0
766616,0.0
766617,0.0
766618,0.0
766619,0.0
766620,0.0
766621,0.0
766622,0.0
766623,0.0
766624,0.0
766625,0.0
766626,0.0
766627,0.0
766628,0.0
766629,0.0
766630,0.0
766631,0.0
766632,0.0
766633,0.0
766634,0.0
766635,0.0
766636,0.0
766637,0.0
766638,0.0
766639,0.0
766640,0.0
766641,0.0
766642,0.0
766643,0.0
766644,0.0
766645,0.0
766646,0.0
766647,0.0
766648,0.0
766649,0.0
766650,0.0
766651,0.0
766652,0.0
766653,0.0
766654,0.0
766655,0.0
766656,0.0
766657,0.0
766658,0.0
766659,0.0
766660,0.0
766661,0.0
766662,0.0
766663,0.000957678
766664,0.0
766665,0.0
766666,0.0
766667,0.0
766668,0.0
766669,0.0
766670,0.0
766671,0.0
766672,0.0
766673,0.0
766674,0.0
766675,0.0
766676,0.0
766677,0.0
766678,0.0
766679,0.0
766680,0.0
766681,0.0
766682,0.0
766683,0.0
766684,0.0
766685,0.0
766686,0.0
766687,0.0
766688,0.0
766689,0.0
766690,0.0
766691,0.0
766692,0.0
766693,0.0
766694,0.0
766695,0.0
766696,0.0
766697,0.0
766698,0.0
766699,0.0
766700,0.0
766701,0.0
766702,0.0
766703,0.0
766704,0.0
766705,0.0
766706,0.0
766707,0.0
766708,0.0
766709,0.0
766710,0.0
766711,0.0
766712,0.0
766713,0.0
766714,0.0
766715,0.0
766716,0.0
766717,0.0
766718,0.0
766719,0.0
766720,0.0
766721,0.0
766722,0.0
766723,0.0
766724,0.0
766725,0.0
766726,0.0
766727,0.0
766728,0.0
766729,0.0
766730,0.0
766731,0.0
766732,0.0
766733,0.0
766734,0.0
766735,0.0
766736,0.0
766737,0.0
766738,0.0
766739,0.0
766740,0.0
766741,0.0
766742,0.0
766743,0.0
766744,0.0
766745,0.0
766746,0.0
766747,0.0
766748,0.0
766749,0.0
766750,0.0
766751,0.0
766752,0.0
766753,0.0
766754,2.7660518e-24
766755,0.0
766756,0.0
766757,0.0
766758,0.0
766759,0.0
766760,0.0
766761,0.0
766762,0.0
766763,0.0
766764,0.0
766765,0.0
766766,0.0
766767,0.0
766768,0.0
766769,0.0
766770,0.0
766771,0.0
766772,0.0
766773,0.0
766774,0.0
766775,0.0
766776,0.0
766777,0.0
766778,0.0
766779,0.0
766780,0.0
766781,0.0
766782,0.0
766783,0.0
766784,0.0
766785,0.0
766786,0.0
766787,0.0
766788,0.0
766789,0.0
766790,0.0
766791,0.0
766792,0.0
766793,0.0
766794,0.0
766795,0.0
766796,0.0
766797,0.0
766798,0.0
766799,0.0
766800,0.0
766801,0.0
766802,0.0
766803,0.0
766804,0.0
766805,0.0
766806,0.0
766807,0.0
766808,0.0
766809,0.0
766810,0.0
766811,0.0
766812,0.0
766813,0.0
766814,0.0
766815,0.0
766816,0.0
766817,0.0
766818,0.0
766819,0.0
766820,0.0
766821,0.0
766822,0.0
766823,0.0
766824,0.0
766825,0.0
766826,0.0
766827,0.0
766828,0.0
766829,0.0
766830,0.0
766831,0.0
766832,0.0
766833,0.0
766834,0.0
766835,0.0
766836,0.0
766837,0.0
766838,0.0
766839,0.0
766840,0.0
766841,0.0
766842,0.0
766843,0.0
766844,0.0
766845,0.0
766846,0.0
766847,0.0
766848,0.0
766849,0.0
766850,0.0
766851,0.0
766852,0.0
766853,0.0
766854,0.0
766855,0.0
766856,0.0
766857,0.0
766858,0.0
766859,0.0
766860,0.0
766861,0.0
766862,0.0
766863,0.0
766864,0.0
766865,0.0
766866,0.0
766867,0.0
766868,0.0
766869,0.0
766870,0.0
766871,0.0
766872,0.0
766873,0.0
766874,0.0
766875,0.0
766876,0.0
766877,0.0
766878,0.0
766879,0.0
766880,0.0
766881,0.0
766882,0.0
766883,0.0
766884,0.0
766885,0.0
766886,0.0
766887,0.0
766888,0.0
766889,0.0
766890,0.0
766891,0.0
766892,0.0
766893,0.0
766894,0.0
766895,0.0
766896,0.0
766897,0.0
766898,0.0
766899,0.0
766900,0.0
766901,0.0
766902,0.0
766903,0.0
766904,0.0
766905,0.0
766906,0.0
766907,0.0
766908,0.0
766909,0.0
766910,0.0
766911,0.0
766912,0.0
766913,0.0
766914,0.0
766915,0.0
766916,0.0
766917,0.0
766918,0.0
766919,0.0
766920,0.0
766921,0.0
766922,0.0
766923,0.0
766924,0.0
766925,0.0
766926,0.0
766927,0.0
766928,0.0
766929,0.0
766930,0.0
766931,0.0
766932,0.0
766933,0.0
766934,0.0
766935,0.0
766936,0.0
766937,0.0
766938,0.0
766939,0.0
766940,0.0
766941,0.0
766942,0.0
766943,0.0
766944,0.0
766945,0.0
766946,0.0
766947,0.0
766948,0.0
766949,0.0
766950,0.0
766951,0.0
766952,0.0
766953,0.0
766954,0.0
766955,0.0
766956,0.0
766957,0.0
766958,0.0
766959,0.0
766960,0.0
766961,0.0
766962,0.0
766963,0.0
766964,0.0
766965,0.0
766966,0.0
766967,0.0
766968,0.0
766969,0.0
766970,0.0
766971,0.0
766972,0.0
766973,0.0
766974,0.0
766975,0.0
766976,0.0
766977,0.0
766978,0.0
766979,0.0
766980,0.0
766981,0.0
766982,0.0
766983,0.0
766984,0.0
766985,0.0
766986,0.0
766987,0.0
766988,0.0
766989,0.0
766990,0.0
766991,0.0
766992,0.0
766993,0.0
766994,0.0
766995,0.0
766996,0.0
766997,0.0
766998,0.0
766999,0.0
767000,0.0
767001,0.0
767002,0.0
767003,0.0
767004,0.0
767005,0.0
767006,0.0
767007,0.0
767008,0.0
767009,0.0
767010,0.0
767011,0.0
767012,0.0
767013,0.0
767014,9.518809e-05
767015,0.0
767016,0.0
767017,0.0
767018,0.0
767019,0.0
767020,0.0
767021,0.0
767022,0.0
767023,0.0
767024,0.0
767025,0.0
767026,0.0
767027,0.0
767028,0.0
767029,0.0
767030,0.0
767031,0.0
767032,0.0
767033,0.0
767034,0.0
767035,0.0
767036,0.0
767037,0.0
767038,0.0
767039,0.0
767040,0.0
767041,0.0
767042,0.0
767043,0.0
767044,0.0
767045,0.0
767046,0.0
767047,0.0
767048,0.0
767049,0.0
767050,0.0
767051,0.0
767052,0.0
767053,0.0
767054,0.0
767055,0.0
767056,0.0
767057,0.0
767058,0.0
767059,0.0
767060,0.0
767061,0.0
767062,0.0
767063,0.0
767064,0.0
767065,0.0
767066,0.0
767067,0.0
767068,0.0
767069,0.0
767070,0.0
767071,0.0
767072,0.0
767073,0.0
767074,0.0
767075,0.0
767076,0.0
767077,0.0
767078,0.0
767079,0.0
767080,0.0
767081,4.0554633e-14
767082,0.0
767083,0.0
767084,0.0
767085,0.0
767086,0.0
767087,0.0
767088,0.0
767089,0.0
767090,0.0
767091,0.0
767092,0.0
767093,0.0
767094,0.0
767095,0.0
767096,0.0
767097,0.0
767098,0.0
767099,0.0
767100,0.0
767101,0.0
767102,0.0
767103,0.0
767104,0.0
767105,0.0
767106,0.0
767107,0.0
767108,0.0
767109,0.0
767110,0.0
767111,0.0
767112,0.0
767113,0.0
767114,0.0
767115,0.0
767116,0.0
767117,0.0
767118,0.0
767119,0.0
767120,0.0
767121,0.0
767122,0.0
767123,0.0
767124,0.0
767125,0.0
767126,0.0
767127,0.0
767128,0.0
767129,0.0
767130,0.0
767131,0.0
767132,0.0
767133,0.0
767134,0.0
767135,0.0
767136,0.0
767137,0.0
767138,0.0
767139,0.0
767140,0.0
767141,0.0
767142,0.0
767143,0.0
767144,0.0
767145,0.0
767146,0.0
767147,0.0
767148,0.0
767149,0.0
767150,0.0
767151,0.0
767152,0.0
767153,0.0
767154,0.0
767155,9.360617e-30
767156,0.0
767157,0.0
767158,0.0
767159,0.0
767160,0.0
767161,0.0
767162,0.0
767163,0.0
767164,0.0
767165,0.0
767166,0.0
767167,0.0
767168,0.0
767169,0.0
767170,0.0
767171,0.0
767172,0.0
767173,0.0
767174,0.0
767175,0.0
767176,0.0
767177,0.0
767178,0.102772206
767179,0.0
767180,0.0
767181,0.0
767182,0.0
767183,0.0
767184,0.0
767185,0.0
767186,0.0
767187,0.0
767188,0.0
767189,0.0
767190,0.0
767191,0.0
767192,0.0
767193,0.0
767194,0.0
767195,0.0
767196,0.0
767197,0.0
767198,0.0
767199,0.0
767200,0.0
767201,0.0
767202,0.0
767203,0.0
767204,0.0
767205,0.0
767206,0.0
767207,0.0
767208,0.0
767209,0.0
767210,0.0
767211,0.0
767212,0.0
767213,0.0
767214,0.0
767215,0.0
767216,0.0
767217,0.0
767218,0.0
767219,0.0
767220,0.0
767221,0.0
767222,0.0
767223,0.0
767224,0.0
767225,0.0
767226,0.0
767227,0.0
767228,0.0
767229,0.0
767230,0.0
767231,0.0
767232,0.0
767233,0.0
767234,0.0
767235,0.0
767236,0.0
767237,0.0
767238,0.0
767239,0.0
767240,0.0
767241,0.0
767242,2.7913127e-06
767243,0.0
767244,0.0
767245,9.737598e-07
767246,0.0
767247,0.0
767248,0.0
767249,0.0
767250,0.0
767251,0.0
767252,0.0
767253,0.0
767254,0.0
767255,0.0
767256,0.0
767257,0.0
767258,0.0
767259,0.0
767260,0.0
767261,0.0
767262,0.0
767263,0.0
767264,0.0
767265,0.0
767266,0.0
767267,0.0
767268,0.0
767269,0.0
767270,0.0
767271,0.0
767272,0.0
767273,0.0
767274,0.0
767275,0.0
767276,0.0
767277,0.0
767278,0.0
767279,0.0
767280,0.0
767281,0.0
767282,0.0
767283,0.0
767284,0.0
767285,0.0
767286,0.000107596956
767287,0.0
767288,0.0
767289,0.0
767290,0.0
767291,0.0
767292,0.0
767293,0.0
767294,0.0
767295,0.0
767296,0.0
767297,0.0
767298,0.0
767299,0.0
767300,0.0
767301,0.0
767302,0.0
767303,0.0
767304,0.0
767305,0.0
767306,0.0
767307,0.0
767308,0.0
767309,0.0
767310,0.0
767311,0.0
767312,0.0
767313,0.0
767314,0.0
767315,0.0
767316,0.0
767317,0.0
767318,0.0
767319,0.0
767320,0.0
767321,0.0
767322,0.0
767323,0.0
767324,0.0
767325,0.0
767326,0.0
767327,0.0
767328,0.0
767329,0.0
767330,0.0
767331,0.0
767332,0.0
767333,0.0
767334,0.0
767335,0.0
767336,0.0
767337,0.0
767338,0.0
767339,0.0
767340,0.0
767341,0.0
767342,0.0
767343,0.0
767344,0.0
767345,0.0
767346,0.0
767347,0.0
767348,0.0
767349,0.0
767350,0.0
767351,0.0
767352,0.0
767353,0.0
767354,0.0
767355,0.0
767356,0.0
767357,0.0
767358,0.0
767359,0.0
767360,0.0
767361,0.0
767362,0.0
767363,0.0
767364,0.0
767365,0.0
767366,0.0
767367,0.0
767368,0.0
767369,0.0
767370,0.0
767371,0.0
767372,0.0
767373,0.0
767374,0.0
767375,0.0
767376,0.0
767377,0.0
767378,0.0
767379,0.0
767380,0.0
767381,0.0
767382,0.0
767383,0.0
767384,0.0
767385,0.0
767386,0.0
767387,0.0
767388,0.0
767389,2.9240554e-11
767390,0.0
767391,0.0
767392,0.0
767393,0.0
767394,0.0
767395,0.0
767396,0.0
767397,0.0
767398,0.0
767399,0.0
767400,0.0
767401,0.0
767402,0.0
767403,0.0
767404,0.0
767405,0.0
767406,0.0
767407,0.0
767408,0.0
767409,0.0
767410,0.0
767411,0.0
767412,0.0
767413,0.0
767414,0.0
767415,0.0
767416,0.0
767417,0.0
767418,0.0
767419,0.0
767420,0.0
767421,0.0
767422,0.0
767423,0.0
767424,0.0
767425,0.0
767426,0.0
767427,0.0
767428,0.0
767429,0.0
767430,0.0
767431,0.0
767432,0.0
767433,0.0
767434,0.0
767435,0.0
767436,0.0
767437,0.0
767438,0.0
767439,0.0
767440,0.0
767441,0.0
767442,0.0
767443,0.0
767444,0.0
767445,0.0
767446,0.0
767447,0.0
767448,0.0
767449,3.814047e-39
767450,0.0
767451,0.0
767452,0.0
767453,0.0
767454,0.0
767455,0.0
767456,0.0
767457,0.0
767458,0.0
767459,0.0
767460,0.0
767461,0.0
767462,0.0
767463,0.0
767464,0.0
767465,0.0
767466,0.0
767467,0.0
767468,0.0
767469,0.0
767470,0.0
767471,0.0
767472,0.0
767473,0.0
767474,0.0
767475,0.0
767476,2.7732644e-34
767477,0.0
767478,0.0
767479,0.0
767480,0.0
767481,0.0
767482,0.0
767483,0.0
767484,0.0
767485,0.0
767486,0.0
767487,0.0
767488,0.0
767489,0.0
767490,0.0
767491,0.0
767492,0.0
767493,0.0
767494,0.0
767495,0.0
767496,0.0
767497,0.0
767498,0.0
767499,0.0
767500,0.0
767501,0.0
767502,0.0
767503,0.0
767504,0.0
767505,0.0
767506,0.0
767507,0.0
767508,0.0
767509,0.0
767510,0.0
767511,0.0
767512,0.0
767513,0.0
767514,0.0
767515,0.0
767516,0.0
767517,0.0
767518,0.0
767519,0.0
767520,0.0
767521,0.0
767522,0.0
767523,0.0
767524,0.0
767525,0.0
767526,0.0
767527,0.0
767528,0.0
767529,0.0
767530,1.901803e-24
767531,0.0
767532,0.0
767533,0.0
767534,0.0
767535,0.0
767536,0.0
767537,0.0
767538,0.0
767539,0.0
767540,0.0
767541,0.0
767542,0.0
767543,0.0
767544,0.0
767545,0.0
767546,0.0
767547,0.0
767548,0.0
767549,0.0
767550,0.0
767551,0.0
767552,0.0
767553,0.0
767554,0.0
767555,0.0
767556,0.0
767557,0.0
767558,0.0
767559,0.0
767560,0.0
767561,0.0
767562,0.0
767563,0.0
767564,0.0
767565,0.0
767566,0.0
767567,0.0
767568,0.0
767569,0.0
767570,0.0
767571,0.0
767572,0.0
767573,0.0
767574,0.0
767575,0.0
767576,0.0
767577,0.0
767578,0.0
767579,0.0
767580,0.0
767581,0.0
767582,0.0
767583,0.0
767584,0.0
767585,0.0
767586,0.0
767587,0.0
767588,0.0
767589,0.0
767590,0.0
767591,0.0
767592,0.0
767593,0.0
767594,0.0
767595,0.0
767596,0.0
767597,0.0
767598,0.0
767599,0.0
767600,0.0
767601,0.0
767602,0.0
767603,0.0
767604,0.0
767605,0.0
767606,0.0
767607,0.0
767608,0.0
767609,0.0
767610,0.0
767611,0.0
767612,0.0
767613,0.0
767614,0.0
767615,0.0
767616,0.0
767617,0.0
767618,0.0
767619,0.0
767620,0.0
767621,0.0
767622,0.0
767623,0.0
767624,0.0
767625,0.0
767626,0.0
767627,0.0
767628,0.0
767629,0.0
767630,0.0
767631,0.0
767632,0.0
767633,0.0
767634,0.0
767635,0.0
767636,0.0
767637,0.0
767638,0.0
767639,0.0
767640,0.0
767641,0.0
767642,0.0
767643,0.0
767644,0.0
767645,0.0
767646,0.0
767647,0.0
767648,0.0
767649,0.0
767650,0.0
767651,0.0
767652,0.0
767653,0.0
767654,0.0
767655,3.929169e-36
767656,0.0
767657,0.0
767658,0.0
767659,0.0
767660,0.0
767661,0.0
767662,0.0
767663,0.0
767664,0.0
767665,0.0
767666,0.0
767667,0.0
767668,0.0
767669,0.0
767670,0.0
767671,0.0
767672,0.0
767673,0.0
767674,0.0
767675,0.0
767676,0.0
767677,0.0
767678,0.0
767679,0.0
767680,0.0
767681,0.0
767682,0.0
767683,0.0
767684,0.0
767685,0.0
767686,0.0
767687,0.0
767688,0.0
767689,0.0
767690,0.0
767691,0.0
767692,0.0
767693,0.0
767694,0.0
767695,0.0
767696,0.0
767697,0.0
767698,0.0
767699,0.0
767700,0.0
767701,0.0
767702,0.0
767703,0.0
767704,0.0
767705,0.0
767706,0.0
767707,0.0
767708,0.0
767709,0.0
767710,0.0
767711,0.0
767712,0.0
767713,0.0
767714,0.0
767715,0.0
767716,0.0
767717,0.0
767718,0.0
767719,0.0
767720,0.0
767721,0.0
767722,0.0
767723,0.0
767724,0.0
767725,0.0
767726,0.0
767727,0.0
767728,0.0
767729,0.0
767730,0.0
767731,0.0
767732,0.0
767733,0.0
767734,0.0
767735,0.0
767736,0.0
767737,0.0
767738,0.0
767739,0.0
767740,0.0
767741,0.0
767742,0.0
767743,0.0
767744,0.0
767745,0.0
767746,0.0
767747,0.0
767748,0.0
767749,0.0
767750,0.0
767751,0.0
767752,0.0
767753,4.4124763e-30
767754,0.0
767755,0.0
767756,0.0
767757,0.0
767758,0.0
767759,0.0
767760,0.0
767761,0.0
767762,0.0
767763,0.0
767764,0.0
767765,0.0
767766,0.0
767767,0.0
767768,0.0
767769,0.0
767770,0.0
767771,0.0
767772,0.0
767773,0.0
767774,0.0
767775,0.0
767776,0.0
767777,0.0
767778,0.0
767779,0.0
767780,0.0
767781,0.0
767782,0.0
767783,0.0
767784,0.0
767785,0.0
767786,0.0
767787,0.0
767788,0.0
767789,0.0
767790,0.0
767791,0.0
767792,0.0
767793,0.0
767794,0.0
767795,0.0
767796,0.0
767797,0.0
767798,0.0
767799,0.0
767800,0.0
767801,0.0
767802,0.0
767803,0.0
767804,0.0
767805,0.0
767806,0.0
767807,0.0
767808,0.0
767809,0.0
767810,0.0
767811,0.0
767812,0.0
767813,0.0
767814,0.0
767815,0.0
767816,0.0
767817,0.0
767818,0.0
767819,0.0
767820,0.0
767821,0.0
767822,0.0
767823,0.0
767824,0.0
767825,0.0
767826,0.0
767827,0.0
767828,0.0
767829,0.0
767830,0.0
767831,0.0
767832,0.0
767833,0.0
767834,0.0
767835,0.0
767836,0.0
767837,0.0
767838,0.0
767839,0.0
767840,0.0
767841,0.0
767842,0.0
767843,0.0
767844,0.0
767845,0.0
767846,0.0
767847,0.0
767848,0.0
767849,0.0
767850,0.0
767851,0.0
767852,0.0
767853,0.0
767854,0.0
767855,0.0
767856,0.0
767857,0.0
767858,0.0
767859,0.0
767860,0.0
767861,0.0
767862,0.0
767863,0.0
767864,0.0
767865,0.0
767866,0.0
767867,0.0
767868,0.0
767869,0.0
767870,0.0
767871,0.0
767872,0.0
767873,0.0
767874,0.0
767875,0.0
767876,0.0
767877,0.0
767878,0.0
767879,0.0
767880,0.0
767881,0.0
767882,0.0
767883,0.0
767884,0.0
767885,0.0
767886,3.2002854e-27
767887,0.0
767888,0.0
767889,0.0
767890,0.0
767891,0.0
767892,0.0
767893,0.0
767894,0.0
767895,0.0
767896,0.0
767897,0.0
767898,0.0
767899,0.0
767900,0.0
767901,0.0
767902,0.0
767903,0.0
767904,0.0
767905,0.0
767906,0.0
767907,0.0
767908,0.0
767909,0.0
767910,0.0
767911,0.0
767912,0.0
767913,0.0
767914,0.0
767915,0.0
767916,0.0
767917,0.0
767918,0.0
767919,0.0
767920,0.0
767921,0.0
767922,0.0
767923,0.0
767924,0.0
767925,0.0
767926,0.0
767927,0.0
767928,0.0
767929,0.0
767930,0.0
767931,0.0
767932,0.0
767933,0.0
767934,0.0
767935,3.5278174e-26
767936,0.0
767937,0.0
767938,0.0
767939,0.0
767940,0.0
767941,0.0
767942,0.0
767943,0.0
767944,2.1942473e-15
767945,0.0
767946,0.0
767947,0.0
767948,0.0
767949,0.0
767950,0.0
767951,0.0
767952,0.0
767953,0.0
767954,0.0
767955,0.0
767956,0.0
767957,0.0
767958,0.0
767959,0.0
767960,0.0
767961,0.0
767962,0.0
767963,0.0
767964,0.0
767965,0.0
767966,0.0
767967,0.0
767968,0.0
767969,0.0
767970,0.0
767971,0.0
767972,0.0
767973,0.0
767974,0.0
767975,0.0
767976,0.0
767977,0.0
767978,0.0
767979,0.0
767980,0.0
767981,0.0
767982,0.0
767983,0.0
767984,0.0
767985,0.0
767986,0.0
767987,0.0
767988,0.0
767989,0.0
767990,0.0
767991,0.0
767992,0.0
767993,0.0
767994,0.0
767995,0.0
767996,0.0
767997,0.0
767998,0.0
767999,0.0
768000,0.0
768001,0.0
768002,0.0
768003,0.0
768004,0.0
768005,0.0
768006,0.0
768007,0.0
768008,0.0
768009,0.0
768010,0.0
768011,0.0
768012,0.0
768013,0.0
768014,0.0
768015,1.017799e-31
768016,0.0
768017,0.0
768018,0.0
768019,0.0
768020,0.0
768021,0.0
768022,0.0
768023,0.0
768024,0.0
768025,0.0
768026,0.0
768027,0.0
768028,0.0
768029,0.0
768030,0.0
768031,0.0
768032,0.0
768033,0.0
768034,0.0
768035,1.3910177e-31
768036,0.0
768037,0.0
768038,0.0
768039,0.0
768040,0.0
768041,0.0
768042,0.0
768043,0.0
768044,0.0
768045,0.0
768046,0.0
768047,0.0
768048,0.0
768049,0.0
768050,0.0
768051,0.0
768052,0.0
768053,0.0
768054,0.0
768055,0.0
768056,0.0
768057,0.0
768058,0.0
768059,0.0
768060,0.0
768061,0.0
768062,0.0
768063,0.0
768064,0.0
768065,0.0
768066,0.0
768067,0.0
768068,0.0
768069,0.0
768070,0.0
768071,0.0
768072,0.0
768073,0.0
768074,0.0
768075,0.0
768076,0.0
768077,0.0
768078,0.0
768079,0.0
768080,0.0
768081,0.0
768082,0.0
768083,0.0
768084,0.0
768085,0.0
768086,0.0
768087,0.0
768088,0.0
768089,0.0
768090,0.0
768091,0.0
768092,0.0
768093,0.0
768094,0.0
768095,0.0
768096,0.0
768097,0.0
768098,0.0
768099,0.0
768100,0.0
768101,0.0
768102,0.0
768103,0.0
768104,0.0
768105,0.0
768106,0.0
768107,0.0
768108,0.0
768109,0.0
768110,0.0
768111,0.0
768112,0.0
768113,0.0
768114,0.0
768115,0.0
768116,0.0
768117,0.0
768118,0.0
768119,0.0
768120,0.0
768121,0.0
768122,0.0
768123,0.0
768124,0.0
768125,0.0
768126,0.0
768127,0.0
768128,0.0
768129,0.0
768130,0.0
768131,0.0
768132,0.0
768133,0.0
768134,0.0
768135,0.0
768136,0.0
768137,0.12672633
768138,0.0
768139,0.0
768140,0.0
768141,0.0
768142,0.0
768143,0.0
768144,0.0
768145,0.0
768146,0.0
768147,0.0
768148,0.0
768149,0.0
768150,0.0
768151,0.0
768152,0.0
768153,0.0
768154,0.0
768155,0.0
768156,0.0
768157,0.0
768158,0.0
768159,0.0
768160,0.0
768161,0.0
768162,0.0
768163,0.0
768164,0.0
768165,0.0
768166,0.0
768167,0.0
768168,0.0
768169,0.0
768170,0.0
768171,0.0
768172,0.0
768173,0.0
768174,0.0
768175,0.0
768176,0.0
768177,0.0
768178,0.0
768179,0.0
768180,0.0
768181,0.0
768182,0.0
768183,0.0
768184,0.0
768185,0.0
768186,0.0
768187,0.0
768188,0.0
768189,0.0
768190,0.0
768191,0.0
768192,0.0
768193,0.0
768194,0.0
768195,0.0
768196,0.0
768197,0.0
768198,0.0
768199,0.0
768200,0.0
768201,0.0
768202,0.0
768203,0.0
768204,0.0
768205,0.0
768206,0.0
768207,0.0
768208,0.0
768209,0.0
768210,0.0
768211,0.0
768212,0.0
768213,0.0
768214,0.0
768215,0.0
768216,0.0
768217,0.0
768218,0.0
768219,0.0
768220,0.0
768221,0.0
768222,0.0
768223,0.0
768224,0.0
768225,0.0
768226,0.0
768227,0.0
768228,0.0
768229,0.0
768230,0.0
768231,0.0
768232,0.0
768233,0.0
768234,0.0
768235,0.0
768236,0.0
768237,0.0
768238,0.0
768239,0.0
768240,0.0
768241,0.0
768242,0.0
768243,0.0
768244,0.0
768245,0.0
768246,0.0
768247,0.0
768248,0.0
768249,0.0
768250,0.0
768251,0.0
768252,0.0
768253,0.0
768254,0.0
768255,0.0
768256,0.0
768257,0.0
768258,0.0
768259,0.0
768260,0.0
768261,0.0
768262,0.0
768263,0.0
768264,0.0
768265,0.0
768266,0.0
768267,0.0
768268,0.0
768269,0.0
768270,0.0
768271,0.0
768272,0.0
768273,1.387339e-25
768274,0.0
768275,0.0
768276,0.0
768277,0.0
768278,0.0
768279,0.0
768280,0.0
768281,0.0
768282,0.0
768283,0.0
768284,0.06985642
768285,0.0
768286,0.0
768287,0.0
768288,0.0
768289,0.0
768290,0.0
768291,0.0
768292,0.0
768293,0.0
768294,0.0
768295,0.0
768296,0.0
768297,0.0
768298,0.0
768299,0.0
768300,0.0
768301,0.0
768302,0.0
768303,0.0
768304,0.0
768305,0.0
768306,0.0
768307,0.0
768308,0.0
768309,0.0
768310,0.0
768311,0.0
768312,0.0
768313,0.0
768314,0.0
768315,0.0
768316,0.0
768317,0.0
768318,0.0
768319,0.0
768320,0.0
768321,0.0
768322,0.0
768323,0.0
768324,0.0
768325,0.0
768326,0.0
768327,0.0
768328,0.0
768329,0.0
768330,0.0
768331,0.0
768332,0.0
768333,0.0
768334,0.0
768335,0.0
768336,0.0
768337,0.0
768338,0.0
768339,0.0
768340,0.0
768341,0.0
768342,0.0
768343,0.0
768344,0.0
768345,0.0
768346,0.0
768347,0.0
768348,0.0
768349,0.0
768350,0.0
768351,0.0
768352,0.0
768353,0.0
768354,0.0
768355,0.0
768356,0.0
768357,0.0
768358,0.0
768359,0.0
768360,0.0
768361,0.0
768362,0.0
768363,0.0
768364,0.0
768365,0.0
768366,0.0
768367,1.795008e-17
768368,0.0
768369,0.0
768370,0.0
768371,0.0
768372,0.0
768373,0.0
768374,0.0
768375,0.0
768376,4.1025037e-09
768377,0.0
768378,0.0
768379,0.0
768380,0.0
768381,0.0
768382,0.0
768383,0.0
768384,0.0
768385,0.0
768386,0.0
768387,0.0
768388,0.0
768389,0.0
768390,0.0
768391,0.0
768392,0.0
768393,0.0
768394,0.0
768395,0.0
768396,0.0
768397,0.0
768398,0.0
768399,0.0
768400,0.0
768401,0.0
768402,0.0
768403,0.0
768404,0.0
768405,0.0
768406,0.0
768407,0.0
768408,0.0
768409,0.0
768410,0.0
768411,0.0
768412,0.0
768413,0.0
768414,0.0
768415,0.0
768416,0.0
768417,0.0
768418,0.0
768419,0.0
768420,0.0
768421,0.0
768422,0.0
768423,0.0
768424,0.0
768425,0.0
768426,0.0
768427,0.0
768428,0.0
768429,0.0
768430,0.0
768431,0.0
768432,0.0
768433,0.0
768434,0.0
768435,0.0
768436,0.0
768437,0.0
768438,0.0
768439,0.0
768440,0.0
768441,0.0
768442,0.0
768443,0.0
768444,0.0
768445,0.0
768446,0.0
768447,0.0
768448,0.0
768449,0.0
768450,0.0
768451,0.0
768452,0.0
768453,0.0
768454,0.0
768455,0.0
768456,0.0
768457,0.0
768458,0.0
768459,0.0
768460,0.0
768461,0.0
768462,0.0
768463,0.0
768464,0.0
768465,0.0
768466,0.0
768467,0.0
768468,0.0
768469,0.0
768470,0.0
768471,0.0
768472,0.0
768473,0.0
768474,0.0
768475,0.0
768476,0.0
768477,0.0
768478,0.0
768479,0.0
768480,0.0
768481,0.0
768482,0.0
768483,0.0
768484,0.0
768485,0.0
768486,0.0
768487,0.0
768488,0.0
768489,0.0
768490,0.0
768491,0.0
768492,0.0
768493,0.0
768494,0.0
768495,0.0
768496,0.0
768497,0.0
768498,0.0
768499,0.0
768500,0.0
768501,0.0
768502,0.0
768503,0.0
768504,0.0
768505,0.0
768506,1.0487405e-27
768507,0.0
768508,0.0
768509,0.0
768510,0.0
768511,0.0
768512,0.0
768513,0.0
768514,0.0
768515,0.0
768516,0.0
768517,0.0
768518,0.0
768519,0.0
768520,0.0
768521,0.0
768522,0.0
768523,0.0
768524,0.0
768525,0.0
768526,0.0
768527,0.0
768528,0.0
768529,0.0
768530,0.0
768531,0.0
768532,0.0
768533,0.0
768534,0.0
768535,0.0
768536,0.0
768537,7.732393e-10
768538,0.0
768539,0.0
768540,0.0
768541,0.0
768542,0.0
768543,0.0
768544,0.0
768545,0.0
768546,0.0
768547,0.0
768548,0.0
768549,0.0
768550,0.0
768551,0.0
768552,0.0
768553,0.0
768554,0.0
768555,0.0
768556,0.0
768557,0.0
768558,0.0
768559,0.0
768560,0.0
768561,0.0
768562,0.0
768563,0.0
768564,0.0
768565,0.0
768566,0.0
768567,0.0
768568,0.0
768569,0.0
768570,0.0
768571,0.0
768572,0.0
768573,0.0
768574,0.0
768575,0.0
768576,0.0
768577,7.80184e-11
768578,0.0
768579,0.0
768580,0.0
768581,0.0
768582,0.0
768583,0.0
768584,0.0
768585,0.0
768586,0.0
768587,0.0
768588,0.0
768589,0.0
768590,0.0
768591,0.0
768592,0.0
768593,0.0
768594,0.0
768595,0.0
768596,0.0
768597,0.0
768598,0.0
768599,0.0
768600,0.0
768601,0.0
768602,0.0
768603,0.0
768604,0.0
768605,0.0
768606,0.0
768607,0.0
768608,0.0
768609,0.0
768610,0.0
768611,0.0
768612,0.0
768613,0.0
768614,0.0
768615,0.0
768616,0.0
768617,0.0
768618,0.0
768619,0.0
768620,0.0
768621,0.0
768622,0.0
768623,0.0
768624,0.0
768625,0.0
768626,0.0
768627,0.0
768628,0.0
768629,0.0
768630,0.0
768631,0.0
768632,0.0
768633,0.0
768634,0.0
768635,0.0
768636,0.0
768637,0.0
768638,0.0
768639,0.0
768640,0.0
768641,0.0
768642,0.0
768643,0.0
768644,0.0
768645,0.0
768646,0.0
768647,0.0
768648,0.0
768649,0.0
768650,0.0
768651,0.0
768652,0.0
768653,0.0
768654,0.048754722
768655,0.0
768656,0.0
768657,0.0
768658,0.0
768659,0.0
768660,0.0
768661,0.0
768662,0.0
768663,0.0
768664,0.0
768665,0.0
768666,0.0
768667,0.0
768668,0.0
768669,0.0
768670,0.0
768671,0.0
768672,0.0
768673,0.0
768674,0.0
768675,0.0
768676,0.0
768677,0.0
768678,0.0
768679,0.0
768680,0.0
768681,0.0
768682,0.0
768683,0.0
768684,0.0
768685,0.0
768686,0.0
768687,0.0
768688,0.0
768689,0.0
768690,0.0
768691,0.0
768692,0.0
768693,0.0
768694,0.0
768695,0.0
768696,0.0
768697,0.0
768698,0.0
768699,0.0
768700,2.7615432e-10
768701,6.456733e-38
768702,0.0
768703,0.0
768704,0.0
768705,0.0
768706,0.0
768707,0.0
768708,0.0
768709,0.0
768710,0.0
768711,0.0
768712,0.0
768713,0.0
768714,0.0
768715,0.0
768716,0.0
768717,0.0
768718,0.0
768719,0.0
768720,0.0
768721,0.0
768722,0.0
768723,0.0
768724,0.0
768725,0.0
768726,0.0
768727,0.0
768728,0.0
768729,0.0
768730,0.0
768731,0.0
768732,0.0
768733,9.7426104e-36
768734,0.0
768735,0.0
768736,0.0
768737,0.0
768738,0.0
768739,0.0
768740,0.0
768741,0.0
768742,0.0
768743,0.0
768744,0.0
768745,0.0
768746,0.0
768747,0.0
768748,0.0
768749,0.0
768750,0.0
768751,3.342952e-18
768752,0.0
768753,0.0
768754,0.0
768755,0.0
768756,0.0
768757,0.0
768758,0.0
768759,0.0
768760,0.0
768761,0.0
768762,0.0
768763,0.0
768764,0.0
768765,0.0
768766,0.0
768767,0.0
768768,0.0
768769,0.0
768770,0.0
768771,0.0
768772,0.0
768773,0.0
768774,0.0
768775,0.0
768776,0.0
768777,0.0
768778,0.0
768779,0.0
768780,0.0
768781,0.0
768782,0.0
768783,0.0
768784,0.0
768785,0.0
768786,9.149573e-37
768787,0.0
768788,0.0
768789,0.0
768790,0.0
768791,0.0
768792,0.0
768793,0.0
768794,0.0
768795,0.0
768796,0.0
768797,0.0
768798,0.0
768799,0.0
768800,0.0
768801,0.0
768802,0.0
768803,0.0
768804,0.0
768805,0.0
768806,0.0
768807,0.0
768808,0.0
768809,0.0
768810,0.0
768811,0.0
768812,0.0
768813,0.0
768814,0.0
768815,0.0
768816,0.0
768817,0.0
768818,0.0
768819,0.0
768820,0.0
768821,0.0
768822,0.0
768823,0.0
768824,0.0
768825,0.0
768826,0.0
768827,0.0
768828,0.0
768829,0.0
768830,0.0
768831,0.0
768832,0.0
768833,0.0
768834,0.0
768835,0.0
768836,0.0
768837,0.0
768838,0.0
768839,0.0
768840,0.0
768841,0.0
768842,0.0
768843,0.0
768844,0.0
768845,0.0
768846,0.0
768847,0.0
768848,0.0
768849,0.0
768850,0.0
768851,0.0
768852,0.0
768853,0.0
768854,0.0
768855,0.0
768856,0.0
768857,0.0
768858,0.0
768859,0.0
768860,0.0
768861,0.0
768862,0.0
768863,0.0
768864,0.0
768865,0.0
768866,0.0
768867,0.0
768868,0.0
768869,0.0
768870,0.0
768871,0.0
768872,0.0
768873,0.0
768874,0.0
768875,0.0
768876,0.0
768877,0.0
768878,0.0
768879,0.0
768880,0.0
768881,0.0
768882,0.0
768883,0.0
768884,0.0
768885,0.0
768886,0.0
768887,0.0
768888,0.0
768889,0.0
768890,0.0
768891,1.1467247e-37
768892,0.0
768893,0.0
768894,0.0
768895,0.0
768896,0.0
768897,0.0
768898,0.0
768899,0.0
768900,0.0
768901,0.0
768902,0.0
768903,0.0
768904,0.0
768905,0.0
768906,0.0
768907,0.0
768908,0.0
768909,0.0
768910,0.0
768911,0.0
768912,0.0
768913,0.0
768914,0.0
768915,0.0
768916,0.0
768917,0.0
768918,0.0
768919,0.0
768920,0.0
768921,0.0
768922,2.164954e-24
768923,0.0
768924,6.201101e-21
768925,0.0
768926,0.0
768927,0.0
768928,0.0
768929,0.0
768930,0.0
768931,0.0
768932,0.0
768933,0.0
768934,0.0
768935,0.0
768936,0.0
768937,0.0
768938,0.0
768939,0.0
768940,0.0
768941,0.0
768942,0.0
768943,0.0
768944,0.0
768945,0.0
768946,0.0
768947,8.958087e-18
768948,2.070244e-27
768949,0.0
768950,0.0
768951,0.0
768952,0.0
768953,0.0
768954,0.0
768955,0.0
768956,0.0
768957,0.0
768958,0.0
768959,0.0
768960,0.0
768961,0.0
768962,0.0
768963,0.0
768964,0.0
768965,0.0
768966,0.0
768967,0.0
768968,0.0
768969,0.0
768970,0.0
768971,0.0
768972,0.0
768973,0.0
768974,0.0
768975,0.0
768976,0.0
768977,0.0
768978,0.0
768979,0.0
768980,0.0
768981,0.0
768982,0.0
768983,0.0
768984,0.0
768985,0.0
768986,0.0
768987,0.0
768988,0.0
768989,0.0
768990,0.0
768991,0.0
768992,0.0
768993,0.0
768994,1.8012587e-30
768995,0.0
768996,0.0
768997,0.0
768998,0.0
768999,0.0
769000,0.0
769001,0.0
769002,0.0
769003,0.0
769004,0.0
769005,0.0
769006,0.0
769007,0.0
769008,0.0
769009,0.0
769010,0.0
769011,0.0
769012,0.0
769013,0.0
769014,0.0
769015,0.0
769016,0.0
769017,0.0
769018,0.0
769019,0.0
769020,0.0
769021,0.0
769022,0.0
769023,0.0
769024,0.0
769025,0.0
769026,0.0
769027,0.0
769028,0.0
769029,0.0
769030,0.0
769031,0.0
769032,0.0
769033,0.0
769034,0.0
769035,0.0
769036,0.0
769037,0.0
769038,0.0
769039,0.0
769040,0.0
769041,0.0
769042,0.0
769043,0.0
769044,0.0
769045,0.0
769046,0.0
769047,0.0
769048,0.0
769049,0.0
769050,0.0
769051,0.0
769052,0.0
769053,0.0
769054,0.0
769055,0.0
769056,0.0
769057,0.0
769058,0.0
769059,0.0
769060,0.0
769061,0.0
769062,0.0
769063,0.0
769064,0.0
769065,0.0
769066,3.622949e-23
769067,0.0
769068,0.0
769069,0.0
769070,0.0
769071,0.0
769072,0.0
769073,7.5276695e-37
769074,3.5070573e-35
769075,0.0
769076,0.0
769077,0.0
769078,0.0
769079,0.0
769080,0.0
769081,0.0
769082,0.0
769083,0.0
769084,0.0
769085,0.0
769086,0.0
769087,0.0
769088,0.0
769089,0.0
769090,0.0
769091,0.0
769092,0.0
769093,0.0
769094,0.0
769095,0.0
769096,0.0
769097,0.0
769098,0.0
769099,0.0
769100,0.0
769101,0.0
769102,0.0
769103,0.0
769104,0.0
769105,0.0
769106,0.0
769107,0.0
769108,0.0
769109,0.0
769110,0.0
769111,0.0
769112,0.0
769113,0.0
769114,0.0
769115,0.0
769116,0.0
769117,0.0
769118,0.0
769119,0.0
769120,0.0
769121,0.0
769122,0.0
769123,0.0
769124,0.0
769125,0.0
769126,0.0
769127,0.0
769128,0.0
769129,0.0
769130,0.0
769131,0.0
769132,0.0
769133,0.0
769134,0.0
769135,0.0
769136,0.0
769137,0.028082296
769138,0.0
769139,0.0
769140,0.0
769141,0.0
769142,0.0
769143,0.0
769144,0.0
769145,0.0
769146,0.0
769147,0.0
769148,0.0
769149,0.0
769150,0.0
769151,0.0
769152,0.0
769153,0.0
769154,0.0
769155,0.0
769156,0.0
769157,0.0
769158,0.0
769159,0.0
769160,0.0
769161,0.0
769162,0.0
769163,0.0
769164,0.0
769165,0.0
769166,0.0
769167,0.0
769168,0.0
769169,0.0
769170,0.0
769171,0.0
769172,0.0
769173,0.0
769174,0.0
769175,0.0
769176,0.0
769177,0.0
769178,0.0
769179,0.0
769180,0.0
769181,0.0
769182,0.0
769183,0.0
769184,0.0
769185,0.0
769186,0.0
769187,0.0
769188,0.0
769189,0.0
769190,0.0
769191,0.0
769192,0.0
769193,0.0
769194,0.0
769195,0.0
769196,0.0
769197,0.0
769198,0.0
769199,0.0
769200,0.0
769201,0.0
769202,0.0
769203,0.0
769204,0.0
769205,0.0
769206,0.0
769207,0.0
769208,0.0
769209,0.0
769210,0.0
769211,0.0
769212,0.0
769213,0.0
769214,0.0
769215,0.0
769216,0.0
769217,0.0
769218,0.0
769219,0.0
769220,0.0
769221,0.0
769222,0.0
769223,0.0
769224,0.0
769225,0.0
769226,0.0
769227,0.0
769228,0.0
769229,0.0
769230,0.0
769231,0.0
769232,0.36242384
769233,0.0
769234,0.0
769235,0.0
769236,0.0
769237,7.4339547e-37
769238,0.0
769239,0.0
769240,0.0
769241,0.0
769242,0.0
769243,0.0
769244,0.0
769245,0.0
769246,0.0
769247,0.0
769248,0.0
769249,0.0
769250,0.0
769251,0.0
769252,0.0
769253,0.0
769254,4.507498e-09
769255,0.0
769256,0.0
769257,0.0
769258,0.0
769259,0.0
769260,0.0
769261,0.0
769262,0.0
769263,0.0
769264,0.0
769265,0.0
769266,0.0
769267,0.0
769268,0.002157454
769269,0.0
769270,0.0
769271,0.0
769272,0.0
769273,0.0
769274,0.0
769275,0.0
769276,0.0
769277,0.0
769278,0.0
769279,0.0
769280,0.0
769281,0.0
769282,0.0
769283,0.0
769284,0.0
769285,0.0
769286,0.0
769287,0.0
769288,0.0
769289,0.0
769290,0.0
769291,0.0
769292,0.0
769293,0.0
769294,0.0
769295,0.0
769296,0.0
769297,0.0
769298,0.0
769299,0.0
769300,0.0
769301,0.0
769302,0.0
769303,0.0
769304,0.0
769305,0.0
769306,0.0
769307,0.0
769308,0.0
769309,0.0
769310,0.0
769311,0.0
769312,0.0
769313,0.0
769314,0.0
769315,0.0
769316,0.0
769317,0.0
769318,0.0
769319,0.0
769320,0.0
769321,0.0
769322,0.0
769323,0.0
769324,0.0
769325,0.0
769326,0.2881429
769327,0.0
769328,0.0
769329,0.0
769330,0.0
769331,0.0
769332,0.0
769333,0.0
769334,0.0
769335,0.0
769336,0.0
769337,0.0
769338,0.0
769339,0.0
769340,0.0
769341,0.0
769342,0.0
769343,0.0
769344,0.0
769345,0.0
769346,0.0
769347,0.0
769348,0.0
769349,0.0
769350,0.0
769351,0.0
769352,0.0
769353,0.0
769354,0.0
769355,0.0
769356,0.0
769357,0.0
769358,0.0
769359,0.0
769360,0.0
769361,0.0
769362,0.0
769363,0.0
769364,0.0
769365,0.0
769366,0.0
769367,0.0
769368,0.0
769369,0.0
769370,0.0
769371,0.0
769372,0.0
769373,0.0
769374,0.0
769375,0.0
769376,0.0
769377,0.0
769378,0.0
769379,0.0
769380,0.0
769381,0.0
769382,0.0
769383,0.0
769384,0.0
769385,0.0
769386,0.0
769387,0.0
769388,0.0
769389,0.0
769390,0.0
769391,0.0
769392,1.5228202e-35
769393,0.0
769394,0.0
769395,0.0
769396,0.0
769397,0.0
769398,0.0
769399,0.0
769400,0.0
769401,0.0
769402,0.0
769403,0.0
769404,0.0
769405,0.0
769406,0.0
769407,0.0
769408,0.0
769409,0.0
769410,0.0
769411,0.0
769412,0.0
769413,0.0
769414,0.0
769415,0.0
769416,0.0
769417,0.0
769418,0.0
769419,0.0
769420,0.0
769421,0.0
769422,0.0
769423,0.0
769424,0.0
769425,0.0
769426,0.0
769427,0.0
769428,0.0
769429,0.0
769430,0.0
769431,0.0
769432,0.0
769433,0.0
769434,0.0
769435,0.0
769436,0.0
769437,0.0
769438,0.0
769439,0.0
769440,0.0
769441,0.0
769442,0.0
769443,0.0
769444,7.849374e-35
769445,0.0
769446,0.0
769447,0.0
769448,0.0
769449,0.0
769450,0.0
769451,0.0
769452,0.0
769453,0.0
769454,0.0
769455,0.0
769456,0.0
769457,0.0
769458,0.0
769459,0.0
769460,0.0
769461,0.0
769462,0.0
769463,0.0
769464,0.0
769465,0.0
769466,0.0
769467,0.0
769468,0.0
769469,0.0
769470,0.0
769471,0.0
769472,0.0
769473,0.0
769474,0.0
769475,0.0
769476,0.0
769477,0.0
769478,0.0
769479,0.0
769480,0.0
769481,0.0
769482,0.0
769483,0.0
769484,0.0
769485,0.0
769486,0.0
769487,0.0
769488,0.0
769489,0.0
769490,0.0
769491,0.0
769492,0.0
769493,0.0
769494,0.0
769495,0.0
769496,0.0
769497,0.0
769498,0.0
769499,0.0
769500,0.0
769501,0.0
769502,0.0
769503,0.0
769504,0.0
769505,0.0
769506,0.0
769507,0.0
769508,0.0
769509,0.0
769510,0.0
769511,0.0
769512,0.0
769513,0.0
769514,0.0
769515,0.0
769516,0.0
769517,0.0
769518,0.0
769519,0.0
769520,0.0
769521,0.0
769522,0.0
769523,0.0
769524,0.0
769525,0.0
769526,0.0
769527,0.0
769528,0.0
769529,0.0
769530,0.0
769531,0.0
769532,0.0
769533,0.0
769534,0.0
769535,0.0
769536,0.0
769537,0.0
769538,0.0
769539,0.0
769540,0.0
769541,0.0
769542,0.0
769543,0.0
769544,0.0
769545,0.0
769546,0.0
769547,0.0
769548,0.0
769549,0.0
769550,2.2683096e-22
769551,0.0
769552,0.0
769553,0.0
769554,0.0
769555,0.0
769556,0.0
769557,0.0
769558,0.0
769559,0.0
769560,0.0
769561,0.0
769562,0.0
769563,0.0
769564,0.0
769565,0.0
769566,0.0
769567,0.0
769568,0.0
769569,0.0
769570,0.0
769571,0.0
769572,0.0
769573,0.0
769574,0.0
769575,0.0
769576,0.0
769577,0.0
769578,0.00012611678
769579,0.0
769580,0.0
769581,0.0
769582,0.0
769583,0.0
769584,0.0
769585,0.0
769586,0.0
769587,0.0
769588,0.0
769589,0.0
769590,0.0
769591,0.0
769592,0.0
769593,0.0
769594,0.0
769595,0.0
769596,0.0
769597,0.0
769598,0.0
769599,0.0
769600,0.0
769601,0.0
769602,1.6608827e-26
769603,0.0
769604,0.0
769605,0.0
769606,0.0
769607,0.0
769608,0.0
769609,0.0
769610,0.0
769611,0.0
769612,0.0
769613,0.0
769614,0.0
769615,0.0
769616,0.0
769617,0.0
769618,0.0
769619,0.0
769620,0.0
769621,0.0
769622,0.0
769623,0.0
769624,0.0
769625,0.0
769626,0.0
769627,0.0
769628,0.0
769629,0.0
769630,0.0
769631,0.0
769632,0.0
769633,0.0
769634,0.0
769635,0.0
769636,0.0
769637,0.0
769638,0.0
769639,0.0
769640,0.0
769641,0.0
769642,0.0
769643,0.0
769644,0.0
769645,0.0
769646,0.0
769647,0.0
769648,0.0
769649,0.0
769650,0.0
769651,0.0
769652,0.0
769653,0.0
769654,0.0
769655,0.0
769656,0.0
769657,0.0
769658,0.0
769659,0.0
769660,0.0
769661,0.0
769662,0.0
769663,0.0
769664,0.0
769665,0.0
769666,0.0
769667,0.0
769668,0.00017753002
769669,0.0
769670,0.0
769671,0.0
769672,0.0
769673,0.0
769674,0.0
769675,0.0
769676,0.0
769677,0.0
769678,0.0
769679,0.0
769680,0.0
769681,0.0
769682,0.0
769683,0.0
769684,0.0
769685,0.0
769686,0.0
769687,0.0
769688,0.0
769689,0.0
769690,0.0
769691,0.0
769692,0.0
769693,0.0
769694,0.0
769695,0.0
769696,0.0
769697,0.0
769698,0.0
769699,0.0
769700,0.0
769701,0.0
769702,0.0
769703,0.0
769704,0.0
769705,0.0
769706,0.0
769707,0.0
769708,0.0
769709,0.0
769710,0.0
769711,0.0
769712,0.0
769713,0.0
769714,0.0
769715,0.0
769716,0.0
769717,0.0
769718,0.0
769719,0.0
769720,0.0
769721,0.0
769722,0.0
769723,0.0
769724,0.0
769725,0.0
769726,0.0
769727,0.0
769728,0.0
769729,0.0
769730,0.0
769731,0.0
769732,0.0
769733,0.0
769734,0.0
769735,0.0
769736,0.0
769737,0.0
769738,6.1362066e-27
769739,0.0
769740,0.0
769741,0.0
769742,0.0
769743,0.0
769744,0.0
769745,0.0
769746,0.0
769747,0.0
769748,0.0
769749,7.9070605e-16
769750,0.0
769751,0.0
769752,0.0
769753,0.0
769754,0.0
769755,0.0
769756,0.0
769757,0.0
769758,0.0
769759,0.0
769760,0.0
769761,0.0
769762,0.0
769763,0.0
769764,0.0
769765,0.0
769766,0.0
769767,0.0
769768,0.0
769769,0.0
769770,0.0
769771,0.0
769772,0.0
769773,0.0
769774,0.0
769775,0.0
769776,0.0
769777,0.0
769778,0.0
769779,0.0
769780,0.0
769781,0.0
769782,0.0
769783,0.0
769784,0.0
769785,0.0
769786,0.0
769787,0.0
769788,0.0
769789,0.0
769790,0.0
769791,0.0
769792,0.0
769793,0.0
769794,0.0
769795,0.0
769796,0.0
769797,0.0
769798,0.0
769799,0.0
769800,0.0
769801,0.0
769802,0.0
769803,0.0
769804,0.0
769805,0.0
769806,0.0
769807,0.0
769808,0.0
769809,0.0
769810,0.0
769811,0.0
769812,0.0
769813,0.0
769814,0.0
769815,0.0
769816,0.0
769817,0.0
769818,0.0
769819,0.0
769820,0.0
769821,0.0
769822,0.0
769823,0.0
769824,0.0
769825,0.0
769826,0.0
769827,0.0
769828,0.0
769829,0.0
769830,0.0
769831,0.0
769832,0.0
769833,0.0
769834,0.0
769835,0.0
769836,0.0
769837,0.0
769838,0.0
769839,0.0
769840,0.0
769841,0.0
769842,0.0
769843,0.0
769844,0.0
769845,0.0
769846,0.0
769847,0.0
769848,0.0
769849,0.0
769850,0.0
769851,0.0
769852,0.0
769853,0.0
769854,0.0
769855,0.0
769856,0.0
769857,0.0
769858,0.0
769859,0.0
769860,0.0
769861,0.0
769862,0.0
769863,0.0
769864,0.0
769865,0.0
769866,0.0
769867,0.0
769868,0.0
769869,0.0
769870,0.0
769871,0.0
769872,0.0
769873,0.0
769874,0.0
769875,0.0
769876,0.0
769877,0.0
769878,0.0
769879,0.0
769880,0.0
769881,0.0
769882,0.0
769883,0.0
769884,0.0
769885,7.4637956e-06
769886,0.0
769887,0.0
769888,0.0
769889,0.0
769890,0.0
769891,0.0
769892,0.0
769893,0.0
769894,0.0
769895,0.0
769896,0.0
769897,0.0
769898,0.0
769899,0.0
769900,0.0
769901,0.0
769902,0.0
769903,0.0
769904,0.0
769905,0.0
769906,0.0
769907,0.0
769908,0.0
769909,0.0
769910,0.0
769911,0.0
769912,0.0
769913,0.0
769914,0.0
769915,0.0
769916,0.0
769917,0.0
769918,0.0
769919,0.0
769920,0.0
769921,0.0
769922,0.0
769923,0.0
769924,0.0
769925,0.0
769926,0.0
769927,0.0
769928,0.0
769929,0.0
769930,0.0
769931,0.0
769932,0.0
769933,0.0
769934,0.0
769935,0.0
769936,0.0
769937,0.0
769938,0.0
769939,0.0
769940,0.0
769941,0.0
769942,0.0
769943,0.0
769944,0.0
769945,0.0
769946,0.0
769947,0.0
769948,0.0
769949,0.0
769950,0.0
769951,0.0
769952,0.0
769953,0.0
769954,0.0
769955,0.0
769956,0.0
769957,0.0
769958,0.0
769959,0.0
769960,0.0
769961,0.0
769962,0.0
769963,0.0
769964,0.0
769965,0.0
769966,0.0
769967,0.0
769968,0.0
769969,0.0
769970,0.0
769971,0.0
769972,0.0
769973,0.0
769974,0.0
769975,0.0
769976,0.0
769977,0.0
769978,0.0
769979,0.0
769980,0.0
769981,0.0
769982,9.892264e-09
769983,0.0
769984,0.0
769985,0.0
769986,0.0
769987,0.0
769988,0.0
769989,0.0
769990,0.0
769991,0.0
769992,0.0
769993,0.0
769994,0.0
769995,0.0
769996,0.0
769997,0.0
769998,0.0
769999,0.0
770000,0.0
770001,0.0
770002,0.0
770003,0.0
770004,0.0
770005,0.0
770006,0.0
770007,0.0
770008,0.0
770009,0.0
770010,0.0
770011,0.0
770012,0.0
770013,0.0
770014,0.0
770015,0.0
770016,0.0
770017,0.0
770018,0.0
770019,0.0
770020,0.0
770021,0.0
770022,0.0
770023,0.0
770024,0.0
770025,0.0
770026,0.0
770027,0.0
770028,0.0
770029,0.0
770030,0.0
770031,0.0
770032,0.0
770033,0.0
770034,0.0
770035,0.0
770036,0.0
770037,0.0
770038,0.0
770039,0.0
770040,0.0
770041,0.0
770042,0.0
770043,0.0
770044,0.0
770045,0.0
770046,0.0
770047,0.0
770048,0.0
770049,0.0
770050,0.0
770051,0.0
770052,0.0
770053,0.0
770054,0.0
770055,0.0
770056,0.0
770057,0.0
770058,0.0
770059,0.0
770060,0.0
770061,0.0
770062,0.0
770063,0.0
770064,0.0
770065,0.0
770066,0.0
770067,0.0
770068,0.0
770069,0.0
770070,0.0
770071,0.0
770072,0.0
770073,0.0
770074,0.0
770075,0.0
770076,0.0
770077,0.0
770078,0.0
770079,0.0
770080,0.0
770081,0.0
770082,0.0
770083,0.0
770084,0.0
770085,0.0
770086,0.0
770087,0.0
770088,0.0
770089,0.0
770090,0.0
770091,0.0
770092,0.0
770093,0.0
770094,0.0
770095,0.0
770096,0.0
770097,0.0
770098,0.0
770099,0.0
770100,0.0
770101,0.0
770102,0.0
770103,0.0
770104,0.0
770105,0.0
770106,0.0
770107,0.0
770108,0.0
770109,0.0
770110,0.0
770111,0.0
770112,0.0
770113,0.0
770114,0.0
770115,0.0
770116,0.0
770117,0.0
770118,0.0
770119,0.0
770120,0.0
770121,0.0
770122,0.0
770123,0.0
770124,0.0
770125,0.0
770126,0.0
770127,0.0
770128,0.0
770129,0.0
770130,0.0
770131,0.0
770132,0.0
770133,0.0
770134,0.0
770135,0.0
770136,0.0
770137,0.0
770138,0.0
770139,0.0
770140,0.0
770141,0.0
770142,0.0
770143,0.0
770144,0.0
770145,0.0
770146,0.0
770147,0.0
770148,0.0
770149,0.0
770150,0.0
770151,0.0
770152,0.0
770153,0.0
770154,0.0
770155,0.0
770156,0.0
770157,0.0
770158,0.0
770159,0.0
770160,0.0
770161,0.0
770162,0.0
770163,0.0
770164,0.0
770165,0.0
770166,0.0
770167,0.0
770168,0.0
770169,0.0
770170,0.0
770171,0.0
770172,0.0
770173,0.0
770174,0.0
770175,0.0
770176,0.0
770177,0.0
770178,0.0
770179,0.0
770180,0.0
770181,0.0
770182,0.0
770183,0.0
770184,0.0
770185,0.0
770186,0.0
770187,0.0
770188,0.0
770189,0.0
770190,0.0
770191,0.0
770192,0.0
770193,0.0
770194,0.0
770195,0.26900136
770196,0.0
770197,0.0
770198,0.0
770199,0.0
770200,0.0
770201,0.0
770202,0.0
770203,0.0
770204,0.0
770205,0.0
770206,0.0
770207,0.0
770208,0.0
770209,0.0
770210,0.0
770211,0.0
770212,0.0
770213,0.0
770214,0.0
770215,0.0
770216,0.0
770217,0.0
770218,0.0
770219,0.0
770220,0.0
770221,0.0
770222,0.0
770223,0.0
770224,0.0
770225,0.0
770226,0.0
770227,0.0
770228,0.0
770229,0.0
770230,0.0
770231,0.0
770232,0.0
770233,0.0
770234,0.0
770235,0.0
770236,0.0
770237,0.0
770238,0.0
770239,0.0
770240,0.0
770241,0.0
770242,0.0
770243,0.0
770244,0.0
770245,0.0
770246,0.0
770247,0.0
770248,0.0
770249,0.0
770250,0.0
770251,0.0
770252,0.0
770253,0.0
770254,0.0
770255,0.0
770256,0.0
770257,0.0
770258,0.0
770259,0.0
770260,0.0
770261,0.0
770262,0.0
770263,0.0
770264,0.0
770265,0.0
770266,0.0
770267,0.0
770268,0.0
770269,0.0
770270,0.0
770271,0.0
770272,0.0
770273,0.0
770274,0.0
770275,0.0
770276,0.0
770277,0.0
770278,0.0
770279,0.0
770280,0.0
770281,0.0
770282,0.0
770283,0.0
770284,0.0
770285,0.0
770286,0.0
770287,0.0
770288,0.0
770289,0.0
770290,0.0
770291,0.0
770292,0.0
770293,0.0
770294,0.0
770295,0.0
770296,0.0
770297,6.167339e-11
770298,0.0
770299,0.0
770300,0.0
770301,0.0
770302,0.0
770303,0.0
770304,0.0
770305,0.0
770306,0.0
770307,0.0
770308,0.0
770309,0.0
770310,0.0
770311,0.0
770312,0.0
770313,0.0
770314,0.0
770315,0.0
770316,0.0
770317,0.0
770318,0.0
770319,0.0
770320,0.0
770321,0.0
770322,0.0
770323,0.0
770324,0.0
770325,0.0
770326,0.0
770327,0.0
770328,0.0
770329,0.0
770330,0.0
770331,0.0
770332,0.0
770333,0.0
770334,0.0
770335,0.0
770336,0.0
770337,0.0
770338,0.0
770339,0.0
770340,0.0
770341,0.0
770342,0.0
770343,0.0
770344,0.0
770345,0.0
770346,0.0
770347,0.0
770348,0.0
770349,0.0
770350,0.0
770351,0.0
770352,0.0
770353,0.0
770354,3.267586e-15
770355,0.0
770356,0.0
770357,0.0
770358,0.0
770359,0.0
770360,0.0
770361,0.0
770362,0.0
770363,0.0
770364,0.0
770365,0.0
770366,0.0
770367,0.0
770368,0.0
770369,0.025304755
770370,0.0
770371,0.0
770372,0.0
770373,0.0
770374,0.0
770375,0.0
770376,0.0
770377,0.0
770378,0.0
770379,0.0
770380,0.0
770381,0.0
770382,0.0
770383,0.0
770384,0.0
770385,0.0
770386,0.0
770387,0.0
770388,0.0
770389,0.0
770390,0.0
770391,0.0
770392,0.0
770393,0.0
770394,0.0
770395,0.0
770396,0.0
770397,0.0
770398,0.0
770399,0.0
770400,0.0
770401,0.0
770402,0.0
770403,0.0
770404,0.0
770405,0.0
770406,0.021296611
770407,0.0
770408,0.0
770409,0.0
770410,0.0
770411,0.0
770412,0.0
770413,0.0
770414,0.0
770415,0.0
770416,0.0
770417,0.0
770418,0.0
770419,0.0
770420,0.0
770421,0.0
770422,0.0
770423,0.0
770424,0.0
770425,0.0
770426,0.0
770427,0.0
770428,0.0
770429,0.0
770430,0.0
770431,0.0
770432,0.0
770433,0.0
770434,0.0
770435,0.0
770436,0.0
770437,0.0
770438,0.0
770439,0.0
770440,0.0
770441,0.0
770442,0.0
770443,0.0
770444,0.0
770445,0.0
770446,0.0
770447,0.0
770448,0.0
770449,0.0
770450,0.0
770451,0.0
770452,0.0
770453,0.0
770454,0.0
770455,0.0
770456,0.0
770457,0.0
770458,0.0
770459,0.0
770460,0.0
770461,0.0
770462,0.0
770463,0.0
770464,0.0
770465,0.0
770466,0.0
770467,0.0
770468,0.0
770469,0.0
770470,0.0
770471,0.0
770472,0.0
770473,0.0
770474,0.0
770475,0.0
770476,0.0
770477,0.0
770478,0.0
770479,0.0
770480,0.0
770481,0.0
770482,0.0
770483,0.0
770484,0.0
770485,0.0
770486,0.0
770487,0.0
770488,0.0
770489,0.0
770490,0.0
770491,0.0
770492,0.0
770493,0.0
770494,0.0
770495,0.0
770496,0.0
770497,0.0
770498,0.0
770499,0.0
770500,0.0
770501,0.0
770502,0.0
770503,0.0
770504,0.0
770505,0.0
770506,0.0
770507,0.0
770508,0.0
770509,0.0
770510,0.0
770511,0.0
770512,0.0
770513,0.0
770514,0.0
770515,0.0
770516,0.0
770517,0.0
770518,0.0
770519,0.0
770520,0.0
770521,0.0
770522,0.0
770523,0.0
770524,0.0
770525,0.0
770526,0.0
770527,0.0
770528,0.0
770529,0.0
770530,0.0
770531,0.0
770532,0.0
770533,0.0
770534,0.0
770535,0.0
770536,0.0
770537,0.0
770538,0.0
770539,0.0
770540,0.0
770541,0.0
770542,0.0
770543,0.0
770544,0.0
770545,0.0
770546,0.0
770547,0.0
770548,0.0
770549,0.0
770550,0.0
770551,0.0
770552,0.0
770553,0.0
770554,0.0
770555,0.0
770556,0.0
770557,0.0
770558,0.0
770559,0.0
770560,0.0
770561,0.0
770562,0.0
770563,0.0
770564,0.0
770565,0.0
770566,0.0
770567,0.0
770568,0.0
770569,0.0
770570,0.0
770571,0.0
770572,0.0
770573,0.0
770574,0.0
770575,0.0
770576,0.0
770577,0.0
770578,0.0
770579,0.0
770580,0.0
770581,0.0
770582,0.0
770583,0.0
770584,0.0
770585,0.0
770586,0.0
770587,0.0
770588,0.0
770589,0.0
770590,0.0
770591,0.0
770592,0.0
770593,0.0
770594,0.0
770595,0.0
770596,0.0
770597,0.0
770598,0.0
770599,0.0
770600,0.0
770601,0.0
770602,0.0
770603,0.0
770604,0.0
770605,0.0
770606,0.0
770607,0.0
770608,0.0
770609,0.0
770610,0.0
770611,0.0
770612,0.0
770613,0.0
770614,0.0
770615,0.0
770616,0.0
770617,0.0
770618,0.0
770619,0.0
770620,0.0
770621,0.0
770622,0.0
770623,0.0
770624,0.0
770625,0.0
770626,0.0
770627,0.0
770628,0.0
770629,0.0
770630,0.0
770631,0.0
770632,0.0
770633,0.0
770634,0.0
770635,0.0
770636,0.0
770637,0.0
770638,0.0
770639,0.0
770640,0.0
770641,0.0
770642,0.0
770643,0.0
770644,0.0
770645,0.0
770646,0.0
770647,0.0
770648,0.0
770649,0.0
770650,0.0
770651,0.0
770652,0.0
770653,0.0
770654,0.0
770655,0.0
770656,0.0
770657,0.0
770658,0.0
770659,0.0
770660,0.0
770661,0.0
770662,0.0
770663,0.0
770664,0.0
770665,0.0
770666,0.0
770667,0.0
770668,1.2055188e-20
770669,0.0
770670,0.0
770671,0.0
770672,0.0
770673,0.0
770674,0.0
770675,0.0
770676,0.0
770677,0.0
770678,0.0
770679,0.0
770680,0.0
770681,0.0
770682,0.0
770683,0.0
770684,0.0
770685,0.0
770686,0.0
770687,0.0
770688,0.0
770689,0.0
770690,0.0
770691,0.0
770692,0.0
770693,0.0
770694,0.0
770695,0.0
770696,0.0
770697,0.0
770698,0.0
770699,0.0
770700,0.0
770701,0.0
770702,0.0
770703,0.0
770704,0.0
770705,0.0
770706,0.0
770707,0.0
770708,0.0
770709,0.0
770710,0.0
770711,0.0
770712,0.0
770713,0.0
770714,0.0
770715,0.0
770716,0.0
770717,0.0
770718,0.0
770719,0.0
770720,0.0
770721,0.0
770722,0.0
770723,0.0
770724,0.0
770725,0.0
770726,0.0
770727,0.0
770728,0.0
770729,0.0
770730,0.0
770731,0.0
770732,0.0
770733,0.0
770734,0.0
770735,0.0
770736,0.0
770737,0.0
770738,0.0
770739,0.0
770740,0.0
770741,0.0
770742,0.0
770743,0.0
770744,0.0
770745,0.0
770746,0.0
770747,0.0
770748,0.0
770749,0.0
770750,0.0
770751,0.0
770752,0.0
770753,0.0
770754,0.0
770755,0.0
770756,0.0
770757,0.0
770758,0.0
770759,0.0
770760,0.0
770761,0.0
770762,4.348435e-08
770763,0.0
770764,0.0
770765,0.0
770766,0.0
770767,0.0
770768,0.0
770769,0.0
770770,0.0
770771,0.0
770772,0.0
770773,0.0
770774,0.0
770775,0.0
770776,0.0
770777,0.0
770778,0.0
770779,0.0
770780,0.0
770781,0.0
770782,0.0
770783,0.0
770784,0.0
770785,0.0
770786,0.0
770787,0.0
770788,0.0
770789,0.0
770790,0.0
770791,0.0
770792,0.0
770793,0.0
770794,0.0
770795,0.0
770796,0.0
770797,0.0
770798,0.0
770799,0.0
770800,0.0
770801,0.0
770802,0.0
770803,0.0
770804,0.0
770805,0.0
770806,0.0
770807,0.0
770808,0.0
770809,0.0
770810,0.0
770811,0.0
770812,0.0
770813,0.0
770814,0.0
770815,0.0
770816,0.0
770817,0.0
770818,0.0
770819,0.0
770820,0.0
770821,0.0
770822,0.0
770823,0.0
770824,0.0
770825,0.0
770826,0.0
770827,0.0
770828,0.0
770829,0.0
770830,0.0
770831,0.0
770832,0.0
770833,0.0
770834,0.0
770835,0.0
770836,0.0
770837,0.0
770838,0.0
770839,0.0
770840,0.0
770841,0.0
770842,0.0
770843,0.0
770844,0.0
770845,0.0
770846,0.0
770847,0.0
770848,0.0
770849,0.0
770850,0.0
770851,0.0
770852,0.0
770853,6.872812e-09
770854,0.0
770855,0.0
770856,0.0
770857,0.0
770858,0.0
770859,0.0
770860,0.0
770861,0.0
770862,0.0
770863,0.0
770864,0.0
770865,0.0
770866,0.0
770867,0.0
770868,0.0
770869,0.0
770870,0.0
770871,0.0
770872,0.0
770873,0.0
770874,0.0
770875,0.0
770876,0.0
770877,0.0
770878,0.0
770879,0.0
770880,0.0
770881,0.0
770882,0.0
770883,0.0
770884,0.0
770885,0.0
770886,0.0
770887,0.0
770888,0.0
770889,0.0
770890,0.0
770891,0.0
770892,0.0
770893,0.0
770894,0.0
770895,0.0
770896,0.0
770897,0.0
770898,0.0
770899,0.0
770900,0.0
770901,0.0
770902,0.0
770903,0.0
770904,0.0
770905,0.0
770906,0.0
770907,0.0
770908,0.0
770909,0.0
770910,0.0
770911,0.0
770912,0.0
770913,0.0
770914,0.0
770915,0.0
770916,0.0
770917,0.0
770918,0.0
770919,0.0
770920,0.0
770921,0.0
770922,0.0
770923,0.0
770924,0.0
770925,0.0
770926,0.0
770927,0.0
770928,0.0
770929,0.0
770930,0.0
770931,0.0
770932,0.0
770933,0.0
770934,0.0
770935,0.0
770936,0.0
770937,0.0
770938,0.0
770939,0.0
770940,0.0
770941,0.0
770942,0.0
770943,0.0
770944,0.0
770945,0.0
770946,0.0
770947,0.0
770948,0.0
770949,0.0
770950,0.0
770951,0.0
770952,0.0
770953,0.0
770954,0.0
770955,0.0
770956,0.0
770957,0.0
770958,0.0
770959,0.0
770960,0.0
770961,0.0
770962,0.0
770963,0.0
770964,0.0
770965,0.0
770966,0.0
770967,0.0
770968,0.0
770969,0.0
770970,0.0
770971,0.0
770972,0.0
770973,0.0
770974,0.0
770975,0.0
770976,0.0
770977,0.0
770978,0.0
770979,0.0
770980,0.0
770981,0.0
770982,0.0
770983,0.0
770984,0.0
770985,0.0
770986,0.0
770987,0.0
770988,0.0
770989,0.0
770990,0.0
770991,0.0
770992,0.0
770993,0.0
770994,0.0
770995,0.0
770996,0.0
770997,0.0
770998,0.0
770999,0.0
771000,0.0
771001,0.0
771002,0.0
771003,0.0
771004,0.0
771005,0.0
771006,0.0
771007,0.0
771008,0.0
771009,0.0
771010,0.0
771011,0.0
771012,0.0
771013,0.0
771014,0.0
771015,0.0
771016,0.0
771017,0.0
771018,0.0
771019,0.0
771020,0.0
771021,0.0
771022,0.0
771023,0.00013711203
771024,0.0
771025,0.0
771026,0.0
771027,0.0
771028,0.0
771029,0.0
771030,0.0
771031,0.0
771032,0.0
771033,0.014207993
771034,0.0
771035,0.0
771036,0.0
771037,0.0
771038,0.0
771039,0.0
771040,0.0
771041,0.0
771042,0.0
771043,0.0
771044,0.0
771045,0.0
771046,0.0
771047,0.0
771048,0.0
771049,0.0
771050,0.0
771051,0.0
771052,0.0
771053,0.0
771054,0.0
771055,0.0
771056,0.0
771057,0.0
771058,0.0
771059,0.0
771060,0.0
771061,0.0
771062,0.0
771063,0.0
771064,0.0
771065,0.0
771066,0.0
771067,0.0
771068,0.0
771069,0.0
771070,0.0
771071,0.0
771072,0.0
771073,0.0
771074,0.0
771075,0.0
771076,0.0
771077,0.0
771078,0.0
771079,0.0
771080,0.0
771081,0.0
771082,0.0
771083,0.0
771084,0.0
771085,0.0
771086,0.0
771087,0.0
771088,0.0
771089,0.0
771090,0.0
771091,0.0
771092,0.0
771093,0.0
771094,0.0
771095,0.0
771096,0.0
771097,0.0
771098,0.0
771099,0.0
771100,0.0
771101,0.0
771102,0.0
771103,0.0
771104,0.0
771105,0.0
771106,0.0
771107,0.0
771108,0.0
771109,0.0
771110,0.0
771111,0.0
771112,0.0
771113,0.0
771114,0.0
771115,0.0
771116,0.0
771117,0.0
771118,0.0
771119,0.0
771120,0.0
771121,0.0
771122,0.0
771123,0.0
771124,9.243203e-15
771125,0.0
771126,0.0
771127,0.0
771128,0.0
771129,0.0
771130,0.0
771131,0.0
771132,0.0
771133,0.0
771134,0.0
771135,0.0
771136,0.0
771137,0.0
771138,0.0
771139,0.0
771140,0.0
771141,0.0
771142,0.0
771143,0.0
771144,0.0
771145,0.0
771146,0.0
771147,0.0
771148,0.0
771149,0.0
771150,0.0
771151,0.0
771152,0.0
771153,0.0
771154,0.0
771155,0.0
771156,0.0
771157,0.0
771158,0.0
771159,0.0
771160,0.0
771161,0.0
771162,0.0
771163,0.0
771164,0.0
771165,1.0089663e-15
771166,0.0
771167,0.0
771168,0.0
771169,0.0
771170,0.0
771171,0.0
771172,0.0
771173,0.0
771174,0.0
771175,0.0
771176,0.0
771177,0.0
771178,0.0
771179,0.0
771180,0.0
771181,0.0
771182,0.0
771183,0.0
771184,0.0
771185,0.0
771186,0.0
771187,0.0
771188,0.0
771189,0.0
771190,0.0
771191,0.0
771192,0.0
771193,0.0
771194,0.0
771195,0.0
771196,0.0
771197,0.0
771198,0.0
771199,0.0
771200,0.0
771201,0.0
771202,0.0
771203,0.0
771204,0.0
771205,0.0
771206,0.0
771207,0.0
771208,0.0
771209,0.0
771210,0.0
771211,0.0
771212,0.0
771213,0.0
771214,0.0
771215,0.0
771216,0.0
771217,0.0
771218,0.0
771219,0.0
771220,0.0
771221,0.0
771222,0.0
771223,0.0
771224,0.0
771225,0.0
771226,0.0
771227,0.0
771228,0.0
771229,0.0
771230,0.0
771231,0.0
771232,0.0
771233,0.0
771234,0.0
771235,0.0
771236,0.0
771237,0.0
771238,0.0
771239,0.0
771240,0.0
771241,0.0
771242,0.0
771243,0.0
771244,0.0
771245,0.0
771246,0.0
771247,0.0
771248,0.0
771249,0.0
771250,0.0
771251,0.0
771252,0.0
771253,0.0
771254,0.0
771255,0.0
771256,0.0
771257,0.0
771258,0.0
771259,0.0
771260,0.0
771261,0.0
771262,0.0
771263,0.0
771264,0.0
771265,0.0
771266,0.0
771267,0.0
771268,0.0
771269,0.0
771270,0.0
771271,0.0
771272,0.0
771273,0.0
771274,0.0
771275,0.0
771276,0.0
771277,0.0
771278,0.0
771279,0.0
771280,0.0
771281,0.0
771282,0.0
771283,0.0
771284,0.0
771285,0.0
771286,0.0
771287,0.0
771288,0.0
771289,0.0
771290,0.0
771291,0.0
771292,0.0
771293,0.0
771294,0.0
771295,0.0
771296,0.0
771297,0.0
771298,0.0
771299,0.0
771300,0.0
771301,0.0
771302,0.0
771303,0.0
771304,0.0
771305,0.0
771306,0.0
771307,0.0
771308,0.0
771309,0.0
771310,0.0
771311,0.0
771312,0.0
771313,0.0
771314,0.0
771315,0.0
771316,0.0
771317,0.0
771318,0.0
771319,0.0
771320,0.0
771321,0.0
771322,0.0
771323,0.0
771324,0.0
771325,0.0
771326,0.0
771327,0.0
771328,0.0
771329,0.0
771330,0.0
771331,0.0
771332,0.0
771333,0.0
771334,0.0
771335,0.0
771336,0.0
771337,0.0
771338,0.0
771339,0.0
771340,0.0
771341,0.0
771342,0.0
771343,0.0
771344,0.0
771345,0.0
771346,0.0
771347,0.0
771348,0.0
771349,0.0
771350,0.0
771351,0.0
771352,0.0
771353,0.0
771354,0.0
771355,0.0
771356,0.0
771357,0.0
771358,0.0
771359,0.0
771360,0.0
771361,0.0
771362,0.0
771363,0.0
771364,0.0
771365,0.0
771366,0.0
771367,0.0
771368,0.0
771369,0.0
771370,0.0
771371,0.0
771372,0.0
771373,0.0
771374,0.0
771375,0.0
771376,0.0
771377,0.0
771378,0.0
771379,0.0
771380,0.0
771381,0.0
771382,0.0
771383,0.0
771384,0.0
771385,0.0
771386,0.0
771387,0.0
771388,0.0
771389,0.0
771390,0.0
771391,0.0
771392,0.0
771393,0.0
771394,0.0
771395,0.0
771396,0.0
771397,0.0
771398,0.0
771399,0.0
771400,0.0
771401,0.0
771402,0.0
771403,0.0
771404,0.0
771405,0.0
771406,0.0
771407,0.0
771408,0.0
771409,0.0
771410,0.0
771411,0.0
771412,0.0
771413,0.0
771414,0.0
771415,0.0
771416,0.0
771417,0.0
771418,0.0
771419,0.0
771420,0.0
771421,0.0
771422,0.0
771423,0.0
771424,0.0
771425,0.0
771426,0.0
771427,0.0
771428,0.0
771429,0.0
771430,0.0
771431,0.0
771432,0.0
771433,0.0
771434,0.0
771435,0.0
771436,0.0
771437,0.0
771438,0.0
771439,0.0
771440,0.0
771441,0.0
771442,0.0
771443,0.0
771444,0.0
771445,0.0
771446,0.0
771447,0.0
771448,0.0
771449,0.0
771450,0.0
771451,0.0
771452,0.0
771453,0.0
771454,0.0
771455,0.0
771456,0.0
771457,0.0
771458,0.0
771459,0.0
771460,0.0
771461,0.0
771462,0.0
771463,0.0
771464,0.0
771465,0.0
771466,0.0
771467,0.0
771468,0.0
771469,0.0
771470,0.0
771471,0.0
771472,0.0
771473,0.0
771474,0.0
771475,0.0
771476,0.0
771477,0.0
771478,0.0
771479,0.0
771480,0.0
771481,0.0
771482,0.0
771483,0.0
771484,0.0
771485,0.0
771486,0.0
771487,0.0
771488,0.0
771489,0.0
771490,0.0
771491,0.0
771492,0.0
771493,0.0
771494,0.0
771495,0.0
771496,0.0
771497,0.0
771498,0.0
771499,0.0
771500,0.0
771501,0.0
771502,0.0
771503,0.0
771504,0.0
771505,0.0
771506,0.0
771507,0.0
771508,0.0
771509,0.0
771510,0.0
771511,0.0
771512,0.0
771513,0.0
771514,0.0
771515,0.0
771516,1.8465138e-07
771517,0.0
771518,0.0
771519,0.0
771520,0.0
771521,0.0
771522,0.0
771523,0.0
771524,0.0
771525,0.0
771526,0.0
771527,0.0
771528,0.0
771529,0.0
771530,0.0
771531,0.0
771532,0.0
771533,0.0
771534,0.0
771535,0.0
771536,0.0
771537,0.0
771538,0.0
771539,0.0
771540,0.0
771541,0.0
771542,0.0
771543,0.0
771544,0.0
771545,0.0
771546,0.0
771547,0.0
771548,0.0
771549,0.0
771550,0.0
771551,0.0
771552,0.0
771553,0.0
771554,0.0
771555,0.0
771556,0.0
771557,0.0
771558,0.0
771559,0.0
771560,0.0
771561,0.0
771562,0.0
771563,0.0
771564,0.0
771565,0.0
771566,0.0
771567,0.0
771568,0.0
771569,0.0
771570,0.0
771571,0.0
771572,0.0
771573,0.0
771574,0.0
771575,0.0
771576,0.0
771577,0.0
771578,0.0
771579,0.0
771580,0.0
771581,0.0
771582,0.0
771583,0.0
771584,0.0
771585,0.0
771586,0.0
771587,0.0
771588,0.0
771589,0.0
771590,0.0
771591,0.0
771592,0.0
771593,0.0
771594,0.0
771595,0.0
771596,0.0
771597,0.0
771598,0.0
771599,0.0
771600,0.0
771601,0.0
771602,0.0
771603,0.0
771604,0.0
771605,0.0
771606,0.0
771607,0.0
771608,0.0
771609,0.0
771610,0.0
771611,0.0
771612,0.0
771613,0.0
771614,0.0
771615,0.0
771616,0.0
771617,0.0
771618,0.0
771619,0.0
771620,0.0
771621,0.0
771622,0.0
771623,0.0
771624,0.0
771625,0.0
771626,0.0
771627,0.0
771628,0.0
771629,0.0
771630,0.0
771631,0.0
771632,0.0
771633,0.0
771634,0.0
771635,0.0
771636,0.0
771637,0.0
771638,0.0
771639,0.0
771640,0.0
771641,0.0
771642,0.0
771643,0.0
771644,0.0
771645,0.0
771646,0.0
771647,0.0
771648,0.0
771649,0.0
771650,0.0
771651,0.0
771652,0.0
771653,0.0
771654,0.0
771655,0.0
771656,0.0
771657,0.0
771658,0.0
771659,0.0
771660,0.0
771661,0.0
771662,0.0
771663,0.0
771664,0.0
771665,0.0
771666,0.0
771667,0.0
771668,0.0
771669,0.0
771670,0.0
771671,0.0
771672,0.0
771673,0.0
771674,0.0
771675,0.0
771676,0.0
771677,0.0
771678,0.0
771679,0.0
771680,0.0
771681,0.0
771682,0.0
771683,0.0
771684,0.0
771685,0.0
771686,0.0
771687,0.0
771688,0.0
771689,0.0
771690,0.0
771691,0.0
771692,0.0
771693,0.0
771694,0.0
771695,0.0
771696,0.0
771697,0.0
771698,0.0
771699,0.0
771700,0.0
771701,0.0
771702,0.0
771703,0.0
771704,0.0
771705,0.0
771706,0.0
771707,0.0
771708,0.0
771709,0.0
771710,0.0
771711,0.0
771712,0.0
771713,0.0
771714,0.0
771715,0.0
771716,0.0
771717,0.0
771718,0.0
771719,0.0
771720,0.0
771721,0.0
771722,0.0
771723,0.0
771724,0.0
771725,0.0
771726,0.0
771727,0.0
771728,0.0
771729,0.0
771730,0.0
771731,0.0
771732,0.0
771733,0.0
771734,0.0
771735,0.0
771736,0.0
771737,0.0
771738,0.0
771739,0.0
771740,1.8218662e-37
771741,0.0
771742,0.0
771743,0.0
771744,0.0
771745,0.0
771746,0.0
771747,0.0
771748,0.0
771749,0.0
771750,0.0
771751,0.0
771752,0.0
771753,0.0
771754,0.0
771755,0.0
771756,0.0
771757,0.0
771758,0.0
771759,0.0
771760,0.0
771761,0.0
771762,0.0
771763,0.0
771764,0.0
771765,0.0
771766,0.0
771767,0.0
771768,0.0
771769,0.0
771770,0.0
771771,0.0
771772,0.0
771773,0.0
771774,0.0
771775,0.0
771776,0.0
771777,0.0
771778,0.0
771779,0.0
771780,0.0
771781,0.0
771782,0.0
771783,0.0
771784,0.0
771785,0.0
771786,0.0
771787,0.0
771788,0.0
771789,0.0
771790,3.0227086e-34
771791,0.0
771792,0.0
771793,0.0
771794,0.0
771795,0.0
771796,0.0
771797,0.0
771798,0.0
771799,0.0
771800,0.0
771801,0.0
771802,0.0
771803,0.0
771804,0.0
771805,0.0
771806,0.0
771807,0.0
771808,0.0
771809,0.0
771810,0.0
771811,0.0
771812,0.0
771813,0.0
771814,0.0
771815,0.0
771816,0.0
771817,0.0
771818,0.0
771819,0.26527384
771820,0.0
771821,0.0
771822,0.0
771823,0.0
771824,0.0
771825,0.0
771826,0.0
771827,0.0
771828,0.0
771829,0.0
771830,0.0
771831,0.0
771832,0.0
771833,0.0
771834,0.0
771835,0.0
771836,0.0
771837,0.0
771838,0.0
771839,0.0
771840,0.0
771841,0.0
771842,0.0
771843,0.0
771844,0.0
771845,0.0
771846,0.0
771847,0.0
771848,0.0
771849,0.0
771850,0.0
771851,0.0
771852,0.0
771853,0.0
771854,0.0
771855,0.0
771856,0.0
771857,0.0
771858,0.0
771859,0.0
771860,0.0
771861,0.0
771862,0.0
771863,0.0
771864,0.0
771865,0.0
771866,0.0
771867,0.0
771868,0.0
771869,0.0
771870,0.0
771871,0.0
771872,0.0
771873,0.0
771874,0.0
771875,0.0
771876,0.0
771877,0.0
771878,0.0
771879,0.0
771880,0.0
771881,0.0
771882,0.0
771883,0.0
771884,0.0
771885,0.0
771886,0.0
771887,0.0
771888,0.0
771889,0.0
771890,0.0
771891,0.0
771892,0.0
771893,0.0
771894,0.0
771895,0.0
771896,0.0
771897,0.0
771898,0.0
771899,0.0
771900,0.0
771901,0.0
771902,0.0
771903,0.0
771904,0.0
771905,0.0
771906,0.0
771907,0.0
771908,0.0
771909,0.0
771910,0.0
771911,0.0
771912,0.0
771913,0.0
771914,0.0
771915,0.0
771916,0.0
771917,0.0
771918,0.0
771919,0.0
771920,0.0
771921,0.0
771922,0.0
771923,0.0
771924,0.0
771925,0.0
771926,0.0
771927,0.0
771928,0.0
771929,0.0
771930,0.0
771931,0.0
771932,0.0
771933,0.0
771934,0.0
771935,0.0
771936,0.0
771937,0.0
771938,0.0
771939,3.742696e-13
771940,0.0
771941,0.0
771942,0.36242384
771943,0.0
771944,0.0
771945,0.0
771946,0.0
771947,0.0
771948,0.0
771949,0.0
771950,0.0
771951,0.0
771952,0.0
771953,0.0
771954,0.0
771955,0.0
771956,0.0
771957,0.0
771958,0.0
771959,0.0
771960,0.0
771961,0.0
771962,0.0
771963,0.0
771964,0.0
771965,0.0
771966,0.0
771967,4.751732e-39
771968,0.0
771969,0.0
771970,0.0
771971,0.0
771972,0.0
771973,0.0
771974,0.0
771975,0.0
771976,0.0
771977,0.0
771978,0.0
771979,0.0
771980,0.0
771981,0.0
771982,0.0
771983,0.0
771984,0.0
771985,0.0
771986,0.0
771987,0.0
771988,0.0
771989,0.0
771990,0.0
771991,0.0
771992,0.0
771993,0.0
771994,0.0
771995,0.0
771996,0.0
771997,0.0
771998,0.0
771999,0.0
772000,0.0
772001,0.0
772002,0.0
772003,0.0
772004,0.0
772005,0.0
772006,0.0
772007,0.0
772008,0.0
772009,0.0
772010,0.0
772011,0.0
772012,0.0
772013,0.0
772014,0.0
772015,0.0
772016,0.0
772017,0.0
772018,0.0
772019,0.0
772020,0.0
772021,0.0
772022,0.0
772023,0.0
772024,0.0
772025,0.0
772026,0.0
772027,0.0
772028,0.0
772029,0.0
772030,0.0
772031,8.149268e-28
772032,0.0
772033,0.0
772034,0.0
772035,0.0
772036,0.0
772037,0.0
772038,0.0
772039,0.0
772040,0.0
772041,0.0
772042,0.0
772043,0.0
772044,0.0
772045,0.0
772046,0.0
772047,0.0
772048,0.0
772049,7.509091e-09
772050,0.0
772051,0.0
772052,0.0
772053,0.0
772054,0.0
772055,0.0
772056,0.0
772057,0.0
772058,0.0
772059,0.0
772060,0.0
772061,0.0
772062,0.0
772063,0.0
772064,0.0
772065,0.0
772066,0.0
772067,0.0
772068,0.0
772069,0.0
772070,0.0
772071,0.0
772072,0.0
772073,0.0
772074,0.0
772075,0.0
772076,0.0
772077,0.0
772078,0.0
772079,0.0
772080,0.0
772081,0.0
772082,0.0
772083,0.0
772084,0.0
772085,0.0
772086,0.0
772087,0.0
772088,0.0
772089,0.0
772090,0.0
772091,0.0
772092,0.0
772093,0.0
772094,0.0
772095,0.0
772096,0.0
772097,0.0
772098,0.0
772099,0.0
772100,0.0
772101,0.0
772102,0.0
772103,0.0
772104,0.0
772105,0.0
772106,0.0
772107,0.0
772108,0.0
772109,0.0
772110,0.0
772111,0.0
772112,0.0
772113,0.0
772114,0.0
772115,0.0
772116,0.0
772117,0.0
772118,0.0
772119,0.0
772120,0.0
772121,0.0
772122,0.0
772123,0.0
772124,0.0
772125,0.0
772126,0.0
772127,0.0
772128,0.0
772129,0.0
772130,0.0
772131,0.0
772132,0.0
772133,0.0
772134,0.0
772135,0.0
772136,0.0
772137,0.0
772138,0.0
772139,0.0
772140,0.0
772141,0.0
772142,0.0
772143,0.0
772144,0.0
772145,0.0
772146,0.0
772147,0.0
772148,0.0
772149,0.0
772150,0.0
772151,0.0
772152,0.0
772153,0.0
772154,0.0
772155,0.0
772156,0.0
772157,0.0
772158,0.0
772159,0.0
772160,0.0
772161,0.0
772162,0.0
772163,0.0
772164,0.0
772165,0.0
772166,0.0
772167,0.0
772168,0.0
772169,0.0
772170,0.0
772171,7.713328e-15
772172,0.0
772173,0.0
772174,0.0
772175,0.0
772176,0.0
772177,0.0
772178,0.0
772179,0.0
772180,0.0
772181,1.6362033e-37
772182,0.0
772183,0.0
772184,0.0
772185,0.0
772186,0.0
772187,0.0
772188,0.0
772189,0.0
772190,0.0
772191,0.0
772192,0.0
772193,0.0
772194,0.0
772195,0.0
772196,0.0
772197,0.0
772198,0.0
772199,0.0
772200,0.0
772201,0.0
772202,0.0
772203,0.0
772204,0.0
772205,0.0
772206,0.0
772207,0.0
772208,0.0
772209,0.0
772210,0.0
772211,0.0
772212,0.0
772213,0.0
772214,0.0
772215,0.0
772216,0.0
772217,0.0
772218,0.0
772219,0.0
772220,0.0
772221,0.0
772222,0.0
772223,0.0
772224,0.0
772225,0.0
772226,0.0
772227,0.0
772228,0.0
772229,0.0
772230,0.0
772231,0.0
772232,0.0
772233,0.0
772234,0.0
772235,0.0
772236,0.0
772237,0.0
772238,0.0
772239,0.0
772240,0.0
772241,0.0
772242,0.0
772243,0.0
772244,0.0
772245,0.0
772246,0.0
772247,0.0
772248,0.0
772249,0.0
772250,0.0
772251,0.0
772252,0.0
772253,0.0
772254,0.0
772255,0.0
772256,0.0
772257,0.0
772258,0.0
772259,0.0
772260,0.0
772261,0.0
772262,0.0
772263,0.0
772264,0.0
772265,0.0
772266,0.0
772267,0.0
772268,0.0
772269,0.0
772270,0.0
772271,0.18997745
772272,0.0
772273,0.0
772274,0.0
772275,0.0
772276,0.0
772277,0.0
772278,0.0
772279,0.0
772280,0.0
772281,0.0
772282,0.0
772283,0.0
772284,0.0
772285,0.0
772286,0.0
772287,0.0
772288,0.0
772289,0.0
772290,0.0
772291,0.0
772292,0.0
772293,0.0
772294,0.0
772295,0.0
772296,0.0
772297,0.0
772298,0.0
772299,0.0
772300,0.0
772301,0.0
772302,0.0
772303,0.0
772304,0.0
772305,0.0
772306,0.0
772307,0.0
772308,0.0
772309,0.0
772310,0.0
772311,0.0
772312,0.0
772313,0.0
772314,0.0
772315,0.0
772316,0.0
772317,0.0
772318,0.0
772319,0.0
772320,0.0
772321,0.0
772322,0.0
772323,0.0
772324,0.0
772325,0.0
772326,0.0
772327,0.0
772328,0.0
772329,0.0
772330,0.0
772331,0.0
772332,0.0
772333,0.0
772334,0.0
772335,0.0
772336,0.0
772337,0.0
772338,0.0
772339,0.0
772340,0.0
772341,0.0
772342,0.0
772343,0.0
772344,0.0
772345,0.0
772346,0.0
772347,0.0
772348,0.0
772349,0.0
772350,0.0
772351,0.0
772352,0.0
772353,0.0
772354,0.0
772355,0.0
772356,0.0
772357,0.0
772358,0.0
772359,0.0
772360,0.0
772361,0.0
772362,0.0
772363,3.0997066e-19
772364,0.0
772365,0.0
772366,0.0
772367,0.0
772368,0.0
772369,0.0
772370,0.0
772371,0.0
772372,0.0
772373,0.0
772374,0.0
772375,0.0
772376,0.0
772377,0.0
772378,0.0
772379,0.0
772380,0.0
772381,0.0
772382,0.0
772383,0.0
772384,0.0
772385,0.0
772386,0.0
772387,0.0
772388,0.0
772389,0.0
772390,0.0
772391,0.0
772392,0.0
772393,0.0
772394,0.0
772395,0.0
772396,0.0
772397,0.0
772398,0.0
772399,0.0
772400,0.0
772401,0.0
772402,0.0
772403,0.0
772404,0.0
772405,0.0
772406,0.0
772407,0.0
772408,0.0
772409,0.0
772410,0.0
772411,0.0
772412,0.0
772413,0.0
772414,0.0
772415,0.0
772416,0.0
772417,0.0
772418,0.0
772419,0.0
772420,0.0
772421,0.0
772422,0.0
772423,0.0
772424,0.0
772425,0.0
772426,0.0
772427,0.0
772428,0.0
772429,0.0
772430,0.0
772431,0.0
772432,0.0
772433,0.0
772434,0.0
772435,0.0
772436,0.0
772437,0.0
772438,0.0
772439,0.0
772440,0.0
772441,0.0
772442,0.0
772443,0.0
772444,0.0
772445,0.0
772446,0.0
772447,0.0
772448,0.0
772449,0.0
772450,0.0
772451,0.0049839886
772452,0.0
772453,0.0
772454,0.0
772455,0.0
772456,0.0
772457,0.0
772458,0.0
772459,0.0
772460,0.0
772461,0.0
772462,0.0
772463,0.0
772464,0.0
772465,0.0
772466,0.0
772467,0.0
772468,0.0
772469,0.0
772470,0.0
772471,0.0
772472,0.0
772473,0.0
772474,0.0
772475,0.0
772476,0.0
772477,0.0
772478,0.0
772479,0.0
772480,0.0
772481,0.0
772482,0.0
772483,0.0
772484,0.0
772485,0.0
772486,0.0
772487,0.0
772488,0.0
772489,0.0
772490,0.0
772491,0.0
772492,0.0
772493,0.0
772494,0.0
772495,0.0
772496,0.0
772497,0.0
772498,0.0
772499,0.0
772500,0.0
772501,0.0
772502,0.0
772503,0.0
772504,0.0
772505,0.0
772506,0.0
772507,0.0
772508,0.0
772509,0.0
772510,0.0
772511,0.0
772512,0.0
772513,0.0
772514,0.0
772515,0.0
772516,0.0
772517,0.0
772518,0.0
772519,0.0
772520,0.0
772521,0.0
772522,0.0
772523,0.0
772524,0.0
772525,0.0
772526,0.0
772527,0.0
772528,0.0
772529,0.0
772530,0.0
772531,0.0
772532,0.0
772533,0.0
772534,0.0
772535,0.0
772536,0.0
772537,0.0
772538,0.0
772539,0.0
772540,0.0
772541,0.0
772542,0.0
772543,0.0
772544,0.0
772545,0.0
772546,0.0
772547,0.0
772548,0.0
772549,0.0
772550,0.0
772551,0.0
772552,0.0
772553,0.0
772554,0.0
772555,0.0
772556,0.0
772557,0.0
772558,0.0
772559,0.0
772560,0.0
772561,0.0
772562,0.0
772563,0.0
772564,0.0
772565,0.0
772566,0.0
772567,0.0
772568,0.0
772569,0.0
772570,0.0
772571,0.0
772572,0.0
772573,0.0
772574,0.0
772575,0.0
772576,0.0
772577,0.0
772578,0.0
772579,0.0
772580,0.0
772581,0.0
772582,0.0
772583,0.0
772584,0.0
772585,0.0
772586,0.0
772587,0.0
772588,0.0
772589,0.0
772590,0.0
772591,0.0
772592,0.0
772593,0.0
772594,0.0
772595,0.0
772596,0.0
772597,0.0
772598,1.39212215e-08
772599,0.0
772600,0.0
772601,0.0
772602,0.0
772603,0.0
772604,0.0
772605,0.0
772606,0.0
772607,0.0
772608,0.0
772609,0.0
772610,0.0
772611,0.0
772612,0.0
772613,0.0
772614,0.0
772615,0.0
772616,0.0
772617,0.0
772618,0.0
772619,0.0
772620,0.0
772621,0.0
772622,0.0
772623,0.0
772624,0.0
772625,0.0
772626,0.0
772627,0.0
772628,0.0
772629,0.0
772630,0.0
772631,0.0
772632,0.0
772633,0.0
772634,0.0
772635,0.0
772636,0.0
772637,0.0
772638,0.0
772639,0.0
772640,0.0
772641,0.0
772642,0.0
772643,0.0
772644,0.0
772645,0.0
772646,0.0
772647,0.0
772648,0.0
772649,0.0
772650,0.0
772651,0.0
772652,0.0
772653,0.0
772654,0.0
772655,0.0
772656,0.0
772657,0.0
772658,0.0
772659,0.0
772660,0.0
772661,0.0
772662,0.0
772663,0.0
772664,0.0
772665,0.0
772666,0.0
772667,0.0
772668,0.0
772669,0.0
772670,0.0
772671,0.0
772672,0.0
772673,0.0
772674,0.0
772675,0.0
772676,0.0
772677,0.0
772678,0.0
772679,0.0
772680,0.0
772681,0.0
772682,0.0
772683,0.0
772684,0.0
772685,0.0
772686,0.0
772687,0.0
772688,0.0
772689,0.0
772690,0.0
772691,0.0
772692,0.0
772693,0.0
772694,0.0
772695,0.0
772696,0.0
772697,0.0
772698,0.0
772699,0.0
772700,0.0
772701,0.0
772702,0.0
772703,0.0
772704,0.0
772705,0.0
772706,0.0
772707,0.0
772708,0.0
772709,0.0
772710,0.0
772711,0.0
772712,0.0
772713,0.0
772714,0.0
772715,0.0
772716,0.0
772717,0.0
772718,0.0
772719,0.0
772720,0.0
772721,0.0
772722,0.0
772723,0.0
772724,0.0
772725,0.0
772726,0.0
772727,0.0
772728,0.0
772729,0.0
772730,0.0
772731,0.0
772732,0.0
772733,0.0
772734,0.0
772735,0.0
772736,0.0
772737,0.0
772738,0.0
772739,0.0
772740,0.0
772741,0.0
772742,0.0
772743,0.0
772744,0.0
772745,0.0
772746,0.0
772747,0.0
772748,0.0
772749,0.0
772750,0.0
772751,0.0
772752,0.0
772753,0.0
772754,0.0
772755,0.0
772756,0.0
772757,0.0
772758,0.0
772759,0.0
772760,0.0
772761,0.0
772762,0.0
772763,1.6455988e-22
772764,0.0
772765,0.0
772766,0.0
772767,0.0
772768,0.0
772769,0.0
772770,0.0
772771,0.0
772772,0.0
772773,0.0
772774,0.0
772775,0.0
772776,0.0
772777,0.0
772778,0.0
772779,2.2261742e-13
772780,0.0
772781,0.0
772782,0.0
772783,0.0
772784,0.0
772785,0.0
772786,0.0
772787,0.0
772788,5.9717326e-22
772789,0.0
772790,0.0
772791,0.0
772792,0.0
772793,0.0
772794,0.0
772795,0.0
772796,0.0
772797,0.0
772798,0.0
772799,0.0
772800,0.0
772801,0.0
772802,0.0
772803,0.0
772804,0.0
772805,0.0
772806,0.0
772807,0.0
772808,0.0
772809,0.0
772810,0.0
772811,0.0
772812,0.0
772813,0.0
772814,0.0
772815,0.0
772816,0.0
772817,0.0
772818,0.0
772819,0.0
772820,0.0
772821,0.0
772822,0.0
772823,0.0
772824,0.0
772825,0.0
772826,0.0
772827,0.0
772828,0.0
772829,0.0
772830,0.0
772831,0.0
772832,0.0
772833,0.0
772834,0.0
772835,0.0
772836,0.0
772837,0.0
772838,0.0
772839,0.0
772840,0.0
772841,0.0
772842,0.0
772843,0.0
772844,0.0
772845,0.0
772846,0.0
772847,0.0
772848,0.0
772849,0.0
772850,0.0
772851,0.0
772852,0.0
772853,0.0
772854,0.0
772855,0.0
772856,0.0
772857,0.0
772858,0.0
772859,0.0
772860,0.0
772861,0.0
772862,0.0
772863,0.0
772864,0.0
772865,0.0
772866,0.0
772867,0.0
772868,0.0
772869,0.0
772870,0.0
772871,0.0
772872,0.0
772873,0.0
772874,0.0
772875,0.0
772876,0.0
772877,0.0
772878,0.0
772879,0.0
772880,0.0
772881,0.0
772882,0.0
772883,0.0
772884,0.0
772885,0.0
772886,0.0
772887,0.0
772888,0.0
772889,0.0
772890,0.0
772891,0.0
772892,0.0
772893,0.0
772894,0.0
772895,0.0
772896,0.0
772897,0.0
772898,0.0
772899,0.0
772900,0.0
772901,0.0
772902,0.0
772903,0.0
772904,2.2451527e-29
772905,2.0696002e-16
772906,0.0
772907,0.0
772908,0.0
772909,0.0
772910,0.0
772911,0.0
772912,0.0
772913,0.0
772914,0.0
772915,0.0
772916,0.0
772917,0.0
772918,0.0
772919,0.0
772920,0.0
772921,0.0
772922,0.0
772923,0.0
772924,0.0
772925,0.0
772926,0.0
772927,0.0
772928,0.0
772929,0.0
772930,0.0
772931,0.0
772932,0.0
772933,0.0
772934,0.0
772935,0.0
772936,0.0
772937,0.0
772938,0.0
772939,0.0
772940,0.0
772941,0.0
772942,0.0
772943,0.0
772944,0.0
772945,0.0
772946,0.0
772947,0.0
772948,0.0
772949,0.0
772950,0.0
772951,0.0
772952,0.0
772953,0.0
772954,0.0
772955,0.0
772956,0.0
772957,0.0
772958,0.0
772959,0.0
772960,0.0
772961,0.0
772962,0.0
772963,2.891024e-12
772964,0.0
772965,0.0
772966,0.0
772967,0.0
772968,0.0
772969,0.0
772970,0.0
772971,0.0
772972,0.0
772973,0.0
772974,0.0
772975,0.0
772976,0.0
772977,0.0
772978,0.0
772979,0.0
772980,0.0
772981,0.0
772982,0.0
772983,0.0
772984,0.0
772985,0.0
772986,0.0
772987,0.0
772988,0.0
772989,0.0
772990,0.0
772991,0.0
772992,0.0
772993,0.09335721
772994,0.0
772995,0.0
772996,0.0
772997,0.0
772998,0.0
772999,0.0
773000,0.0
773001,0.0
773002,0.0
773003,0.0
773004,0.0
773005,0.0
773006,0.0
773007,0.0
773008,0.0
773009,0.0
773010,0.0
773011,0.0
773012,0.0
773013,0.0
773014,0.0
773015,0.0
773016,0.0
773017,0.0
773018,0.0
773019,0.0
773020,0.0
773021,0.0
773022,0.0
773023,0.0
773024,0.0
773025,0.0
773026,0.0
773027,0.0
773028,0.0
773029,0.0
773030,0.0
773031,0.0
773032,0.0
773033,0.0
773034,0.0
773035,0.0
773036,0.0
773037,0.0
773038,0.0
773039,0.0
773040,0.0
773041,0.0
773042,0.0
773043,0.0
773044,0.0
773045,0.0
773046,0.36242384
773047,0.0
773048,0.0
773049,0.0
773050,0.0
773051,0.0
773052,0.0
773053,0.0
773054,0.0
773055,0.0
773056,0.0
773057,0.0
773058,0.0
773059,0.0
773060,0.0
773061,0.0
773062,0.0
773063,0.0
773064,0.0
773065,0.0
773066,0.0
773067,0.0
773068,0.0
773069,0.0
773070,0.0
773071,0.0
773072,0.0
773073,0.0
773074,0.0
773075,0.0
773076,0.0
773077,0.0
773078,0.0
773079,0.0
773080,0.0
773081,0.0
773082,0.0
773083,0.0
773084,0.0
773085,0.0
773086,0.0
773087,0.0
773088,0.0
773089,0.0
773090,0.0
773091,0.0
773092,0.0
773093,0.0
773094,0.0
773095,0.0
773096,0.0
773097,0.0
773098,0.0
773099,0.0
773100,0.0
773101,0.0
773102,0.0
773103,0.0
773104,0.0
773105,0.0
773106,0.0
773107,0.0
773108,0.0
773109,0.0
773110,0.0
773111,0.0
773112,0.0
773113,0.0
773114,0.0
773115,0.0
773116,0.0
773117,0.0
773118,0.0
773119,0.0
773120,0.0
773121,0.0
773122,0.0
773123,0.0
773124,0.0
773125,0.0
773126,0.0
773127,0.0
773128,0.0
773129,0.0
773130,0.0
773131,0.0
773132,0.0
773133,0.0
773134,0.0
773135,0.0
773136,0.0
773137,0.0
773138,0.0
773139,0.0
773140,0.0
773141,0.0
773142,0.0
773143,0.0
773144,0.0
773145,0.0
773146,0.047947362
773147,0.0
773148,0.0
773149,0.0
773150,0.0
773151,0.0
773152,0.0
773153,0.0
773154,0.0
773155,0.0
773156,0.0
773157,0.0
773158,0.0
773159,0.0
773160,0.0
773161,0.0
773162,0.0
773163,0.0
773164,0.0
773165,0.0
773166,0.0
773167,0.0
773168,0.0
773169,0.0
773170,0.0
773171,0.0
773172,0.0
773173,0.0
773174,0.0
773175,0.0
773176,0.0
773177,0.0
773178,0.0
773179,0.0
773180,0.0
773181,0.0
773182,0.0
773183,0.0
773184,0.0
773185,0.0
773186,0.0
773187,0.0
773188,0.0
773189,0.0
773190,0.0
773191,0.0
773192,0.0
773193,0.0
773194,0.0
773195,0.0
773196,0.0
773197,0.0
773198,0.0
773199,0.0
773200,0.0
773201,0.0
773202,0.0
773203,0.0
773204,0.0
773205,0.0
773206,0.0
773207,0.0
773208,0.0
773209,0.0
773210,0.0
773211,0.0
773212,0.0
773213,3.0789018e-37
773214,0.0
773215,0.0
773216,0.0
773217,0.0
773218,0.0
773219,0.0
773220,0.0
773221,0.0
773222,0.0
773223,0.0
773224,0.0
773225,0.0
773226,0.01851065
773227,0.0
773228,0.0
773229,0.0
773230,0.0
773231,0.0
773232,0.0
773233,0.0
773234,0.0
773235,0.0
773236,0.0
773237,0.0
773238,0.0
773239,0.0
773240,0.0
773241,0.0
773242,0.0
773243,0.015018437
773244,0.0
773245,0.0
773246,0.0
773247,0.0
773248,0.0
773249,0.0
773250,0.0
773251,0.0
773252,0.0
773253,0.0
773254,0.0
773255,0.0
773256,0.0
773257,0.0
773258,0.0
773259,0.0
773260,2.7497483e-29
773261,0.0
773262,0.0
773263,0.0
773264,0.0
773265,0.0
773266,0.0
773267,0.0
773268,0.0
773269,0.0
773270,0.36242384
773271,0.0
773272,0.0
773273,0.0
773274,0.0
773275,0.0
773276,0.0
773277,0.0
773278,0.0
773279,0.0
773280,0.0
773281,0.0
773282,0.0
773283,0.0
773284,0.0
773285,0.0
773286,0.12861794
773287,0.0
773288,0.0
773289,0.0
773290,0.0
773291,0.0
773292,0.0
773293,0.0
773294,0.0
773295,0.0
773296,0.0
773297,0.0
773298,0.0
773299,0.0
773300,0.0
773301,0.0
773302,0.0
773303,0.0
773304,0.0
773305,0.0
773306,0.0
773307,0.0
773308,0.0
773309,0.0
773310,0.0
773311,0.0
773312,0.0
773313,0.0
773314,0.0
773315,0.0
773316,0.0
773317,0.0
773318,0.0
773319,0.0
773320,0.0
773321,0.0
773322,0.0
773323,0.0
773324,0.0
773325,0.0
773326,0.0
773327,0.0
773328,0.0
773329,0.0
773330,0.0
773331,0.0
773332,0.0
773333,0.0
773334,0.0
773335,0.0
773336,0.0
773337,0.0
773338,0.0
773339,0.0
773340,0.0
773341,0.0
773342,0.0
773343,0.0
773344,0.0
773345,0.0
773346,0.0
773347,0.0
773348,0.0
773349,0.0
773350,0.0
773351,0.0
773352,0.0
773353,0.0
773354,0.0
773355,0.0
773356,0.0
773357,0.0
773358,0.0
773359,0.0
773360,0.0
773361,0.0
773362,0.0
773363,0.0
773364,0.0
773365,0.0
773366,0.0
773367,0.0
773368,0.0
773369,0.0
773370,0.0
773371,1.8854031e-08
773372,0.0
773373,0.0
773374,0.0
773375,0.0
773376,0.0
773377,0.0
773378,0.0
773379,0.0
773380,0.0
773381,0.0
773382,0.0
773383,0.0
773384,0.0
773385,0.0
773386,0.0
773387,0.0
773388,0.0
773389,0.0
773390,0.0
773391,0.0
773392,0.0
773393,0.0
773394,0.0
773395,0.0
773396,0.0
773397,0.0
773398,0.0
773399,0.0
773400,0.0
773401,0.0
773402,0.0
773403,0.0
773404,0.0
773405,0.0
773406,0.0
773407,0.0
773408,0.0
773409,0.0
773410,0.0
773411,0.0
773412,0.0
773413,0.0
773414,0.0
773415,0.0
773416,0.0
773417,0.0
773418,0.0
773419,0.0
773420,0.0
773421,0.0
773422,0.0
773423,0.0
773424,0.0
773425,0.0
773426,0.0
773427,0.0
773428,0.0
773429,0.0
773430,0.0
773431,0.0
773432,0.0
773433,0.0
773434,0.0
773435,0.0
773436,0.0
773437,0.0
773438,0.0
773439,0.0
773440,0.0
773441,0.0
773442,0.0
773443,0.0
773444,0.0
773445,0.0
773446,0.0
773447,0.0
773448,0.0
773449,0.0
773450,0.0
773451,0.0
773452,0.0
773453,0.0
773454,0.0
773455,0.0
773456,0.0
773457,0.0
773458,0.0
773459,0.0
773460,0.0
773461,0.0
773462,0.0
773463,0.0
773464,0.0
773465,0.0
773466,0.0
773467,0.0
773468,0.0
773469,0.0
773470,0.0
773471,0.0
773472,0.0
773473,0.0
773474,0.0
773475,0.0
773476,0.0
773477,0.0
773478,0.0
773479,0.0
773480,0.0
773481,0.0
773482,0.0
773483,0.0
773484,0.0
773485,0.0
773486,0.0
773487,0.0
773488,0.0
773489,0.0
773490,0.0
773491,0.0
773492,0.0
773493,0.0
773494,0.0
773495,0.0
773496,0.0
773497,0.0
773498,0.0
773499,0.0
773500,0.0
773501,0.0
773502,0.0
773503,0.0
773504,0.0
773505,0.0
773506,0.0
773507,0.0
773508,0.0
773509,0.0
773510,0.0
773511,0.0
773512,0.0
773513,0.0
773514,0.0
773515,0.0
773516,0.0
773517,0.0
773518,0.0
773519,0.0
773520,0.0
773521,0.0
773522,0.0
773523,0.0
773524,0.0
773525,0.0
773526,0.0
773527,0.0
773528,0.0
773529,0.0
773530,0.0
773531,0.0
773532,0.0
773533,0.0
773534,0.0
773535,0.0
773536,0.0
773537,0.0
773538,0.0
773539,0.0
773540,0.0
773541,0.0
773542,0.0
773543,0.0
773544,0.0
773545,0.0
773546,0.0
773547,0.0
773548,0.0
773549,0.0
773550,0.0
773551,0.0
773552,0.0
773553,0.0
773554,0.0
773555,0.0
773556,0.0
773557,0.0
773558,0.0
773559,0.0
773560,0.0
773561,0.0
773562,0.0
773563,0.0
773564,0.0
773565,0.0
773566,0.0
773567,0.0
773568,0.0
773569,0.0
773570,0.0
773571,0.0
773572,0.0
773573,0.0
773574,0.0
773575,0.0
773576,0.0
773577,0.0
773578,0.0
773579,0.0
773580,0.0
773581,0.0
773582,0.0
773583,0.0
773584,0.0
773585,0.0
773586,0.0
773587,0.0
773588,0.0
773589,1.6567028e-30
773590,0.0
773591,0.0
773592,0.0
773593,0.0
773594,1.1616718e-38
773595,0.0
773596,0.0
773597,0.0
773598,0.0
773599,0.0
773600,0.0
773601,0.0
773602,0.0
773603,0.0
773604,0.0
773605,0.0
773606,2.36837e-22
773607,0.0
773608,0.0
773609,0.0
773610,0.0
773611,0.0
773612,0.0
773613,0.0
773614,0.0
773615,0.0
773616,0.0
773617,0.0
773618,0.0
773619,0.0
773620,0.0
773621,0.0
773622,0.0
773623,0.0
773624,0.0
773625,0.0
773626,0.0
773627,0.0
773628,0.0
773629,0.0
773630,0.0
773631,0.0
773632,0.0
773633,0.0
773634,0.0
773635,0.0
773636,0.0
773637,0.0
773638,0.0
773639,0.0
773640,0.0
773641,0.0
773642,0.0
773643,0.0
773644,0.0
773645,0.0
773646,0.0
773647,0.0
773648,0.0
773649,0.0
773650,0.0
773651,0.0
773652,0.0
773653,0.0
773654,0.0
773655,0.0
773656,0.0
773657,0.0
773658,0.0
773659,0.0
773660,0.0
773661,0.0
773662,0.0
773663,0.0
773664,0.0
773665,0.0
773666,0.0
773667,0.0
773668,0.0
773669,0.0
773670,0.0
773671,0.0
773672,0.0
773673,0.0
773674,0.0
773675,0.0
773676,0.0
773677,0.0
773678,0.0
773679,0.0
773680,0.0
773681,0.0
773682,0.0
773683,0.0
773684,0.0
773685,0.0
773686,0.0
773687,0.0
773688,0.0
773689,0.0
773690,0.0
773691,0.0
773692,0.0
773693,0.0
773694,0.0
773695,0.0
773696,0.0
773697,0.0
773698,0.0
773699,0.0
773700,0.0
773701,0.0
773702,0.0
773703,0.0
773704,0.0
773705,0.0
773706,0.0
773707,0.0
773708,0.0
773709,0.0
773710,0.0
773711,0.0
773712,0.0
773713,0.0
773714,0.0
773715,0.0
773716,0.0
773717,0.0
773718,0.0
773719,0.0
773720,0.0
773721,0.0
773722,0.0
773723,0.0
773724,0.0
773725,0.0
773726,0.0
773727,0.0
773728,0.0
773729,0.0
773730,0.0
773731,0.0
773732,0.0
773733,0.0
773734,0.0
773735,0.0
773736,0.0
773737,0.0
773738,0.0
773739,0.0
773740,0.0
773741,0.0
773742,0.0
773743,0.0
773744,0.0
773745,0.0
773746,0.0
773747,0.0
773748,0.0
773749,0.0
773750,0.0
773751,0.0
773752,0.0
773753,0.0
773754,0.0
773755,0.0
773756,0.0
773757,0.0
773758,0.0
773759,0.0
773760,0.0
773761,0.0
773762,0.0
773763,0.0
773764,0.0
773765,0.0
773766,0.0
773767,0.0
773768,0.0
773769,0.0
773770,0.0
773771,0.0
773772,0.0
773773,0.0
773774,0.0
773775,0.0
773776,0.0
773777,0.0
773778,0.0
773779,0.0
773780,0.0
773781,0.0
773782,0.0
773783,0.0
773784,0.0
773785,0.0
773786,0.0
773787,0.0
773788,0.0
773789,0.0
773790,0.0
773791,0.0
773792,0.0
773793,0.0
773794,0.0
773795,0.0
773796,0.0
773797,0.0
773798,0.0
773799,0.0
773800,0.0
773801,0.0
773802,0.0
773803,0.0
773804,0.0
773805,0.0
773806,0.0
773807,0.0
773808,0.0
773809,0.0
773810,0.0
773811,0.0
773812,0.0
773813,0.0
773814,0.0
773815,0.0
773816,0.0
773817,8.706579e-09
773818,0.0
773819,0.0
773820,0.0
773821,0.0
773822,0.0
773823,0.0
773824,0.0
773825,0.0
773826,0.0
773827,0.0
773828,0.0
773829,0.0
773830,0.0
773831,0.0
773832,0.0
773833,0.0
773834,0.0
773835,0.0
773836,0.0
773837,0.0
773838,0.0
773839,0.0
773840,0.0
773841,0.0
773842,0.0
773843,0.0
773844,0.0
773845,0.0
773846,0.0
773847,0.0
773848,0.0
773849,0.0
773850,0.0
773851,0.0
773852,0.0
773853,0.0
773854,0.0
773855,0.0
773856,0.0
773857,0.0
773858,0.0
773859,0.0
773860,0.0
773861,0.0
773862,0.0
773863,0.0
773864,0.0
773865,0.0
773866,0.0
773867,0.0
773868,0.0
773869,0.0
773870,0.0
773871,0.0
773872,0.0
773873,0.0
773874,0.0
773875,0.0
773876,0.0
773877,0.0
773878,0.0
773879,0.0
773880,0.0
773881,0.0
773882,0.0
773883,0.0
773884,0.0
773885,0.0
773886,0.0
773887,0.0
773888,0.0
773889,0.0
773890,0.0
773891,0.0
773892,0.0
773893,0.0
773894,0.0
773895,0.0
773896,0.0
773897,0.0
773898,0.0
773899,0.0
773900,0.0
773901,0.0
773902,0.0
773903,0.0
773904,0.0
773905,0.0
773906,0.0
773907,0.0
773908,0.0
773909,0.0
773910,0.0
773911,0.0
773912,0.0
773913,0.0
773914,0.0
773915,0.0
773916,0.0
773917,0.0
773918,0.0
773919,0.0
773920,0.0
773921,0.0
773922,0.0
773923,0.0
773924,0.0
773925,0.0
773926,0.0
773927,0.0
773928,0.0
773929,0.0
773930,0.0
773931,0.0
773932,0.0
773933,0.0
773934,0.0
773935,0.0
773936,0.0
773937,0.0
773938,0.0
773939,0.0
773940,0.0
773941,0.0
773942,0.0
773943,0.0
773944,0.0
773945,0.0
773946,0.0
773947,0.0
773948,0.0
773949,0.0
773950,0.0
773951,0.0
773952,0.0
773953,0.0
773954,0.0
773955,0.0
773956,0.0
773957,0.0
773958,5.6773265e-23
773959,0.0
773960,0.0
773961,0.0
773962,0.0
773963,0.0
773964,0.0
773965,0.0
773966,0.0
773967,0.0
773968,0.0
773969,0.0
773970,0.0
773971,0.0
773972,0.0
773973,0.0
773974,0.0
773975,0.0
773976,0.0
773977,0.0
773978,0.0
773979,0.0
773980,0.0
773981,0.0
773982,0.0
773983,0.0
773984,0.0
773985,0.0
773986,0.0
773987,5.654012e-21
773988,0.0
773989,0.0
773990,0.0
773991,0.0
773992,0.0
773993,0.0
773994,0.0
773995,0.0
773996,0.0
773997,0.0
773998,0.0
773999,0.0
774000,0.0
774001,0.0
774002,0.0
774003,0.0
774004,0.0
774005,0.0
774006,0.0
774007,0.0
774008,0.0
774009,0.0
774010,0.0
774011,0.0
774012,0.0
774013,0.0
774014,0.0
774015,0.0
774016,0.0
774017,0.0
774018,0.0
774019,0.0
774020,0.0
774021,0.0
774022,0.0
774023,0.0
774024,0.0
774025,0.0
774026,0.0
774027,0.0
774028,0.0
774029,0.0
774030,0.0
774031,0.0
774032,0.0
774033,0.0
774034,0.0
774035,0.0
774036,0.0
774037,0.0
774038,0.0
774039,0.0
774040,0.0
774041,0.0
774042,0.0
774043,0.0
774044,0.0
774045,0.0
774046,0.0
774047,0.0
774048,0.0
774049,0.0
774050,0.0
774051,0.0
774052,0.0
774053,0.0
774054,0.0
774055,0.0
774056,0.0
774057,0.0
774058,0.0
774059,0.0
774060,0.0
774061,0.0
774062,0.0
774063,0.0
774064,0.0
774065,0.0
774066,0.0
774067,0.0
774068,0.0
774069,0.0
774070,0.0
774071,0.0
774072,0.0
774073,0.0
774074,0.0
774075,0.0
774076,0.0
774077,0.0
774078,0.0
774079,0.0
774080,0.0
774081,0.0
774082,0.0
774083,0.0
774084,0.0
774085,0.0
774086,0.0
774087,0.0
774088,0.0
774089,0.0
774090,0.0
774091,0.0
774092,0.0
774093,0.0
774094,0.0
774095,0.0
774096,0.0
774097,0.0
774098,0.0
774099,0.0
774100,0.0
774101,0.0
774102,0.0
774103,0.0
774104,0.0
774105,0.0
774106,0.0
774107,0.0
774108,0.0
774109,0.0
774110,0.0
774111,0.0
774112,0.0
774113,0.0
774114,0.0
774115,0.0
774116,0.0
774117,0.0
774118,0.0
774119,0.0
774120,0.0
774121,0.0
774122,0.0
774123,0.0
774124,0.0
774125,0.0
774126,0.0
774127,0.0
774128,0.0
774129,0.0
774130,0.0
774131,0.0
774132,0.0
774133,0.0
774134,0.0
774135,0.0
774136,0.0
774137,0.0
774138,0.0
774139,0.0
774140,0.0
774141,0.0
774142,0.0
774143,0.0
774144,0.0
774145,0.0
774146,0.0
774147,0.0
774148,0.0
774149,0.0
774150,0.0
774151,0.0
774152,0.0
774153,0.0
774154,0.0
774155,0.0
774156,0.0
774157,0.0
774158,0.0
774159,0.0
774160,0.0
774161,0.0
774162,0.0
774163,0.0
774164,0.0
774165,0.0
774166,0.0
774167,2.9316535e-20
774168,0.0
774169,0.0
774170,0.0
774171,0.0
774172,0.0
774173,0.0
774174,0.0
774175,0.0
774176,0.0
774177,0.0
774178,0.0
774179,0.0
774180,0.0
774181,0.0
774182,0.0
774183,0.0
774184,0.0
774185,0.0
774186,0.0
774187,0.0
774188,0.0
774189,0.0
774190,0.0
774191,0.0
774192,0.0
774193,0.0
774194,0.00037197076
774195,0.0
774196,0.0
774197,0.0
774198,0.0
774199,0.0
774200,0.0
774201,0.0
774202,0.0
774203,0.0
774204,0.0
774205,0.0
774206,0.0
774207,0.0
774208,0.0
774209,0.0
774210,0.0
774211,0.0
774212,0.0
774213,0.0
774214,0.0
774215,0.0
774216,0.0
774217,0.0
774218,0.0
774219,0.0
774220,0.0
774221,0.0
774222,0.0
774223,0.0
774224,0.0
774225,0.0
774226,0.0
774227,0.0
774228,0.0
774229,0.0
774230,4.0920825e-22
774231,0.0
774232,0.0
774233,0.0
774234,0.0
774235,0.0
774236,0.0
774237,0.0
774238,0.0
774239,0.0
774240,0.0
774241,0.0
774242,0.0
774243,0.0
774244,0.0
774245,0.0
774246,0.0
774247,0.0
774248,0.0
774249,0.0
774250,0.0
774251,0.0
774252,0.0
774253,0.0
774254,0.0
774255,0.0
774256,0.0
774257,0.0
774258,0.0
774259,0.0
774260,0.0
774261,0.0
774262,0.0
774263,0.0
774264,0.0
774265,0.0
774266,0.0
774267,0.0
774268,0.0
774269,0.0
774270,0.0
774271,0.0
774272,0.0
774273,0.0
774274,0.0
774275,0.0
774276,0.0
774277,0.0
774278,0.0
774279,0.0
774280,0.0
774281,0.0
774282,0.0
774283,0.0
774284,0.0
774285,0.0
774286,0.0
774287,0.0
774288,0.0
774289,0.0
774290,0.0
774291,0.0
774292,0.0
774293,0.0
774294,0.0
774295,0.0
774296,0.0
774297,0.0
774298,0.0
774299,0.0
774300,0.0
774301,0.0
774302,0.0
774303,0.0
774304,0.0
774305,0.0
774306,0.0
774307,0.0
774308,0.0
774309,0.0
774310,0.0
774311,0.0
774312,0.0
774313,0.0
774314,0.0
774315,0.0
774316,0.0
774317,0.0
774318,0.0
774319,0.0
774320,0.0
774321,0.0
774322,0.0
774323,0.0
774324,0.0
774325,0.0
774326,2.980251e-07
774327,0.0
774328,0.0
774329,0.0
774330,0.0
774331,0.0
774332,0.0
774333,0.0
774334,0.0
774335,0.0
774336,0.0
774337,0.0
774338,0.0
774339,0.0
774340,0.0
774341,0.0
774342,0.0
774343,0.0
774344,0.0
774345,0.0
774346,0.0
774347,0.0
774348,0.0
774349,0.0
774350,0.0
774351,0.0
774352,0.0
774353,0.0
774354,0.0
774355,0.0
774356,0.0
774357,0.0
774358,0.0
774359,0.0
774360,0.0
774361,0.0
774362,0.0
774363,0.0
774364,0.0
774365,0.0
774366,0.0
774367,0.0
774368,0.0
774369,0.0
774370,0.0
774371,0.0
774372,0.0
774373,0.0
774374,0.0
774375,0.0
774376,0.0
774377,0.0
774378,0.0
774379,0.0
774380,0.0
774381,0.0
774382,0.0
774383,0.0
774384,0.0
774385,0.0
774386,0.0
774387,0.0
774388,0.0
774389,0.0
774390,0.0
774391,0.0
774392,0.0
774393,0.0
774394,0.0
774395,0.0
774396,0.0
774397,0.0
774398,0.0
774399,0.0
774400,0.0
774401,0.0
774402,0.0
774403,0.0
774404,0.0
774405,0.0
774406,0.0
774407,0.0
774408,0.0
774409,0.0
774410,0.0
774411,0.0
774412,0.0
774413,0.0
774414,0.0
774415,0.0
774416,0.0
774417,0.0
774418,0.0
774419,0.0
774420,0.0
774421,0.0
774422,0.0
774423,0.0
774424,0.0
774425,0.0
774426,0.0
774427,0.0
774428,0.0
774429,0.0
774430,0.0
774431,0.0
774432,0.0
774433,0.0
774434,0.0
774435,0.0
774436,0.0
774437,0.0
774438,0.0
774439,0.0
774440,0.0
774441,0.0
774442,0.0
774443,0.0
774444,0.0
774445,0.0
774446,0.0
774447,0.0
774448,0.0
774449,0.0
774450,0.0
774451,0.0
774452,0.0
774453,0.0
774454,0.0
774455,0.0
774456,0.0
774457,0.0
774458,0.0
774459,0.0
774460,0.0
774461,0.0
774462,0.0
774463,0.0
774464,0.0
774465,0.0
774466,0.0
774467,0.0
774468,0.0
774469,0.0
774470,0.0
774471,0.0
774472,0.0
774473,0.0
774474,0.0
774475,0.0
774476,0.0
774477,0.0
774478,0.0
774479,0.0
774480,0.0
774481,0.0
774482,0.0
774483,0.0
774484,0.0
774485,0.0
774486,0.0
774487,0.0
774488,0.0
774489,0.0
774490,0.0
774491,0.0
774492,0.0
774493,0.0
774494,0.0
774495,0.0
774496,0.0
774497,0.0
774498,0.0
774499,0.0
774500,0.0
774501,0.0
774502,0.0
774503,0.0
774504,0.0
774505,0.0
774506,0.0
774507,0.0
774508,0.0
774509,0.0
774510,0.0
774511,0.0
774512,0.0
774513,0.0
774514,0.0
774515,0.0
774516,0.0
774517,0.0
774518,0.0
774519,0.0
774520,0.0
774521,0.0
774522,0.0
774523,0.0
774524,0.0
774525,0.0
774526,0.0
774527,0.0
774528,0.0
774529,0.0
774530,0.0
774531,0.0
774532,0.0
774533,0.0
774534,0.0
774535,0.0
774536,0.0
774537,0.0
774538,0.0
774539,0.0
774540,0.0
774541,0.0
774542,0.0
774543,0.0
774544,0.0
774545,0.0
774546,0.0
774547,0.0
774548,0.0
774549,0.0
774550,0.0
774551,0.0
774552,0.0
774553,0.0
774554,0.0
774555,0.0
774556,0.0
774557,0.0
774558,0.0
774559,0.0
774560,0.0
774561,0.0061795283
774562,0.0
774563,0.0
774564,0.0
774565,0.0
774566,0.0
774567,0.0
774568,0.0
774569,0.0
774570,0.0
774571,0.0
774572,0.0
774573,0.0
774574,0.0
774575,0.0
774576,0.0
774577,0.0
774578,0.0
774579,0.0
774580,0.0
774581,0.0
774582,0.0
774583,0.0
774584,0.0
774585,0.0
774586,0.0
774587,0.0
774588,0.0
774589,0.0
774590,0.0
774591,0.0
774592,0.0
774593,0.0
774594,0.0
774595,0.0
774596,0.0
774597,0.0
774598,0.0
774599,0.0
774600,0.0
774601,0.0
774602,0.0
774603,0.0
774604,0.0
774605,0.0
774606,0.0
774607,0.0
774608,0.0
774609,0.0
774610,0.0
774611,0.0
774612,0.0
774613,0.0
774614,0.0
774615,0.0
774616,0.0
774617,0.0
774618,0.0
774619,0.0
774620,0.0
774621,0.0
774622,0.0
774623,0.0
774624,0.0
774625,0.0
774626,0.0
774627,0.0
774628,0.0
774629,0.0
774630,0.0
774631,0.0
774632,0.0
774633,0.0
774634,0.0
774635,0.0
774636,0.0
774637,0.0
774638,0.0
774639,0.0
774640,0.0
774641,0.0
774642,0.0
774643,0.0
774644,0.0
774645,0.0
774646,0.0
774647,0.0
774648,0.0
774649,0.0
774650,0.0
774651,0.0
774652,0.0
774653,0.0
774654,0.0
774655,0.0
774656,0.0
774657,0.0
774658,0.0
774659,0.0
774660,0.0
774661,0.0
774662,0.0
774663,0.0
774664,0.0
774665,0.0
774666,0.0
774667,0.0
774668,0.0
774669,0.0
774670,0.0
774671,0.0
774672,0.0
774673,0.0
774674,0.0
774675,0.0
774676,0.0
774677,0.0
774678,0.0
774679,0.0
774680,0.0
774681,0.0
774682,0.0
774683,0.0
774684,0.0
774685,0.0
774686,0.0
774687,0.0
774688,0.0
774689,0.0
774690,0.0
774691,0.0
774692,0.0
774693,0.0
774694,0.0
774695,0.0
774696,0.0
774697,0.0
774698,0.0
774699,0.0
774700,0.0
774701,0.0
774702,0.0
774703,0.0
774704,0.0
774705,0.0
774706,0.0
774707,0.0
774708,0.0
774709,0.0
774710,0.0
774711,0.0
774712,0.0
774713,0.0
774714,0.0
774715,0.0
774716,0.0
774717,0.0
774718,0.0
774719,0.0
774720,0.0
774721,0.0
774722,0.0
774723,0.0
774724,0.0
774725,0.0
774726,0.0
774727,0.0
774728,0.0
774729,0.0
774730,0.0
774731,0.0
774732,0.0
774733,0.0
774734,0.0
774735,0.0
774736,0.0
774737,0.0
774738,0.0
774739,0.0
774740,0.0
774741,0.0
774742,0.0
774743,0.0
774744,0.0
774745,0.0
774746,0.0
774747,0.0
774748,0.0
774749,0.0
774750,0.0
774751,0.0
774752,0.0
774753,0.0
774754,0.0
774755,0.0
774756,0.0
774757,0.0
774758,0.0
774759,0.0
774760,0.0
774761,0.0
774762,0.0
774763,0.0
774764,0.0
774765,0.0
774766,0.0
774767,0.0
774768,0.0
774769,0.0
774770,0.0
774771,0.0
774772,0.0
774773,0.0
774774,0.0
774775,0.0
774776,0.0
774777,0.0
774778,0.0
774779,0.0
774780,0.0
774781,0.0
774782,0.0
774783,0.0
774784,0.0
774785,0.0
774786,0.0
774787,0.0
774788,0.0
774789,0.0
774790,0.0
774791,0.0
774792,0.0
774793,0.0
774794,0.0
774795,0.0
774796,0.0
774797,0.0
774798,0.0
774799,0.0
774800,0.0
774801,0.0
774802,0.0
774803,0.0
774804,0.0
774805,0.0
774806,0.0
774807,0.0
774808,0.0
774809,5.61592e-29
774810,0.0
774811,0.0
774812,0.0
774813,0.0
774814,0.0
774815,0.0
774816,0.0
774817,0.0
774818,0.0
774819,0.0
774820,0.0
774821,0.0
774822,0.0
774823,0.0
774824,0.0
774825,0.0
774826,0.0
774827,0.0
774828,0.0
774829,0.0
774830,0.0
774831,0.0
774832,0.0
774833,0.0
774834,0.0
774835,0.0
774836,0.0
774837,0.0
774838,0.0
774839,0.0
774840,0.0
774841,0.0
774842,0.0
774843,0.0
774844,0.0
774845,2.8380748e-36
774846,0.0
774847,0.0
774848,0.0
774849,0.0
774850,0.0
774851,0.0
774852,0.0
774853,0.0
774854,0.0
774855,0.0
774856,0.0
774857,0.0
774858,0.0
774859,0.0
774860,0.0
774861,0.0
774862,0.0
774863,0.0
774864,0.0
774865,0.0
774866,0.0
774867,0.0
774868,0.0
774869,0.0
774870,0.0
774871,0.0
774872,0.0
774873,0.0
774874,0.0
774875,0.0
774876,0.0
774877,0.0
774878,0.0
774879,0.0
774880,0.0
774881,0.0
774882,0.0
774883,0.0
774884,0.0
774885,0.0
774886,0.0
774887,0.0
774888,0.0
774889,0.0
774890,0.0
774891,0.0
774892,0.0
774893,0.0
774894,0.0
774895,0.0
774896,0.0
774897,0.0
774898,0.0
774899,0.0
774900,0.0
774901,0.0
774902,0.0
774903,0.0
774904,0.0
774905,0.0
774906,0.0
774907,0.0
774908,0.0
774909,0.0
774910,0.0
774911,0.0
774912,0.0
774913,0.0
774914,0.0
774915,0.0
774916,0.16102013
774917,0.0
774918,0.0
774919,0.0
774920,0.0
774921,0.0
774922,0.0
774923,0.0
774924,0.0
774925,0.0
774926,0.0
774927,0.0
774928,0.0
774929,0.025820205
774930,0.0
774931,0.0
774932,0.0
774933,0.0
774934,0.0
774935,0.0
774936,0.0
774937,0.0
774938,0.0
774939,0.0
774940,0.0
774941,0.0
774942,0.0
774943,0.0
774944,0.0
774945,0.0
774946,0.0
774947,0.0
774948,0.0
774949,0.0
774950,0.0
774951,0.0
774952,0.0
774953,0.0
774954,0.0
774955,0.0
774956,0.0
774957,0.0
774958,0.0
774959,0.0
774960,0.0
774961,0.0
774962,0.0
774963,0.0
774964,0.0
774965,0.0
774966,0.0
774967,0.0
774968,0.0
774969,0.0
774970,0.0
774971,0.0
774972,0.0
774973,0.0
774974,0.0
774975,0.0
774976,0.0
774977,0.0
774978,0.0
774979,0.0
774980,0.0
774981,0.0
774982,0.0
774983,0.0
774984,0.0
774985,0.0
774986,0.0
774987,0.0
774988,0.0
774989,0.0
774990,0.0
774991,0.0
774992,0.0
774993,0.0
774994,0.0
774995,0.0
774996,0.0
774997,0.0
774998,0.0
774999,0.0
775000,0.0
775001,0.0
775002,0.0
775003,0.0
775004,0.0
775005,0.0
775006,0.0
775007,0.0
775008,0.0
775009,0.0
775010,0.0
775011,0.0
775012,0.0
775013,0.0
775014,0.0
775015,0.0
775016,0.0
775017,0.0
775018,0.0
775019,0.0
775020,0.0
775021,0.0
775022,0.0
775023,0.0
775024,0.0
775025,0.0
775026,0.0
775027,0.0
775028,0.0
775029,0.0
775030,0.0
775031,0.0
775032,0.0
775033,0.0
775034,0.0
775035,0.0
775036,0.0
775037,0.0
775038,0.0
775039,0.0
775040,0.0
775041,0.0
775042,0.0
775043,0.0
775044,0.0
775045,0.0
775046,0.0
775047,0.0
775048,0.0
775049,0.0
775050,0.0
775051,0.0
775052,0.0
775053,0.0
775054,0.0
775055,0.0
775056,0.0
775057,0.0
775058,0.0
775059,0.0
775060,0.0
775061,0.0
775062,0.0
775063,0.0
775064,0.0
775065,0.0
775066,0.0
775067,0.0
775068,0.0
775069,0.0
775070,0.0
775071,0.0
775072,0.0
775073,0.0
775074,0.0
775075,0.0
775076,0.0
775077,0.0
775078,0.0
775079,0.0
775080,0.0
775081,0.0
775082,0.0
775083,0.0
775084,0.0
775085,0.0
775086,0.0
775087,0.0
775088,0.0
775089,0.0
775090,0.0
775091,0.0
775092,0.0
775093,0.0
775094,0.0
775095,0.0
775096,0.0
775097,0.0
775098,0.0
775099,0.0
775100,0.0
775101,0.0
775102,0.0
775103,5.725316e-19
775104,0.0
775105,0.0
775106,0.0
775107,0.0
775108,0.0
775109,0.0
775110,0.0
775111,0.0
775112,0.0
775113,0.0
775114,0.0
775115,0.0
775116,0.0
775117,0.0
775118,0.0
775119,0.0
775120,0.0
775121,0.0
775122,0.0
775123,0.0
775124,0.0
775125,0.0
775126,0.0
775127,0.0
775128,0.0
775129,0.0
775130,0.0
775131,0.0
775132,0.0
775133,0.0
775134,0.0
775135,0.0
775136,0.0
775137,0.0
775138,5.842564e-25
775139,0.0
775140,0.0
775141,0.0
775142,0.0
775143,0.0
775144,0.0
775145,0.0
775146,0.0
775147,0.0
775148,0.0
775149,0.0
775150,0.0
775151,0.0
775152,0.0
775153,0.0
775154,0.0
775155,0.0
775156,0.0
775157,0.0
775158,0.0
775159,0.0
775160,0.0
775161,0.0
775162,0.0
775163,0.0
775164,0.0
775165,0.0
775166,0.0
775167,0.0
775168,0.0
775169,0.0
775170,0.0
775171,0.0
775172,0.0
775173,0.0
775174,0.0
775175,0.0
775176,0.0
775177,0.0
775178,0.0
775179,0.0
775180,0.0
775181,0.0
775182,0.0
775183,0.0
775184,0.0
775185,0.0
775186,0.0
775187,0.0
775188,0.0
775189,0.0
775190,0.0
775191,0.0
775192,0.0
775193,0.0
775194,0.0
775195,0.0
775196,0.0
775197,0.0
775198,0.0
775199,0.0
775200,0.0
775201,0.0
775202,0.0
775203,0.0
775204,0.0
775205,0.0
775206,0.0
775207,0.0
775208,0.0
775209,0.0
775210,0.0
775211,0.0
775212,0.0
775213,0.0
775214,0.0
775215,0.0
775216,0.0
775217,0.0
775218,0.0
775219,0.0
775220,0.0
775221,0.0
775222,0.0
775223,0.0
775224,0.0
775225,0.0
775226,0.0
775227,0.0
775228,0.0
775229,0.0
775230,0.0
775231,0.0
775232,0.0
775233,0.0
775234,0.0
775235,0.0
775236,0.0
775237,0.0
775238,0.0
775239,0.0
775240,0.0
775241,0.0
775242,0.0
775243,0.0
775244,0.0
775245,0.0
775246,0.0
775247,0.0
775248,0.0
775249,0.0
775250,0.0
775251,0.0
775252,0.0
775253,0.0
775254,0.0
775255,0.0
775256,0.0
775257,0.0
775258,0.0
775259,0.0
775260,0.0
775261,0.0
775262,0.0
775263,0.0
775264,0.0
775265,0.0
775266,0.0
775267,0.0
775268,1.6308145e-07
775269,0.0
775270,0.0
775271,0.0
775272,0.0
775273,0.0
775274,0.0
775275,0.0
775276,0.0
775277,0.0
775278,0.0
775279,0.0
775280,0.0
775281,0.0
775282,0.0
775283,0.0
775284,0.0
775285,0.0
775286,0.0
775287,0.0
775288,0.0
775289,0.0
775290,0.0
775291,0.0
775292,0.0
775293,0.0
775294,0.0
775295,0.0
775296,0.0
775297,0.0
775298,0.0
775299,0.0
775300,0.0
775301,0.0
775302,0.0
775303,0.0
775304,0.0
775305,0.0
775306,0.0
775307,0.0
775308,0.0
775309,0.0
775310,0.0
775311,0.0
775312,0.0
775313,0.0
775314,0.0
775315,0.0
775316,0.0
775317,0.0
775318,0.0
775319,0.0
775320,0.0
775321,0.0
775322,0.0
775323,0.0
775324,0.0
775325,0.0
775326,0.0
775327,0.0
775328,0.0
775329,0.0
775330,0.0
775331,0.0
775332,0.0
775333,0.0
775334,0.0
775335,0.0
775336,0.0
775337,0.0
775338,0.0
775339,0.0
775340,0.0
775341,0.0
775342,0.0
775343,0.0
775344,0.0
775345,0.0
775346,0.0
775347,0.0
775348,0.0
775349,0.0
775350,0.0
775351,0.0
775352,0.0
775353,0.0
775354,0.0
775355,0.0
775356,0.0
775357,0.0
775358,0.0
775359,0.0
775360,0.0
775361,0.0
775362,0.0
775363,0.0
775364,0.0
775365,0.0
775366,0.0
775367,0.0
775368,0.0
775369,0.0
775370,0.0
775371,0.0
775372,0.0
775373,0.0
775374,0.0
775375,0.0
775376,0.0
775377,0.0
775378,0.0
775379,0.0
775380,0.0
775381,0.0
775382,0.0
775383,0.0
775384,0.0
775385,0.0
775386,0.0
775387,0.0
775388,0.0
775389,0.0
775390,0.0
775391,0.0
775392,0.0
775393,0.0
775394,0.0
775395,0.0
775396,0.0
775397,0.0
775398,0.0
775399,0.0
775400,0.0
775401,0.0
775402,0.0
775403,0.0
775404,0.0
775405,0.0
775406,0.0
775407,0.0
775408,0.0
775409,0.0
775410,0.0
775411,0.0
775412,0.0
775413,0.0
775414,0.0
775415,0.0
775416,0.0
775417,0.0
775418,0.0
775419,0.0
775420,0.0
775421,0.0
775422,0.0
775423,0.0
775424,0.0
775425,0.0
775426,0.0
775427,0.0
775428,0.0
775429,0.0
775430,0.0
775431,0.0
775432,0.0
775433,0.0
775434,0.0
775435,0.0
775436,0.0
775437,0.0
775438,0.0
775439,0.0
775440,0.0
775441,0.0
775442,0.0
775443,0.0
775444,0.0
775445,0.0
775446,0.0
775447,0.0
775448,4.676286e-21
775449,0.0
775450,0.0
775451,0.0
775452,0.0
775453,0.0
775454,0.0
775455,0.0
775456,0.0
775457,0.0
775458,0.0
775459,0.0
775460,0.0
775461,0.0
775462,0.0
775463,0.0
775464,0.0
775465,0.0
775466,0.0
775467,0.0
775468,0.0
775469,0.0
775470,0.0
775471,0.0
775472,0.0
775473,0.0
775474,0.0
775475,0.0
775476,0.0
775477,0.0
775478,0.0
775479,0.0
775480,0.0
775481,0.0
775482,0.0
775483,0.0
775484,0.0
775485,0.0
775486,0.0
775487,0.0
775488,0.0
775489,0.0
775490,0.0
775491,0.0
775492,0.0
775493,0.0
775494,0.0
775495,0.0
775496,0.0
775497,0.0
775498,0.0
775499,0.0
775500,0.0
775501,0.0
775502,0.0
775503,0.0
775504,0.0
775505,0.0
775506,0.0
775507,0.0
775508,0.0
775509,0.0
775510,0.0
775511,0.0
775512,0.0
775513,0.0
775514,0.0
775515,0.0
775516,0.0
775517,0.0
775518,0.0
775519,0.0
775520,0.0
775521,0.0
775522,0.0
775523,0.0
775524,0.0
775525,0.0
775526,0.0
775527,0.0
775528,0.0
775529,0.0
775530,0.0
775531,0.0
775532,1.4493845e-16
775533,0.0
775534,0.0
775535,0.0
775536,0.0
775537,0.0
775538,0.0
775539,0.0
775540,0.0
775541,0.0
775542,0.0
775543,0.0
775544,0.0
775545,0.0
775546,0.0
775547,0.0
775548,0.0
775549,0.0
775550,0.0
775551,0.0
775552,0.0
775553,0.0
775554,0.0
775555,0.0
775556,0.0
775557,0.0
775558,0.0
775559,1.3228409e-22
775560,0.0
775561,0.0
775562,0.0
775563,0.0
775564,0.0
775565,0.0
775566,0.0
775567,0.0
775568,0.0
775569,0.0
775570,0.0
775571,0.0
775572,0.0
775573,0.0
775574,0.0
775575,0.0
775576,0.0
775577,0.0
775578,0.0
775579,0.0
775580,0.0
775581,0.0
775582,0.0
775583,0.0
775584,0.0
775585,0.0
775586,0.0
775587,0.0
775588,0.0
775589,0.0
775590,0.0
775591,0.0
775592,0.0
775593,0.0
775594,0.0
775595,0.0
775596,0.0
775597,0.0
775598,0.0
775599,0.0
775600,0.0
775601,0.0
775602,0.0
775603,0.0
775604,0.0
775605,0.0
775606,0.0
775607,0.0
775608,0.0
775609,0.0
775610,0.0
775611,0.0
775612,0.0
775613,0.0
775614,0.0
775615,0.0
775616,0.0
775617,0.0
775618,0.0
775619,0.0
775620,0.0
775621,0.0
775622,0.0
775623,0.0
775624,0.0
775625,0.0
775626,0.0
775627,0.0
775628,0.0
775629,0.0
775630,0.0
775631,0.0
775632,0.0
775633,0.0
775634,0.0
775635,0.0
775636,0.0
775637,0.0
775638,0.0
775639,0.0
775640,0.0
775641,0.0
775642,0.0
775643,0.0
775644,0.0
775645,0.0
775646,4.920444e-23
775647,2.0083693e-05
775648,0.0
775649,0.0
775650,0.0
775651,0.0
775652,0.0
775653,0.0
775654,0.0
775655,0.0
775656,0.0
775657,0.0
775658,0.0
775659,0.0
775660,0.0
775661,0.0
775662,0.0
775663,0.0
775664,0.0
775665,0.0
775666,0.0
775667,0.0
775668,0.0
775669,0.0
775670,0.0
775671,0.0
775672,0.0
775673,0.0
775674,0.0
775675,0.0
775676,0.0
775677,0.0
775678,0.0
775679,0.0
775680,0.0
775681,0.0
775682,0.0
775683,0.0
775684,0.0
775685,0.0
775686,0.0
775687,0.0
775688,0.0
775689,0.0
775690,0.0
775691,0.0
775692,0.0
775693,0.0
775694,0.0
775695,0.0
775696,0.0
775697,0.0
775698,0.0
775699,0.0
775700,0.0
775701,0.0
775702,0.0
775703,0.0
775704,0.0
775705,0.0
775706,0.0
775707,0.0
775708,0.0
775709,2.0288042e-16
775710,0.0
775711,0.0
775712,0.0
775713,0.0
775714,0.0
775715,0.0
775716,0.0
775717,0.0
775718,0.0
775719,0.0
775720,0.0
775721,0.0
775722,0.0
775723,0.0
775724,0.0
775725,0.0
775726,0.0
775727,0.0
775728,0.0
775729,0.0
775730,0.0
775731,0.0
775732,0.0
775733,0.0
775734,0.0
775735,0.0
775736,0.0
775737,0.0
775738,0.0
775739,0.0
775740,0.0
775741,0.0
775742,0.0
775743,1.3365426e-20
775744,0.0
775745,0.0
775746,0.0
775747,0.0
775748,0.0
775749,0.0
775750,0.0
775751,0.0
775752,0.0
775753,0.0
775754,0.0
775755,0.0
775756,0.0
775757,0.0
775758,0.0
775759,0.0
775760,0.0
775761,0.0
775762,0.0
775763,0.0
775764,0.0
775765,0.0
775766,0.0
775767,0.0
775768,0.0
775769,0.0
775770,0.0
775771,0.0
775772,0.0
775773,0.0
775774,0.0
775775,0.0
775776,0.0
775777,0.0
775778,0.0
775779,0.0
775780,0.0
775781,0.0
775782,0.0
775783,0.0
775784,0.0
775785,0.0
775786,0.0
775787,0.0
775788,0.0
775789,0.0
775790,0.0
775791,0.0
775792,0.0
775793,0.0
775794,0.0
775795,0.0
775796,0.0
775797,0.0
775798,0.0
775799,0.0
775800,0.0
775801,0.0
775802,0.0
775803,0.0
775804,0.0
775805,0.0
775806,0.0
775807,0.0
775808,0.0
775809,0.0
775810,0.0
775811,0.0
775812,0.0
775813,0.0
775814,0.0
775815,0.0
775816,0.0
775817,0.0
775818,0.0
775819,0.0
775820,0.0
775821,0.0
775822,0.0
775823,0.0
775824,0.0
775825,0.0
775826,0.0
775827,0.0
775828,0.0
775829,0.0
775830,0.0
775831,0.0
775832,0.0
775833,0.0
775834,0.0
775835,0.0
775836,0.0
775837,0.0
775838,0.0
775839,0.0
775840,0.0
775841,7.383365e-30
775842,0.0
775843,0.0
775844,0.0
775845,0.0
775846,0.0
775847,0.0
775848,0.0
775849,0.0
775850,0.0
775851,0.0
775852,0.0
775853,0.0
775854,0.0
775855,0.0
775856,0.0
775857,0.0
775858,0.0
775859,0.0
775860,0.0
775861,0.0
775862,0.0
775863,0.0
775864,0.0
775865,0.0
775866,0.0
775867,0.0
775868,0.0
775869,0.0
775870,0.0
775871,0.0
775872,0.0
775873,0.0
775874,0.0
775875,0.0
775876,0.0
775877,0.0
775878,0.0
775879,0.0
775880,0.0
775881,0.0
775882,0.0
775883,0.0
775884,0.0
775885,0.0
775886,0.0
775887,0.0
775888,0.0
775889,0.0
775890,0.0
775891,0.0
775892,0.0
775893,0.0
775894,0.0
775895,0.0
775896,0.0
775897,0.0
775898,0.0
775899,0.0
775900,0.0
775901,0.0
775902,0.0
775903,0.0
775904,0.0
775905,0.0
775906,0.0
775907,0.0
775908,0.0
775909,0.0
775910,0.0
775911,0.0
775912,0.0
775913,0.0
775914,0.0
775915,0.0
775916,0.0
775917,0.0
775918,0.0
775919,0.0
775920,0.0
775921,0.0
775922,0.0
775923,0.0
775924,0.0
775925,0.0
775926,0.0
775927,0.0
775928,0.0
775929,0.0
775930,0.0
775931,0.0
775932,0.0
775933,0.0
775934,0.0
775935,0.0
775936,0.0
775937,0.0
775938,0.0
775939,0.0
775940,0.0
775941,0.0
775942,0.0
775943,0.0
775944,0.0
775945,0.0
775946,0.0
775947,0.0
775948,0.0
775949,0.0
775950,0.0
775951,0.0
775952,0.0
775953,0.0
775954,0.0
775955,0.0
775956,0.0
775957,0.0
775958,0.0
775959,2.3249308e-35
775960,0.0
775961,0.0
775962,0.0
775963,2.2889106e-29
775964,0.0
775965,0.0
775966,0.0
775967,0.0
775968,0.0
775969,0.0
775970,0.0
775971,0.0
775972,0.0
775973,0.0
775974,0.0
775975,0.0
775976,0.0
775977,0.0
775978,0.0
775979,0.0
775980,0.0
775981,0.0
775982,0.0
775983,0.0
775984,0.0
775985,0.0
775986,0.0
775987,0.0
775988,0.0
775989,0.0
775990,0.0
775991,0.0
775992,0.0
775993,0.0
775994,0.0
775995,0.0
775996,0.0
775997,0.0
775998,0.0
775999,0.0
776000,0.0
776001,0.0
776002,0.0
776003,0.0
776004,0.0
776005,0.0
776006,0.0
776007,0.0
776008,0.0
776009,0.0
776010,0.0
776011,0.0
776012,0.0
776013,0.0
776014,0.0
776015,0.0
776016,0.0
776017,0.0
776018,0.0
776019,0.0
776020,0.0
776021,0.0
776022,0.0
776023,0.0
776024,0.0
776025,0.0
776026,0.0
776027,0.0
776028,0.0
776029,0.0
776030,0.0
776031,0.0
776032,0.0
776033,0.0
776034,0.0
776035,0.0
776036,0.0
776037,0.0
776038,5.1402853e-21
776039,0.0
776040,0.0
776041,0.0
776042,0.0
776043,0.0
776044,0.0
776045,0.0
776046,0.0
776047,0.0
776048,0.0
776049,0.0
776050,0.0
776051,0.0
776052,0.0
776053,0.0
776054,0.0
776055,0.0
776056,0.0
776057,0.0
776058,0.0
776059,0.0
776060,0.0
776061,0.0
776062,0.0
776063,0.0
776064,0.0
776065,0.0
776066,0.0
776067,0.0
776068,0.0
776069,0.0
776070,0.0
776071,0.0
776072,0.0
776073,0.0
776074,0.0
776075,0.0
776076,0.0
776077,0.0
776078,0.0
776079,0.0
776080,0.0
776081,0.0
776082,0.0
776083,0.0
776084,0.0
776085,0.0
776086,0.0
776087,0.0
776088,0.0
776089,0.0
776090,0.0
776091,0.0
776092,0.0
776093,0.0
776094,0.0
776095,0.0
776096,0.0
776097,0.0
776098,0.0
776099,0.0
776100,0.0
776101,0.0
776102,0.0
776103,0.0
776104,0.0
776105,0.0
776106,0.0
776107,0.0
776108,0.0
776109,0.0
776110,0.0
776111,0.0
776112,0.0
776113,0.0
776114,0.0
776115,0.0
776116,0.0
776117,0.0
776118,0.0
776119,0.0
776120,0.0
776121,0.0
776122,0.0
776123,0.0
776124,0.0
776125,0.0
776126,0.0
776127,0.0
776128,0.0
776129,0.0
776130,0.0
776131,0.0
776132,0.0
776133,0.0
776134,0.0
776135,0.0
776136,0.0
776137,0.0
776138,0.0
776139,0.0
776140,0.0
776141,0.0
776142,0.0
776143,0.0
776144,0.0
776145,0.0
776146,0.0
776147,0.0
776148,0.0
776149,0.0
776150,0.0
776151,2.8060617e-08
776152,0.0
776153,0.0
776154,0.0
776155,0.0
776156,0.0
776157,0.0
776158,0.0
776159,0.0
776160,0.0
776161,0.0
776162,0.0
776163,0.0
776164,0.0
776165,0.0
776166,0.0
776167,0.0
776168,0.0
776169,0.0
776170,0.0
776171,0.0
776172,0.0
776173,0.0
776174,0.0
776175,0.0
776176,0.0
776177,0.0
776178,0.0
776179,0.0
776180,0.0
776181,0.0
776182,0.0
776183,0.0
776184,0.0
776185,0.0
776186,0.0
776187,0.0
776188,0.0
776189,0.0
776190,0.0
776191,0.0
776192,0.0
776193,0.0
776194,0.0
776195,0.0
776196,0.0
776197,0.0
776198,0.0
776199,0.0
776200,0.0
776201,0.0
776202,0.0
776203,0.0
776204,0.0
776205,0.0
776206,0.0
776207,0.0
776208,0.0
776209,0.0
776210,0.0
776211,0.0
776212,0.0
776213,0.0
776214,0.0
776215,0.0
776216,0.0
776217,0.0
776218,0.0
776219,0.0
776220,0.0
776221,0.0
776222,0.0
776223,0.0
776224,0.0
776225,0.0
776226,0.0
776227,0.0
776228,0.0
776229,0.0
776230,0.0
776231,0.0
776232,0.0
776233,0.0
776234,0.0
776235,0.0
776236,0.0
776237,0.0
776238,0.0
776239,0.0
776240,0.0
776241,0.0
776242,0.0
776243,0.0
776244,0.0
776245,0.0
776246,0.0
776247,0.0
776248,0.0
776249,0.0
776250,0.0
776251,0.0
776252,0.0
776253,0.0
776254,0.0
776255,0.0
776256,0.0
776257,0.0
776258,0.0
776259,0.0
776260,0.0
776261,0.0
776262,0.0
776263,0.0
776264,0.0
776265,0.0
776266,0.0
776267,0.0
776268,0.0
776269,0.0
776270,0.0
776271,0.0
776272,0.0
776273,0.0
776274,0.0
776275,0.0
776276,0.0
776277,0.0
776278,0.0
776279,0.0
776280,0.0
776281,0.0
776282,0.0
776283,0.0
776284,0.0
776285,0.0
776286,0.0
776287,0.0
776288,0.0
776289,0.0
776290,0.0
776291,0.0
776292,0.0
776293,0.0
776294,0.0
776295,0.0
776296,0.0
776297,0.0
776298,0.0
776299,0.0
776300,0.0
776301,0.0
776302,0.0
776303,0.0
776304,0.0
776305,0.0
776306,0.0
776307,0.0
776308,0.0
776309,0.0
776310,0.0
776311,0.0
776312,0.0
776313,0.0
776314,0.0
776315,0.0
776316,0.0
776317,0.0
776318,0.0
776319,0.0
776320,0.0
776321,0.0
776322,0.0
776323,0.0
776324,0.0
776325,0.0
776326,0.0
776327,0.0
776328,0.0
776329,0.0
776330,0.0
776331,0.0
776332,0.0
776333,0.0
776334,0.0
776335,0.0
776336,0.0
776337,0.0
776338,0.0
776339,0.0
776340,0.0
776341,0.0
776342,0.0
776343,0.0
776344,0.0
776345,0.0
776346,0.0
776347,0.0
776348,0.0
776349,0.0
776350,0.0
776351,0.0
776352,0.0
776353,0.0
776354,0.0
776355,0.0
776356,0.0
776357,0.0
776358,0.0
776359,0.0
776360,0.0
776361,0.0
776362,0.0
776363,0.0
776364,0.0
776365,0.0
776366,0.0
776367,0.0
776368,0.0
776369,0.0
776370,0.0
776371,0.0
776372,0.0
776373,0.0
776374,0.0
776375,0.0
776376,0.0
776377,0.0
776378,0.0
776379,0.0
776380,0.0
776381,0.0
776382,0.0
776383,0.0
776384,0.0
776385,0.0
776386,0.0
776387,0.0
776388,0.0
776389,0.0
776390,0.0
776391,0.0
776392,0.0
776393,0.0
776394,0.0
776395,0.0
776396,0.0
776397,0.0
776398,0.0
776399,0.0
776400,0.0
776401,0.0
776402,0.0
776403,0.0
776404,0.0
776405,0.0
776406,0.0
776407,0.0
776408,0.0
776409,0.0
776410,0.0
776411,0.0
776412,0.0
776413,0.0
776414,0.0
776415,0.0
776416,0.0
776417,0.0
776418,0.0
776419,0.0
776420,0.0
776421,0.0
776422,0.0
776423,0.0
776424,0.0
776425,0.0
776426,0.0
776427,0.0
776428,0.0
776429,0.0
776430,0.0
776431,0.0
776432,0.0
776433,0.0
776434,0.0
776435,0.0
776436,0.0
776437,0.0
776438,0.0
776439,0.0
776440,0.0
776441,0.0
776442,0.0
776443,0.0
776444,0.0
776445,0.0
776446,0.0
776447,0.0
776448,0.0
776449,0.0
776450,0.0
776451,0.0
776452,0.0
776453,0.0
776454,0.0
776455,0.0
776456,0.0
776457,0.0
776458,0.0
776459,0.0
776460,0.0
776461,0.0
776462,0.0
776463,0.0
776464,0.0
776465,0.0
776466,9.88378e-27
776467,0.0
776468,0.0
776469,0.0
776470,0.0
776471,0.0
776472,0.0
776473,0.0
776474,0.0
776475,0.0
776476,0.0
776477,0.0
776478,0.0
776479,0.0
776480,6.330968e-19
776481,0.0
776482,0.0
776483,0.0
776484,0.0
776485,0.0
776486,0.0
776487,0.0
776488,0.0
776489,0.0
776490,0.0
776491,0.0
776492,0.0
776493,0.0
776494,0.0
776495,0.0
776496,0.0
776497,0.0
776498,0.0
776499,0.0
776500,0.0
776501,0.0
776502,0.0
776503,0.0
776504,0.0
776505,0.0
776506,0.0
776507,0.0
776508,0.0
776509,0.0
776510,4.423817e-31
776511,0.0
776512,0.0
776513,0.0
776514,0.0
776515,0.0
776516,0.0
776517,0.0
776518,0.0
776519,0.0
776520,0.0
776521,0.0
776522,0.0
776523,0.0
776524,0.0
776525,0.0
776526,0.0
776527,0.0
776528,0.0
776529,0.0
776530,0.0
776531,0.0
776532,0.0
776533,0.0
776534,0.0
776535,0.0
776536,0.0
776537,0.0
776538,0.0
776539,0.0
776540,0.0
776541,0.0
776542,0.0
776543,0.0
776544,0.0
776545,0.0
776546,0.0
776547,0.0
776548,0.0
776549,0.0
776550,0.0
776551,0.0
776552,0.0
776553,0.0
776554,0.0
776555,0.0
776556,0.0
776557,0.0
776558,0.0
776559,0.0
776560,0.0
776561,0.0
776562,0.0
776563,0.0
776564,0.0
776565,0.0
776566,0.0
776567,0.0
776568,0.0
776569,0.0
776570,0.0
776571,0.0
776572,0.0
776573,0.0
776574,0.0
776575,0.0
776576,0.0
776577,0.0
776578,0.0
776579,0.0
776580,0.0
776581,0.0
776582,0.0
776583,0.0
776584,0.0
776585,0.0
776586,0.0
776587,0.0
776588,0.0
776589,0.0
776590,0.0
776591,0.0
776592,0.0
776593,0.0
776594,0.0
776595,0.0
776596,0.0
776597,0.0
776598,0.0
776599,0.0
776600,0.0
776601,0.0
776602,0.0
776603,0.0
776604,0.0
776605,0.0
776606,0.0
776607,0.0
776608,0.0
776609,0.0
776610,0.0
776611,0.0
776612,0.0
776613,0.0
776614,0.0
776615,0.0
776616,0.0
776617,0.0
776618,0.0
776619,0.0
776620,0.0
776621,0.0
776622,0.0
776623,0.0
776624,0.0
776625,0.0
776626,0.0
776627,0.0
776628,0.0
776629,0.0
776630,0.0
776631,0.0
776632,0.0
776633,0.0
776634,0.0
776635,0.0
776636,0.0
776637,0.0
776638,0.0
776639,0.0
776640,0.0
776641,0.0
776642,0.0
776643,0.0
776644,0.0
776645,0.0
776646,0.0
776647,0.0
776648,0.0
776649,0.0
776650,0.0
776651,0.0
776652,0.0
776653,0.0
776654,0.0
776655,0.0
776656,0.0
776657,0.0
776658,0.0
776659,0.0
776660,0.0
776661,0.0
776662,0.0
776663,0.0
776664,0.0
776665,0.0
776666,0.0
776667,0.0
776668,0.0
776669,0.0
776670,0.0
776671,0.0012143442
776672,0.0
776673,0.0
776674,0.0
776675,0.0
776676,0.0
776677,0.0
776678,0.0
776679,0.0
776680,0.0
776681,0.0
776682,0.0
776683,0.0
776684,0.0
776685,0.0
776686,0.0
776687,0.0
776688,0.0
776689,0.0
776690,0.0
776691,0.0
776692,0.0
776693,0.0
776694,0.0
776695,0.0
776696,0.0
776697,0.0
776698,0.0
776699,0.0
776700,0.0
776701,0.009135932
776702,0.0
776703,0.0
776704,0.0
776705,0.0
776706,0.0
776707,0.0
776708,0.0
776709,0.0
776710,0.0
776711,0.0
776712,0.0
776713,0.0
776714,0.0
776715,0.0
776716,0.0
776717,0.0
776718,0.0
776719,0.0
776720,0.0
776721,0.0
776722,0.0
776723,0.0
776724,0.0
776725,0.0
776726,0.0
776727,0.0
776728,0.0
776729,0.0
776730,0.0
776731,0.0
776732,0.0
776733,0.0
776734,0.0
776735,0.0
776736,0.0
776737,0.0
776738,0.0
776739,0.0
776740,0.0
776741,0.0
776742,0.0
776743,0.0
776744,0.0
776745,0.0
776746,0.0
776747,0.0
776748,0.0
776749,0.0
776750,0.0
776751,2.7521805e-31
776752,0.0
776753,0.0
776754,0.0
776755,0.0
776756,0.0
776757,0.0
776758,0.0
776759,0.0
776760,0.0
776761,0.0
776762,0.0
776763,0.0
776764,0.0
776765,0.0
776766,0.0
776767,0.0
776768,0.0
776769,0.0
776770,0.0
776771,0.0
776772,0.0
776773,0.0
776774,0.0
776775,0.0
776776,0.0
776777,0.0
776778,0.0
776779,0.0
776780,0.0
776781,1.9320055e-21
776782,0.0
776783,0.0
776784,0.0
776785,0.0
776786,0.0
776787,0.0
776788,0.0
776789,0.0
776790,0.0
776791,0.0
776792,0.0
776793,0.0
776794,0.0
776795,0.0
776796,0.0
776797,0.0
776798,0.0
776799,0.0
776800,0.0
776801,0.0
776802,0.0
776803,0.0
776804,0.0
776805,0.0
776806,0.0
776807,0.0
776808,0.0
776809,0.0
776810,0.0
776811,0.0
776812,0.0
776813,0.0
776814,0.0
776815,0.0
776816,0.0
776817,0.0
776818,0.0
776819,0.0
776820,0.0
776821,0.0
776822,0.0
776823,0.0
776824,0.0
776825,0.0
776826,0.0
776827,0.0
776828,0.0
776829,0.0
776830,0.0
776831,0.0
776832,0.0
776833,0.0
776834,0.0
776835,0.0
776836,0.0
776837,0.0
776838,0.0
776839,0.0
776840,0.0
776841,0.0
776842,0.0
776843,0.0
776844,0.0
776845,0.0
776846,0.0
776847,0.0
776848,0.0
776849,0.0
776850,0.0
776851,0.0
776852,0.0
776853,0.0
776854,0.0
776855,0.0
776856,0.0
776857,0.0
776858,0.0
776859,0.0
776860,0.0
776861,0.0
776862,0.0
776863,0.0
776864,0.0
776865,0.0
776866,0.0
776867,0.0
776868,0.0
776869,0.0
776870,0.0
776871,0.0
776872,0.0
776873,0.0
776874,0.0
776875,0.0
776876,0.0
776877,0.0
776878,0.0
776879,0.0
776880,0.0
776881,0.0
776882,0.0
776883,0.0
776884,0.0
776885,0.0
776886,0.0
776887,0.0
776888,0.0
776889,0.0
776890,5.3101255e-25
776891,0.0
776892,0.0
776893,0.0
776894,0.0
776895,0.0
776896,0.0
776897,0.0
776898,0.0
776899,0.0
776900,0.0
776901,0.0
776902,0.0
776903,0.0
776904,0.0
776905,0.0
776906,0.0
776907,0.0
776908,0.05253219
776909,0.0
776910,0.0
776911,0.0
776912,0.0
776913,0.0
776914,0.0
776915,0.0
776916,0.0
776917,0.0
776918,0.0
776919,0.0
776920,0.0
776921,0.0
776922,0.0
776923,0.0
776924,0.36242384
776925,0.0
776926,0.0
776927,0.0
776928,0.0
776929,0.0
776930,0.0
776931,0.0
776932,0.0
776933,0.0
776934,0.0
776935,0.0
776936,0.0
776937,0.0
776938,0.0
776939,0.0
776940,0.0
776941,0.0
776942,0.0
776943,0.0
776944,0.0
776945,0.0
776946,0.0
776947,0.0
776948,0.0
776949,0.0
776950,0.0
776951,0.0
776952,0.0
776953,0.0
776954,0.0
776955,0.0
776956,0.0
776957,0.0
776958,0.0
776959,0.0
776960,0.0
776961,0.0
776962,0.0
776963,0.0
776964,0.0
776965,0.0
776966,0.0
776967,0.0
776968,0.0
776969,0.0
776970,0.0
776971,0.0
776972,0.0
776973,0.0
776974,0.0
776975,0.08513971
776976,0.0
776977,0.0
776978,0.0
776979,0.0
776980,0.0
776981,0.0
776982,0.0
776983,0.0
776984,0.0
776985,0.0
776986,0.0
776987,0.0
776988,0.0
776989,0.0
776990,0.0
776991,0.0
776992,0.0
776993,0.0
776994,0.0
776995,0.0
776996,0.0
776997,0.0
776998,0.0
776999,0.0
777000,0.0
777001,0.0
777002,0.0
777003,0.0
777004,0.0
777005,0.0
777006,0.0
777007,0.0
777008,0.0
777009,0.0
777010,0.0
777011,0.0
777012,0.0
777013,0.0
777014,0.0
777015,0.0
777016,0.0
777017,0.0
777018,0.0
777019,0.0
777020,0.0
777021,0.0
777022,0.0
777023,0.0
777024,0.0
777025,0.0
777026,0.0
777027,0.0
777028,0.0
777029,0.0
777030,0.0
777031,0.0
777032,0.0
777033,0.0
777034,0.0
777035,0.0
777036,0.0
777037,0.0
777038,0.0
777039,0.0
777040,0.0
777041,0.0
777042,0.0
777043,0.0
777044,0.0
777045,0.0
777046,0.0
777047,0.0
777048,0.0
777049,0.0
777050,0.0
777051,0.0
777052,0.0
777053,0.0
777054,0.0
777055,0.0
777056,0.0
777057,0.0
777058,0.0
777059,0.0
777060,0.0
777061,0.0
777062,0.0
777063,0.0
777064,0.0
777065,0.0
777066,0.0
777067,0.0
777068,0.0
777069,0.0
777070,0.0
777071,0.0
777072,0.0
777073,0.0
777074,0.0
777075,0.0
777076,0.0
777077,0.0
777078,0.0
777079,0.0
777080,0.0
777081,0.0
777082,0.0
777083,0.0
777084,0.0
777085,0.0
777086,0.0
777087,0.0
777088,0.0
777089,0.0
777090,0.0
777091,0.0
777092,0.0
777093,0.0
777094,0.0
777095,0.0
777096,0.0
777097,0.0
777098,0.0
777099,0.0
777100,0.0
777101,0.0
777102,0.0
777103,0.0
777104,0.0
777105,0.0
777106,0.0
777107,0.0
777108,0.0
777109,0.0
777110,0.0
777111,0.0
777112,0.0
777113,0.0
777114,0.0
777115,0.0
777116,0.0
777117,1.9855312e-11
777118,0.0
777119,0.0
777120,0.0
777121,0.0
777122,0.0
777123,0.0
777124,0.0
777125,0.0
777126,0.0
777127,0.0
777128,0.0
777129,0.0
777130,0.0
777131,0.0
777132,0.0
777133,0.0
777134,0.0
777135,0.0
777136,0.0
777137,0.0
777138,0.0
777139,0.0
777140,0.0
777141,0.0
777142,0.0
777143,0.0
777144,0.0
777145,0.0
777146,0.0
777147,0.0
777148,0.0
777149,0.0
777150,0.0
777151,0.0
777152,0.0
777153,0.0
777154,0.0
777155,0.0
777156,0.0
777157,0.0
777158,0.0
777159,0.0
777160,0.0
777161,0.0
777162,0.0
777163,0.0
777164,0.0
777165,0.0
777166,0.0
777167,0.0010460698
777168,0.0
777169,0.0
777170,0.0
777171,0.0
777172,0.0
777173,0.0
777174,0.0
777175,0.0
777176,0.0
777177,0.0
777178,0.0
777179,0.0
777180,0.0
777181,0.0
777182,0.0
777183,0.0
777184,0.0
777185,0.0
777186,0.0
777187,0.0
777188,0.0
777189,0.0
777190,0.0
777191,0.0
777192,0.0
777193,0.0
777194,0.0
777195,0.0
777196,0.0
777197,0.0
777198,0.0
777199,0.0
777200,0.0
777201,0.0
777202,0.0
777203,0.0
777204,0.0
777205,0.0
777206,0.0
777207,0.0
777208,0.0
777209,0.0
777210,0.0
777211,0.0
777212,0.0
777213,0.0
777214,0.0
777215,0.0
777216,0.0
777217,0.0
777218,0.0
777219,0.0
777220,0.0
777221,0.0
777222,0.0
777223,0.0
777224,0.0
777225,0.0
777226,0.0
777227,0.0
777228,0.0
777229,0.0
777230,0.0
777231,0.0
777232,0.0
777233,0.0
777234,0.0
777235,0.0
777236,0.0
777237,0.0
777238,0.0
777239,0.0
777240,0.0
777241,0.0
777242,0.0
777243,0.0
777244,0.0
777245,0.0
777246,0.0
777247,0.0
777248,0.0
777249,0.0
777250,0.0
777251,0.0
777252,0.0
777253,0.0
777254,0.0
777255,0.0
777256,0.0
777257,0.0
777258,0.0
777259,0.0
777260,0.0
777261,0.0
777262,0.0
777263,0.0
777264,0.0
777265,0.0
777266,0.0
777267,0.0
777268,0.0
777269,0.0
777270,0.0
777271,0.0
777272,0.0
777273,0.0
777274,0.0
777275,0.0
777276,0.0
777277,0.0
777278,0.0
777279,0.0
777280,0.0
777281,0.0
777282,0.0
777283,0.0
777284,0.0
777285,0.0
777286,0.0
777287,0.0
777288,0.0
777289,0.0
777290,0.0
777291,0.0
777292,0.0
777293,0.0
777294,0.0
777295,0.0
777296,0.0
777297,0.0
777298,0.0
777299,0.0
777300,0.0
777301,8.9235283e-35
777302,0.0
777303,0.0
777304,0.0
777305,0.0
777306,0.0
777307,0.0
777308,0.0
777309,0.0
777310,0.0
777311,0.0
777312,0.0
777313,0.0
777314,0.0
777315,0.0
777316,0.0
777317,0.0
777318,0.0
777319,0.0
777320,0.0
777321,0.0
777322,0.0
777323,0.0
777324,0.00049057393
777325,0.0
777326,0.0
777327,0.0
777328,0.0
777329,0.0
777330,0.0
777331,0.0
777332,0.0
777333,0.0
777334,0.0
777335,0.0
777336,0.0
777337,0.0
777338,0.0
777339,0.0
777340,0.0
777341,0.0
777342,0.0
777343,0.0
777344,0.0
777345,0.0
777346,0.0
777347,0.0
777348,0.0
777349,0.0
777350,0.0
777351,0.0
777352,0.0
777353,0.0
777354,0.0
777355,0.0
777356,0.0
777357,0.0
777358,0.0
777359,0.0
777360,0.0
777361,0.0
777362,0.0
777363,0.0
777364,0.0
777365,0.0
777366,0.0
777367,0.0
777368,0.0
777369,0.0
777370,0.0
777371,0.0
777372,0.0
777373,0.0
777374,0.0
777375,0.0
777376,0.0
777377,0.0
777378,0.0
777379,0.0
777380,0.0
777381,0.0
777382,0.0
777383,0.0
777384,0.0
777385,0.0
777386,0.0
777387,0.0
777388,0.0
777389,0.0
777390,0.0
777391,0.0
777392,0.0
777393,0.0
777394,0.0
777395,0.0
777396,0.0
777397,0.0
777398,0.0
777399,0.0
777400,0.0
777401,0.0
777402,0.0
777403,0.0
777404,0.0
777405,0.0
777406,0.0
777407,0.0
777408,0.0
777409,0.0
777410,0.0
777411,0.0
777412,0.0
777413,0.0
777414,0.0
777415,0.0
777416,0.0
777417,0.0
777418,0.0
777419,0.0
777420,0.0
777421,0.0
777422,0.0
777423,0.0
777424,0.0
777425,0.0
777426,0.0
777427,0.0
777428,0.0
777429,0.0
777430,0.0
777431,0.0
777432,0.0
777433,0.0
777434,0.0
777435,0.0
777436,0.0
777437,0.0
777438,0.0
777439,0.0
777440,0.0
777441,0.0
777442,0.0
777443,0.0
777444,0.0
777445,0.0
777446,0.0
777447,0.0
777448,0.0
777449,0.0
777450,0.0
777451,0.0
777452,0.0
777453,0.0
777454,0.0
777455,0.0
777456,0.0
777457,0.0
777458,0.0
777459,0.0
777460,0.0
777461,0.0
777462,0.0
777463,0.0
777464,0.0
777465,0.0
777466,0.0
777467,0.0
777468,0.0
777469,0.0
777470,0.0
777471,0.0
777472,0.0
777473,4.788089e-06
777474,0.0
777475,0.0
777476,0.0
777477,0.0
777478,0.0
777479,0.0
777480,0.0
777481,0.0
777482,0.0
777483,0.0
777484,0.0
777485,0.0
777486,0.0
777487,0.0
777488,0.0
777489,0.0
777490,0.0
777491,0.0
777492,0.0
777493,0.0
777494,0.0
777495,0.0
777496,0.0
777497,0.0
777498,0.0
777499,0.0
777500,0.0
777501,0.0
777502,0.0
777503,0.016843675
777504,0.0
777505,0.0
777506,0.0
777507,0.0
777508,0.0
777509,0.0
777510,0.0
777511,0.0
777512,0.0
777513,0.0
777514,0.0
777515,0.0
777516,0.0
777517,0.0
777518,0.0
777519,0.0
777520,0.0
777521,0.0
777522,0.0
777523,0.0
777524,0.0
777525,0.0
777526,0.0
777527,0.0
777528,0.0
777529,0.0
777530,0.0
777531,0.0
777532,0.0
777533,0.0
777534,0.0
777535,0.0
777536,0.0
777537,0.0
777538,0.0
777539,0.0
777540,0.0
777541,0.0
777542,0.0
777543,0.0
777544,0.0
777545,0.0
777546,0.0
777547,0.0
777548,0.0
777549,0.0
777550,0.0
777551,0.0
777552,0.0
777553,0.0
777554,0.0
777555,0.0
777556,0.0
777557,0.0
777558,0.0
777559,0.0
777560,0.0
777561,0.0
777562,0.0
777563,0.0
777564,0.0
777565,0.0
777566,0.0
777567,0.0
777568,0.0
777569,0.0
777570,0.36242384
777571,0.0
777572,0.0
777573,0.0
777574,0.0
777575,0.0
777576,0.0
777577,0.0
777578,0.0
777579,0.0
777580,0.0
777581,0.0
777582,0.0
777583,0.0
777584,0.0
777585,0.0
777586,0.0
777587,0.0
777588,0.0
777589,0.0
777590,0.0
777591,0.0
777592,0.0
777593,0.0
777594,0.0
777595,4.176409e-07
777596,0.0
777597,0.0
777598,0.0
777599,1.3214911e-34
777600,0.0
777601,0.0
777602,0.0
777603,0.0
777604,0.0
777605,0.0
777606,0.0
777607,0.0
777608,0.0
777609,0.0
777610,0.0
777611,0.0
777612,0.0
777613,0.0
777614,0.0
777615,0.0
777616,0.0
777617,0.0
777618,0.0
777619,0.0
777620,0.0
777621,0.0
777622,0.0
777623,0.0
777624,0.0
777625,0.0
777626,0.0
777627,0.0
777628,0.0
777629,0.0
777630,0.0
777631,0.0
777632,0.0
777633,0.0
777634,5.21382e-32
777635,0.0
777636,0.0
777637,0.0
777638,0.0
777639,0.0
777640,0.0
777641,0.0
777642,0.0
777643,0.0
777644,0.0
777645,0.0
777646,0.0
777647,0.0
777648,0.0
777649,0.0
777650,0.0
777651,0.0
777652,0.0
777653,0.0
777654,0.0
777655,0.0
777656,0.0
777657,0.0
777658,0.0
777659,0.0
777660,0.0
777661,3.1759322e-23
777662,0.0
777663,0.0
777664,0.0
777665,0.0
777666,0.0
777667,0.0
777668,0.0
777669,0.0
777670,0.0
777671,0.0
777672,0.0
777673,0.0
777674,0.0
777675,0.0
777676,0.0
777677,0.0
777678,0.0
777679,0.0
777680,0.0
777681,0.0
777682,0.0
777683,0.0
777684,0.0
777685,0.0
777686,0.0
777687,0.0
777688,0.0
777689,0.0
777690,0.0
777691,0.0
777692,0.0
777693,0.0
777694,0.0
777695,0.0
777696,0.0
777697,0.0
777698,0.0
777699,0.0
777700,0.0
777701,0.0
777702,0.0
777703,0.0
777704,0.0
777705,0.0
777706,0.0
777707,0.0
777708,0.0
777709,0.0
777710,0.0
777711,0.0
777712,0.0
777713,0.0
777714,0.0
777715,0.0
777716,0.0
777717,0.0
777718,0.0
777719,0.0
777720,0.0
777721,0.0
777722,0.0
777723,0.0
777724,0.0
777725,0.0
777726,0.0
777727,0.0
777728,0.0
777729,0.0
777730,0.0
777731,0.0
777732,0.0
777733,0.0
777734,0.0
777735,0.0
777736,0.0
777737,0.0
777738,0.0
777739,0.0
777740,0.0
777741,0.0
777742,0.0
777743,0.0
777744,0.0
777745,0.0
777746,0.0
777747,0.0
777748,0.0
777749,0.0
777750,0.0
777751,0.0
777752,0.0
777753,0.0
777754,0.0
777755,0.0
777756,0.0
777757,0.0
777758,0.0
777759,0.0
777760,0.0
777761,0.0
777762,0.0
777763,0.0
777764,0.0
777765,0.0
777766,0.0
777767,0.0
777768,0.0
777769,2.9682111e-37
777770,0.0
777771,1.4330117e-32
777772,0.0
777773,0.0
777774,0.0
777775,0.0
777776,0.0
777777,0.0
777778,0.0
777779,0.0
777780,0.0
777781,0.0
777782,0.0
777783,0.0
777784,0.0
777785,0.0
777786,0.0
777787,0.0
777788,0.0
777789,0.0
777790,0.0
777791,0.0
777792,0.0
777793,0.0
777794,0.0
777795,0.0
777796,0.0
777797,0.0
777798,0.0
777799,0.0
777800,0.0
777801,0.0
777802,0.0
777803,0.0
777804,0.0
777805,0.0
777806,0.0
777807,0.0
777808,0.0
777809,0.0
777810,0.0
777811,0.0
777812,0.0
777813,0.0
777814,0.0
777815,0.0
777816,0.0
777817,0.0
777818,0.0
777819,0.0
777820,0.0
777821,0.0
777822,0.0
777823,0.0
777824,0.0
777825,0.0
777826,0.0
777827,0.0
777828,0.0
777829,0.0
777830,0.0
777831,0.0
777832,0.0
777833,7.786837e-34
777834,0.0
777835,0.0
777836,0.0
777837,0.0
777838,0.0
777839,0.0
777840,0.0
777841,0.0
777842,0.0
777843,0.0
777844,0.0
777845,0.0
777846,0.0
777847,0.0
777848,0.0
777849,0.0
777850,0.0
777851,0.0
777852,0.0
777853,0.0
777854,0.0
777855,0.0
777856,0.0
777857,0.0
777858,0.0
777859,0.0
777860,0.0
777861,0.0
777862,0.0
777863,0.0
777864,0.0
777865,0.0
777866,0.0
777867,0.0
777868,0.0
777869,0.0
777870,0.0
777871,0.0
777872,0.0
777873,0.0
777874,0.0
777875,0.0
777876,0.0
777877,0.0
777878,0.0
777879,0.0
777880,0.0
777881,0.0
777882,0.0
777883,0.0
777884,0.0
777885,0.0
777886,0.0
777887,0.0
777888,0.0
777889,0.0
777890,0.0
777891,0.0
777892,0.0
777893,0.0
777894,0.0
777895,0.0
777896,0.0
777897,0.0
777898,0.0
777899,0.0
777900,0.0
777901,0.0
777902,0.0
777903,0.0
777904,0.0
777905,0.0
777906,0.0
777907,0.0
777908,0.0
777909,0.0
777910,7.729879e-08
777911,0.0
777912,0.0
777913,0.0
777914,0.0
777915,0.0
777916,0.0
777917,0.0
777918,0.0
777919,0.0
777920,0.0
777921,0.0
777922,0.0
777923,0.0
777924,0.0
777925,0.0
777926,0.0
777927,0.0
777928,0.0
777929,0.0
777930,0.0
777931,0.0
777932,0.0
777933,0.0
777934,0.0
777935,0.0
777936,0.0
777937,0.0
777938,0.0
777939,0.0
777940,0.0
777941,0.0
777942,0.0
777943,0.0
777944,0.0
777945,0.0
777946,0.0
777947,0.0
777948,0.0
777949,0.0
777950,0.0
777951,0.0
777952,0.0
777953,0.0
777954,0.0
777955,0.0
777956,0.0
777957,0.0
777958,0.0
777959,0.0
777960,0.0
777961,8.0229067e-25
777962,0.0
777963,0.0
777964,0.0
777965,0.0
777966,0.0
777967,0.0
777968,0.0
777969,0.0
777970,0.0
777971,0.0
777972,0.0
777973,0.0
777974,0.0
777975,0.0
777976,0.0
777977,0.0
777978,0.0
777979,0.0
777980,0.0
777981,0.0
777982,0.0
777983,0.0
777984,0.0
777985,0.0
777986,0.0
777987,0.0
777988,0.0
777989,0.0
777990,0.0
777991,0.0
777992,0.0
777993,0.0
777994,0.0
777995,0.0
777996,0.0
777997,0.0
777998,0.0
777999,0.0
778000,0.0
778001,0.0
778002,0.0
778003,0.0
778004,0.0
778005,0.0
778006,0.0
778007,0.0
778008,0.0
778009,0.0
778010,0.0
778011,0.0
778012,0.0
778013,0.0
778014,0.0
778015,0.0
778016,0.0
778017,0.0
778018,0.0
778019,0.0
778020,0.0
778021,0.0
778022,0.0
778023,0.0
778024,0.0
778025,0.0
778026,0.0
778027,0.0
778028,0.0
778029,0.0
778030,0.0
778031,0.0
778032,0.0
778033,0.0
778034,0.0
778035,0.0
778036,0.0
778037,0.0
778038,0.0
778039,0.0
778040,0.0
778041,0.0
778042,0.0
778043,0.0
778044,0.0
778045,0.0
778046,0.0
778047,0.0
778048,0.0
778049,0.0
778050,0.0
778051,0.0
778052,0.0
778053,0.0
778054,0.0
778055,0.0
778056,0.0
778057,0.0
778058,0.0
778059,0.0
778060,0.0
778061,0.0
778062,0.0
778063,0.0
778064,0.0
778065,0.0
778066,0.0
778067,0.0
778068,0.0
778069,0.0
778070,0.0
778071,0.0
778072,0.0
778073,0.0
778074,0.0
778075,0.0
778076,0.0
778077,0.0
778078,0.0
778079,0.0
778080,0.0
778081,0.0
778082,0.0
778083,0.0
778084,0.0
778085,0.0
778086,0.0
778087,0.0
778088,0.0
778089,0.0
778090,0.0
778091,0.0
778092,0.0
778093,0.0
778094,0.0
778095,0.0
778096,0.0
778097,0.0
778098,0.0
778099,0.0
778100,0.0
778101,0.0
778102,0.0
778103,0.0
778104,0.0
778105,0.0
778106,0.0
778107,0.0
778108,0.0
778109,0.0
778110,0.0
778111,0.0
778112,0.0
778113,0.0
778114,0.0
778115,0.0
778116,0.0
778117,0.0
778118,0.0
778119,0.0
778120,0.0
778121,0.0
778122,0.0
778123,0.0
778124,0.0
778125,0.0
778126,0.0
778127,0.0
778128,0.0
778129,0.0
778130,0.0
778131,0.0
778132,0.0
778133,0.0
778134,0.0
778135,0.0
778136,0.0
778137,0.0
778138,0.0
778139,0.0
778140,0.0
778141,0.0
778142,0.0
778143,0.0
778144,0.0
778145,0.0
778146,0.0
778147,0.0
778148,0.0
778149,0.0
778150,0.0
778151,0.0
778152,0.0
778153,0.0
778154,0.0
778155,0.0
778156,0.0
778157,0.0
778158,0.0
778159,1.3193038e-36
778160,0.0
778161,0.0
778162,0.0
778163,0.0
778164,0.0
778165,0.0
778166,0.0
778167,0.0
778168,0.0
778169,0.0
778170,2.7028303e-14
778171,0.0
778172,0.0
778173,0.0
778174,0.0
778175,0.0
778176,0.0
778177,0.36242384
778178,0.0
778179,0.0
778180,0.0
778181,0.0
778182,0.0
778183,0.0
778184,0.0
778185,0.0
778186,0.0
778187,0.0
778188,0.0
778189,0.0
778190,0.0
778191,0.0
778192,0.0
778193,0.0
778194,0.0
778195,0.0
778196,0.0
778197,0.0
778198,0.0
778199,0.0
778200,0.0
778201,0.0
778202,0.0
778203,0.0
778204,0.0
778205,0.0
778206,0.0
778207,0.0
778208,0.0
778209,0.0
778210,0.0
778211,0.0
778212,0.0
778213,0.0
778214,0.0
778215,0.0
778216,0.0
778217,0.0
778218,0.0
778219,0.0
778220,0.0
778221,0.0
778222,0.0
778223,0.0
778224,0.0
778225,0.0
778226,0.0
778227,0.0
778228,0.0
778229,0.0
778230,0.0
778231,0.0
778232,0.0
778233,0.0
778234,0.0
778235,0.0
778236,0.0
778237,0.0
778238,0.0
778239,0.0
778240,0.0
778241,0.0
778242,0.0
778243,0.0
778244,0.0
778245,0.0
778246,0.0
778247,0.0
778248,0.0
778249,0.0
778250,0.0
778251,0.0
778252,0.0
778253,0.0
778254,0.0
778255,0.0
778256,0.0
778257,0.0
778258,0.0
778259,0.0
778260,0.0
778261,0.0
778262,0.0
778263,0.0
778264,0.0
778265,0.0
778266,0.0
778267,0.0
778268,0.0
778269,0.0
778270,0.0
778271,0.0
778272,0.0
778273,0.0
778274,0.0
778275,0.0
778276,0.0
778277,0.0
778278,0.0
778279,0.0
778280,0.0
778281,0.0
778282,0.0
778283,0.0
778284,0.0
778285,0.0
778286,0.0
778287,0.0
778288,0.0
778289,0.0
778290,0.0
778291,0.0
778292,0.0
778293,0.0
778294,0.0
778295,0.0
778296,0.0
778297,0.0
778298,0.0
778299,0.0
778300,0.0
778301,0.0
778302,0.0
778303,0.0
778304,0.0
778305,0.0
778306,0.0
778307,0.0
778308,0.0
778309,0.0
778310,0.0
778311,0.0
778312,0.0
778313,0.0
778314,0.0
778315,0.0
778316,0.0
778317,0.0
778318,0.0
778319,0.0
778320,0.0
778321,0.0
778322,0.0
778323,0.0
778324,0.0
778325,0.0
778326,0.0
778327,0.0
778328,0.0
778329,0.0
778330,0.0
778331,0.0
778332,0.0
778333,0.0
778334,0.0
778335,0.0
778336,0.0
778337,0.0
778338,0.0
778339,0.0
778340,0.0
778341,0.0
778342,0.0
778343,0.0
778344,0.0
778345,0.0
778346,0.0
778347,0.0
778348,0.0
778349,0.0
778350,0.0
778351,0.0
778352,0.0
778353,0.0
778354,0.0
778355,0.0
778356,0.0
778357,0.0
778358,0.0
778359,0.0
778360,0.0
778361,0.010150816
778362,0.0
778363,0.0
778364,0.0
778365,0.0
778366,0.0
778367,0.0
778368,0.0
778369,0.0
778370,0.0
778371,0.0
778372,0.0
778373,0.0
778374,0.0
778375,0.0
778376,0.0
778377,0.0
778378,0.0
778379,0.0
778380,0.0
778381,0.0
778382,0.0
778383,0.0
778384,0.0
778385,0.0
778386,0.0
778387,0.0
778388,0.0
778389,0.0
778390,0.0
778391,0.0
778392,0.0
778393,0.0
778394,0.0
778395,0.0
778396,0.0
778397,0.0
778398,0.0
778399,7.2280746e-25
778400,0.0
778401,0.0
778402,0.0
778403,0.0
778404,0.0
778405,0.0
778406,0.0
778407,0.0
778408,0.0
778409,0.0
778410,0.0
778411,0.0
778412,0.0
778413,0.0
778414,0.0
778415,0.0
778416,0.0
778417,0.0
778418,0.0
778419,0.0
778420,0.0
778421,0.0
778422,0.0
778423,0.0
778424,0.0
778425,0.0
778426,0.0
778427,0.0
778428,0.0
778429,0.0
778430,0.0
778431,0.0
778432,0.0
778433,0.0
778434,0.0
778435,0.0
778436,0.0
778437,0.0
778438,0.0
778439,0.0
778440,0.0
778441,0.0
778442,0.0
778443,0.0
778444,0.0
778445,0.0
778446,0.0
778447,0.0
778448,0.0
778449,0.0
778450,0.0
778451,0.0
778452,0.0
778453,0.0
778454,0.0
778455,0.0
778456,0.0
778457,0.0
778458,0.0
778459,0.0
778460,0.0
778461,0.0
778462,0.0
778463,0.0
778464,0.0
778465,0.0
778466,0.0
778467,0.0
778468,0.0
778469,0.0
778470,0.0
778471,0.0
778472,0.0
778473,0.0
778474,0.0
778475,0.0
778476,0.0
778477,0.0
778478,0.0
778479,0.0
778480,0.0
778481,0.0
778482,0.0
778483,0.0
778484,0.0
778485,0.0
778486,0.0
778487,0.0
778488,0.0
778489,0.0
778490,0.0
778491,0.0
778492,0.0
778493,0.0
778494,0.0
778495,0.0
778496,0.0
778497,0.0
778498,0.0
778499,0.0
778500,0.0
778501,0.0
778502,0.0
778503,0.0
778504,0.0
778505,0.0
778506,0.0
778507,0.0
778508,0.0
778509,0.0
778510,0.0
778511,0.0
778512,0.0
778513,0.0
778514,0.0
778515,0.0
778516,0.0
778517,0.0
778518,0.0
778519,0.0
778520,0.0
778521,0.0
778522,0.0
778523,0.0
778524,0.0
778525,0.0
778526,0.0
778527,0.0
778528,0.0
778529,0.0
778530,0.0
778531,0.0
778532,0.0
778533,0.0
778534,0.0
778535,0.0
778536,0.0
778537,0.0
778538,0.0
778539,0.0
778540,0.0
778541,0.0
778542,0.0
778543,0.0
778544,0.0
778545,0.0
778546,0.0
778547,0.0
778548,0.0
778549,0.0
778550,0.0
778551,0.0
778552,0.0
778553,0.0
778554,0.0
778555,0.0
778556,0.0
778557,0.0
778558,0.0
778559,0.0
778560,0.0
778561,0.0
778562,0.0
778563,0.0
778564,0.0
778565,0.0
778566,0.0
778567,0.0
778568,0.0
778569,0.0
778570,0.0
778571,0.0
778572,0.0
778573,0.0
778574,0.0
778575,0.0
778576,0.0
778577,0.0
778578,0.0
778579,0.0
778580,0.0
778581,0.0
778582,0.0
778583,0.0
778584,0.0
778585,0.0
778586,0.0
778587,0.0
778588,0.0
778589,0.0
778590,0.0
778591,0.0
778592,0.0
778593,0.0
778594,0.0
778595,0.0
778596,0.0
778597,0.0
778598,0.0
778599,0.0
778600,0.0
778601,0.0
778602,0.0
778603,0.0
778604,0.0
778605,0.0
778606,0.0
778607,0.0
778608,0.0
778609,0.0
778610,0.0
778611,0.0
778612,0.0
778613,0.0
778614,0.0
778615,0.0
778616,0.0
778617,0.0
778618,0.0
778619,0.0
778620,0.0
778621,0.0
778622,0.0
778623,2.2911673e-19
778624,0.0
778625,0.0
778626,0.0
778627,0.0
778628,0.0
778629,0.0
778630,0.0
778631,0.0
778632,0.0
778633,0.0
778634,0.0
778635,0.0
778636,0.0
778637,0.0
778638,0.0
778639,0.0
778640,0.0
778641,0.0
778642,0.0
778643,0.0
778644,0.0
778645,0.0
778646,0.0
778647,0.0
778648,0.0
778649,0.0
778650,0.0
778651,0.0
778652,0.0
778653,0.0
778654,0.0
778655,0.0
778656,0.0
778657,0.0
778658,0.0
778659,0.0
778660,0.0
778661,0.0
778662,0.0
778663,0.0
778664,0.0
778665,0.0
778666,0.0
778667,0.0
778668,0.0
778669,0.0
778670,0.0
778671,0.0
778672,0.0
778673,0.0
778674,0.0
778675,0.0
778676,0.0
778677,0.0
778678,0.0
778679,0.0
778680,0.0
778681,0.0
778682,0.0
778683,0.0
778684,0.0
778685,0.0
778686,0.0
778687,0.0
778688,0.0
778689,0.0
778690,0.0
778691,0.0
778692,0.0
778693,0.0
778694,0.0
778695,0.0
778696,0.0
778697,0.0
778698,0.0
778699,0.0
778700,0.0
778701,0.0
778702,0.0
778703,0.0
778704,0.0
778705,0.0
778706,0.0
778707,0.0
778708,0.0
778709,0.0
778710,0.0
778711,0.0
778712,0.0
778713,0.0
778714,0.0
778715,0.0
778716,0.0
778717,0.0
778718,0.0
778719,0.0
778720,0.0
778721,0.0
778722,0.0
778723,0.0
778724,0.0
778725,0.0
778726,0.0
778727,0.0
778728,0.0
778729,0.0
778730,0.0
778731,0.0
778732,0.0
778733,0.0
778734,0.0
778735,0.0
778736,0.0
778737,0.0
778738,0.0
778739,0.0
778740,0.0
778741,0.0
778742,0.0
778743,0.0
778744,0.0
778745,0.0
778746,0.0
778747,0.0
778748,0.0
778749,0.0
778750,0.0
778751,0.0
778752,0.0
778753,0.0
778754,0.0
778755,0.0
778756,0.0
778757,0.0
778758,0.0
778759,0.0
778760,0.0
778761,0.0
778762,0.0
778763,0.0
778764,0.0
778765,0.0
778766,0.0
778767,0.0
778768,0.0
778769,0.0
778770,0.0
778771,0.0
778772,0.0
778773,0.0
778774,0.0
778775,0.0
778776,0.0
778777,0.0
778778,0.0
778779,0.0
778780,0.0
778781,0.0
778782,0.0
778783,0.0
778784,0.0
778785,0.0
778786,0.0
778787,0.0
778788,0.0
778789,0.0
778790,0.0
778791,0.0
778792,0.0
778793,0.0
778794,0.0
778795,0.0
778796,0.0
778797,0.0
778798,0.0
778799,0.0
778800,0.0
778801,0.0
778802,0.0
778803,0.0
778804,0.0
778805,0.0
778806,0.0
778807,0.0
778808,0.0
778809,0.0
778810,0.0
778811,0.0
778812,0.0
778813,0.0
778814,0.0
778815,0.0
778816,0.0
778817,0.0
778818,0.0
778819,0.0
778820,0.0
778821,0.0
778822,0.0
778823,0.0
778824,0.0
778825,0.0
778826,0.0
778827,0.0
778828,0.0
778829,0.0
778830,0.0
778831,0.0
778832,0.0
778833,0.0
778834,0.0
778835,0.0
778836,0.0
778837,0.0
778838,0.0
778839,0.0
778840,0.0
778841,0.0
778842,0.0
778843,0.0
778844,0.0
778845,0.0
778846,0.0
778847,0.0
778848,0.0
778849,0.0
778850,0.0
778851,0.0
778852,0.0
778853,0.0
778854,0.0
778855,0.0
778856,0.0
778857,0.0
778858,0.0
778859,0.0
778860,0.0
778861,0.0
778862,0.0
778863,0.0
778864,0.0
778865,0.0
778866,0.0
778867,0.0
778868,0.0
778869,0.0
778870,0.0
778871,0.0
778872,0.0
778873,0.0
778874,0.0
778875,0.0
778876,0.0
778877,0.0
778878,0.0
778879,0.0
778880,0.0
778881,0.0
778882,0.0
778883,0.0
778884,0.0
778885,0.0
778886,0.0
778887,0.0
778888,0.0
778889,0.0
778890,0.0
778891,0.0
778892,0.0
778893,0.0
778894,0.0
778895,0.0
778896,0.0
778897,0.0
778898,0.0
778899,0.0
778900,0.0
778901,0.0
778902,0.0
778903,0.0
778904,0.0
778905,0.0
778906,0.0
778907,0.0
778908,0.0
778909,0.0
778910,0.0
778911,0.0
778912,0.0
778913,0.0
778914,0.0
778915,0.0
778916,0.0
778917,0.0
778918,0.0
778919,0.0
778920,0.0
778921,0.0
778922,0.0
778923,0.0
778924,0.0
778925,0.0
778926,0.0
778927,0.0
778928,0.0
778929,0.0
778930,0.0
778931,0.0
778932,0.0
778933,0.0
778934,0.0
778935,0.0
778936,0.0
778937,0.0
778938,0.0
778939,0.0
778940,0.0
778941,0.0
778942,0.0
778943,0.0
778944,0.0
778945,1.5172457e-38
778946,0.0
778947,0.0
778948,0.0
778949,0.0
778950,0.0
778951,0.0
778952,0.0
778953,0.0
778954,0.0
778955,0.0
778956,0.0
778957,0.0
778958,0.0
778959,0.0
778960,0.0
778961,0.0
778962,0.0
778963,0.0
778964,0.0
778965,0.0
778966,0.0
778967,0.0
778968,0.0
778969,0.0
778970,0.0
778971,0.0
778972,0.0
778973,0.0
778974,0.0
778975,0.0
778976,0.0
778977,0.0
778978,0.0
778979,0.0
778980,0.0
778981,0.0
778982,0.0
778983,0.0
778984,0.0
778985,0.0
778986,8.703624e-20
778987,0.0
778988,0.0
778989,0.0
778990,0.0
778991,0.0
778992,0.0
778993,0.0
778994,0.0
778995,0.0
778996,0.0
778997,0.0
778998,0.0
778999,0.0
779000,0.0
779001,0.0
779002,0.0
779003,0.0
779004,0.0
779005,0.0
779006,0.0
779007,0.0
779008,3.0345794e-38
779009,0.0
779010,0.0
779011,0.0
779012,0.0
779013,0.0
779014,0.0
779015,0.0
779016,0.0
779017,0.0
779018,0.0
779019,0.0
779020,0.0
779021,0.0
779022,0.0
779023,0.0
779024,0.0
779025,0.0
779026,0.0
779027,0.0
779028,0.0
779029,0.0
779030,0.0
779031,0.0
779032,0.0
779033,0.0
779034,0.0
779035,0.0
779036,0.0
779037,0.0
779038,0.0
779039,0.0
779040,0.0
779041,0.0
779042,0.0
779043,0.0
779044,0.0
779045,0.0
779046,0.0
779047,0.0
779048,0.0
779049,0.0
779050,0.0
779051,0.0
779052,0.0
779053,0.0
779054,0.0
779055,0.0
779056,0.0
779057,0.0
779058,0.0
779059,0.0
779060,0.0
779061,1.1339745e-11
779062,0.0
779063,0.0
779064,0.0
779065,0.0
779066,0.0
779067,0.0
779068,0.0
779069,0.0
779070,0.0
779071,0.0
779072,0.0
779073,0.0
779074,0.0
779075,0.0
779076,0.0
779077,0.0
779078,0.0
779079,0.0
779080,0.0
779081,0.0
779082,0.0
779083,0.0
779084,0.0
779085,0.0
779086,0.0
779087,0.0
779088,0.0
779089,0.0
779090,0.0
779091,0.0
779092,0.0
779093,0.0
779094,0.0
779095,0.0
779096,0.0
779097,0.0
779098,0.0
779099,0.0
779100,0.0
779101,0.0
779102,0.0
779103,0.0
779104,0.0
779105,0.0
779106,0.0
779107,0.0
779108,0.0
779109,0.0
779110,0.0
779111,0.0
779112,0.0
779113,0.0
779114,0.0
779115,0.0
779116,0.0
779117,0.0
779118,0.0
779119,0.0
779120,0.0
779121,0.0
779122,0.0
779123,0.0
779124,0.0
779125,0.0
779126,0.0
779127,0.0
779128,0.0
779129,0.0
779130,0.0
779131,0.0
779132,0.0
779133,0.0
779134,0.0
779135,0.0
779136,0.0
779137,0.0
779138,0.0
779139,5.4421095e-10
779140,0.0
779141,0.0
779142,0.0
779143,0.0
779144,0.0
779145,0.0
779146,0.0
779147,0.0
779148,0.0
779149,0.0
779150,0.0
779151,0.0
779152,0.0
779153,0.0
779154,0.0
779155,0.0
779156,0.0
779157,0.0
779158,0.0
779159,0.0
779160,0.0
779161,0.0
779162,0.0
779163,0.0
779164,0.0
779165,0.0
779166,0.0
779167,0.0
779168,0.0
779169,0.0
779170,0.0
779171,0.0
779172,0.0
779173,0.0
779174,0.0
779175,0.0
779176,0.0
779177,0.0
779178,0.0
779179,0.0
779180,0.0
779181,0.0
779182,0.0
779183,0.0
779184,0.0
779185,0.0
779186,0.0
779187,0.0
779188,0.0
779189,0.0
779190,0.0
779191,0.0
779192,0.0
779193,0.0
779194,0.0
779195,0.0
779196,0.0
779197,0.0
779198,0.0
779199,0.0
779200,0.0
779201,0.0
779202,0.0
779203,0.0
779204,0.0
779205,0.0
779206,0.0
779207,0.0
779208,0.0
779209,0.0
779210,0.0
779211,0.0
779212,0.0
779213,0.0
779214,0.0
779215,0.0
779216,0.0
779217,0.0
779218,0.0
779219,0.0
779220,0.0
779221,0.0
779222,0.0
779223,0.0
779224,0.0
779225,0.0
779226,0.0
779227,0.0
779228,0.0
779229,0.0
779230,0.0
779231,0.0
779232,0.0
779233,0.0
779234,0.0
779235,0.0
779236,0.0
779237,0.0
779238,0.0
779239,0.0
779240,0.0
779241,0.0
779242,0.0
779243,0.07457932
779244,0.0
779245,0.0
779246,0.0
779247,0.0
779248,0.0
779249,0.0
779250,0.0
779251,0.0
779252,0.0
779253,0.0
779254,0.0
779255,0.0
779256,0.0
779257,0.0
779258,0.0
779259,0.0
779260,0.0
779261,0.0
779262,0.0
779263,0.0
779264,0.0
779265,0.0
779266,0.0
779267,0.0
779268,0.0
779269,0.0
779270,0.0
779271,2.555926e-32
779272,0.0
779273,0.0
779274,0.0
779275,0.0
779276,0.0
779277,0.0
779278,0.0
779279,0.0
779280,0.0
779281,0.0
779282,0.0
779283,0.0
779284,0.0
779285,0.0
779286,0.0
779287,0.0
779288,0.0
779289,0.0
779290,0.0
779291,0.0
779292,0.0
779293,0.0
779294,0.0
779295,0.0
779296,0.0
779297,0.0
779298,0.0
779299,0.0
779300,0.0
779301,0.0
779302,0.0
779303,0.0
779304,0.0
779305,0.0
779306,0.0
779307,0.0
779308,0.0
779309,0.0
779310,0.0
779311,0.0
779312,0.0
779313,0.0
779314,0.0
779315,0.0
779316,0.0
779317,0.0
779318,0.0
779319,0.0
779320,0.0
779321,0.0
779322,0.0
779323,0.0
779324,0.0
779325,0.0
779326,0.0
779327,0.0
779328,0.0
779329,0.0
779330,0.0
779331,0.0
779332,0.0
779333,0.0
779334,0.0
779335,0.0
779336,0.0
779337,0.0
779338,0.0
779339,0.0
779340,0.0
779341,0.0
779342,0.0
779343,0.0
779344,0.0
779345,0.0
779346,0.0
779347,0.0
779348,0.0
779349,0.0
779350,0.0
779351,0.0
779352,0.0
779353,0.0
779354,0.0
779355,0.0
779356,0.0
779357,0.0
779358,0.0
779359,0.0
779360,0.0
779361,0.0
779362,0.0
779363,0.0
779364,0.0
779365,0.0
779366,0.0
779367,0.0
779368,0.0
779369,0.0
779370,0.0
779371,6.903686e-17
779372,0.0
779373,0.0
779374,0.0
779375,0.0
779376,0.0
779377,0.0
779378,0.0
779379,0.0
779380,0.0
779381,0.0
779382,0.0
779383,0.0
779384,0.0
779385,0.0
779386,0.0
779387,0.0
779388,0.0
779389,0.0
779390,0.0
779391,0.0
779392,0.0
779393,0.0
779394,0.0
779395,0.0
779396,0.0
779397,0.0
779398,0.0
779399,0.0
779400,0.0
779401,0.0
779402,0.0
779403,0.0
779404,0.0
779405,0.0
779406,0.0
779407,0.0
779408,0.0
779409,0.0
779410,1.3031187e-20
779411,0.0
779412,0.0
779413,0.0
779414,0.0
779415,0.0
779416,0.0
779417,0.0
779418,0.0
779419,0.0
779420,0.0
779421,0.0
779422,0.0
779423,0.0
779424,0.0
779425,0.0
779426,0.0
779427,0.0
779428,0.0
779429,0.0
779430,0.0
779431,0.0
779432,0.0
779433,0.0
779434,0.0
779435,0.0
779436,0.0
779437,0.0
779438,0.0
779439,0.0
779440,0.0
779441,0.0
779442,0.0
779443,0.0
779444,0.0
779445,0.0
779446,0.0
779447,0.0
779448,1.802677e-35
779449,0.0
779450,0.0
779451,0.0
779452,0.0
779453,0.0
779454,0.0
779455,0.0
779456,0.0
779457,0.0
779458,0.0
779459,0.0
779460,0.0
779461,0.0
779462,0.0
779463,0.0
779464,0.0
779465,0.0
779466,0.0
779467,0.0
779468,0.0
779469,0.0
779470,0.0
779471,0.0
779472,0.0
779473,0.0
779474,0.0
779475,0.0
779476,0.0
779477,0.0
779478,0.0
779479,0.0
779480,0.0
779481,0.0
779482,0.0
779483,0.0
779484,0.0
779485,4.043927e-06
779486,0.0
779487,0.0
779488,0.0
779489,0.0
779490,0.0
779491,0.0
779492,0.0
779493,0.0
779494,0.0
779495,0.0
779496,0.0
779497,0.0
779498,0.0
779499,0.0
779500,0.0
779501,0.0
779502,0.0
779503,0.0
779504,0.0
779505,0.0
779506,0.0
779507,6.2419967e-35
779508,2.3363746e-07
779509,0.0
779510,0.0
779511,0.0
779512,0.0
779513,0.0
779514,0.0
779515,0.0
779516,0.0
779517,0.0
779518,0.0
779519,0.0
779520,0.0
779521,0.0
779522,0.0
779523,0.0
779524,0.0
779525,0.0
779526,0.0
779527,0.0
779528,0.0
779529,0.0
779530,0.0
779531,0.0
779532,0.0
779533,0.0
779534,0.0
779535,0.0
779536,0.0
779537,0.0
779538,0.0
779539,0.0
779540,0.0
779541,0.0
779542,0.0
779543,0.0
779544,0.0
779545,0.0
779546,0.0
779547,0.0
779548,0.0
779549,0.0
779550,0.0
779551,0.0
779552,0.0
779553,0.0
779554,0.0
779555,0.0
779556,0.0
779557,0.0
779558,0.0
779559,0.0
779560,0.0
779561,0.0
779562,0.0
779563,0.0
779564,0.0
779565,0.0
779566,0.0
779567,0.0
779568,0.0
779569,0.0
779570,0.0
779571,0.0
779572,0.0
779573,0.0
779574,0.0
779575,0.0
779576,0.0
779577,0.0
779578,0.0
779579,0.0
779580,0.0
779581,0.0
779582,0.0
779583,0.0
779584,0.0
779585,0.0
779586,0.0
779587,0.0
779588,0.0
779589,4.3611978e-32
779590,0.0
779591,0.0
779592,0.0
779593,0.0
779594,0.0
779595,0.0
779596,0.0
779597,0.0
779598,0.0
779599,0.0
779600,0.0
779601,0.0
779602,0.0
779603,0.0
779604,0.0
779605,0.0
779606,0.0
779607,0.0
779608,0.0
779609,0.0
779610,0.0
779611,0.0
779612,0.0
779613,0.0
779614,0.0
779615,0.0
779616,0.0
779617,0.0
779618,0.0
779619,0.0
779620,0.0
779621,0.0
779622,0.0
779623,0.0
779624,0.0
779625,0.0
779626,0.0
779627,0.0
779628,0.0
779629,0.0
779630,0.0
779631,0.0
779632,0.0
779633,0.0
779634,0.0
779635,0.0
779636,0.0
779637,0.0
779638,0.0
779639,0.0
779640,0.0
779641,0.0
779642,0.0
779643,0.0
779644,0.0
779645,0.0
779646,0.0
779647,0.0
779648,0.0
779649,0.0
779650,0.0
779651,0.0
779652,0.0
779653,0.0
779654,0.0
779655,0.0
779656,0.0
779657,0.0
779658,0.0
779659,0.0
779660,0.0
779661,0.0
779662,0.0
779663,0.0
779664,0.0
779665,0.0
779666,0.0
779667,0.0
779668,0.0
779669,0.0
779670,4.850549e-34
779671,0.0
779672,0.0
779673,0.0
779674,0.0
779675,0.0
779676,0.0
779677,0.0
779678,0.0
779679,0.0
779680,0.0
779681,0.0
779682,0.0
779683,0.0
779684,0.0
779685,0.0
779686,0.0
779687,0.0
779688,0.0
779689,0.0
779690,0.0
779691,0.0
779692,0.0
779693,0.0
779694,0.0
779695,0.0
779696,0.0
779697,0.0
779698,0.0
779699,0.0
779700,0.0
779701,0.0
779702,0.0
779703,0.0
779704,0.0
779705,0.0
779706,0.0
779707,0.0
779708,0.0
779709,0.0
779710,0.0
779711,0.0
779712,0.0
779713,0.0
779714,0.0
779715,0.0
779716,0.0
779717,0.0
779718,0.0
779719,0.0
779720,0.0
779721,0.0
779722,0.0
779723,0.0
779724,0.0
779725,0.0
779726,0.0
779727,0.0
779728,0.0
779729,0.0
779730,0.0
779731,0.0
779732,0.0
779733,0.0
779734,0.0
779735,0.0
779736,0.0
779737,0.0
779738,0.0
779739,0.0
779740,0.0
779741,0.0
779742,0.0
779743,0.0
779744,0.0
779745,0.0
779746,0.0
779747,0.0
779748,0.0
779749,0.0
779750,0.0
779751,0.0
779752,0.0
779753,0.0
779754,0.0
779755,0.0
779756,0.0
779757,0.0
779758,0.0
779759,0.0
779760,0.0
779761,0.0
779762,0.0
779763,0.0
779764,0.0
779765,0.0
779766,0.0
779767,0.0
779768,0.0
779769,0.0
779770,0.0
779771,0.0
779772,0.0
779773,0.0
779774,0.0
779775,0.0
779776,0.0
779777,0.0
779778,0.0
779779,0.0
779780,0.0
779781,0.0
779782,0.0
779783,0.0
779784,0.0
779785,0.0
779786,0.0
779787,0.0
779788,0.0
779789,0.0
779790,0.0
779791,0.0
779792,0.0
779793,0.0
779794,0.0
779795,0.0
779796,0.0
779797,0.0
779798,7.163196e-22
779799,0.0
779800,0.0
779801,0.0
779802,0.0
779803,0.0
779804,0.0
779805,0.0
779806,0.0
779807,0.0
779808,0.0
779809,0.0
779810,0.0
779811,0.0
779812,0.0
779813,0.0
779814,0.0
779815,0.0
779816,0.0
779817,0.0
779818,2.2209448e-05
779819,0.0
779820,0.0
779821,0.0
779822,0.0
779823,0.0
779824,0.0
779825,0.0
779826,0.0
779827,0.0
779828,0.0
779829,0.0
779830,0.0
779831,0.0
779832,0.0
779833,0.0
779834,0.0
779835,0.0
779836,0.0
779837,0.0
779838,0.0
779839,0.0
779840,0.0
779841,0.0
779842,0.0
779843,0.0
779844,0.0
779845,0.0
779846,0.0
779847,0.0
779848,0.0
779849,0.0
779850,0.0
779851,0.0
779852,0.0
779853,0.0
779854,0.0
779855,0.0
779856,0.0
779857,0.0
779858,0.0
779859,0.0
779860,0.0
779861,0.0
779862,0.0
779863,0.0
779864,0.0
779865,0.0
779866,0.0
779867,0.0
779868,0.0
779869,0.0
779870,0.0
779871,0.0
779872,0.0
779873,0.0
779874,0.0
779875,0.0
779876,0.0
779877,0.0
779878,0.0
779879,0.0
779880,0.0
779881,0.0
779882,0.0
779883,0.0
779884,0.0
779885,0.0
779886,0.0
779887,0.0
779888,0.0
779889,0.0
779890,0.0
779891,0.0
779892,0.0
779893,0.0
779894,0.0
779895,0.0
779896,0.0
779897,0.0
779898,0.0
779899,0.0
779900,0.0
779901,0.0
779902,0.0
779903,0.0
779904,0.0
779905,0.0
779906,0.0
779907,0.0
779908,0.0
779909,0.0
779910,0.0
779911,0.0
779912,0.0
779913,0.0
779914,0.0
779915,0.0
779916,0.0
779917,0.0
779918,0.0
779919,0.0
779920,2.3298908e-15
779921,0.0
779922,0.0
779923,0.0
779924,0.0
779925,0.0
779926,0.0
779927,0.0
779928,0.0
779929,0.0
779930,0.0
779931,0.0
779932,0.0
779933,0.0
779934,0.0
779935,0.0
779936,0.0
779937,0.0
779938,0.0
779939,0.0
779940,0.0
779941,0.0
779942,0.0
779943,0.0
779944,0.0
779945,0.0
779946,0.0
779947,0.0
779948,0.0
779949,0.0
779950,0.0
779951,0.0
779952,0.0
779953,0.0
779954,0.0
779955,0.0
779956,0.0
779957,0.0
779958,0.0
779959,0.0
779960,0.0
779961,0.0
779962,0.0
779963,0.0
779964,0.0
779965,0.0
779966,0.0
779967,0.0
779968,0.0
779969,0.0
779970,0.0
779971,0.0
779972,0.0
779973,0.0
779974,0.0
779975,0.0
779976,0.0
779977,0.0
779978,0.0
779979,0.0
779980,0.0
779981,0.0
779982,0.0
779983,0.0
779984,0.0
779985,9.992157e-36
779986,0.0
779987,0.0
779988,0.0
779989,0.0
779990,0.0
779991,0.0
779992,0.0
779993,0.0
779994,0.0
779995,0.0
779996,0.0
779997,0.0
779998,0.0
779999,0.0
780000,0.0
780001,0.0
780002,0.0
780003,0.0
780004,0.0
780005,0.0
780006,0.0
780007,0.0
780008,0.0
780009,0.0
780010,0.0
780011,0.0
780012,0.0
780013,0.0
780014,0.0
780015,0.0
780016,0.0
780017,0.0
780018,0.0
780019,0.0
780020,0.0
780021,0.0
780022,0.0
780023,0.0
780024,0.0
780025,0.0
780026,0.0
780027,0.0
780028,0.0
780029,0.0
780030,0.0
780031,7.29974e-30
780032,0.0
780033,0.0
780034,0.0
780035,0.0
780036,0.0
780037,0.0
780038,0.0
780039,0.0
780040,0.0
780041,0.0
780042,0.0
780043,0.0
780044,0.0
780045,0.0
780046,0.0
780047,0.0
780048,0.0
780049,0.0
780050,0.0
780051,0.0
780052,0.0
780053,0.0
780054,0.0
780055,0.0
780056,0.0
780057,0.0
780058,0.0
780059,0.0
780060,0.0
780061,0.0
780062,0.0
780063,0.0
780064,0.0
780065,0.0
780066,0.0
780067,0.0
780068,0.0
780069,0.0
780070,0.0
780071,0.0
780072,0.0
780073,0.0
780074,0.0
780075,0.0
780076,0.0
780077,0.0
780078,0.0
780079,0.0
780080,0.0
780081,0.0
780082,0.0
780083,0.0
780084,0.0
780085,0.0
780086,0.0
780087,0.0
780088,0.0
780089,0.0
780090,0.0
780091,0.0
780092,0.0
780093,0.0
780094,0.0
780095,0.0
780096,0.0
780097,0.0
780098,0.0
780099,0.0
780100,0.0
780101,0.0
780102,0.0
780103,0.0
780104,0.0
780105,0.0
780106,0.0
780107,0.0
780108,0.0
780109,0.0
780110,0.0
780111,0.0
780112,0.0
780113,0.0
780114,0.0
780115,0.0
780116,0.0
780117,0.0
780118,0.0
780119,0.0
780120,0.0
780121,0.0
780122,0.0
780123,0.0
780124,0.0
780125,0.0
780126,0.0
780127,0.0
780128,0.0
780129,0.0
780130,0.0
780131,0.0
780132,0.0
780133,0.0
780134,0.0
780135,0.0
780136,0.0
780137,0.0
780138,0.0
780139,0.0
780140,0.0
780141,0.0
780142,0.0
780143,0.0
780144,0.0
780145,0.0
780146,0.0
780147,0.0
780148,0.0
780149,0.0
780150,0.0
780151,0.0
780152,0.0
780153,0.0
780154,0.0
780155,0.0
780156,0.0
780157,0.0
780158,0.0
780159,0.0
780160,0.0
780161,0.0
780162,0.0
780163,0.0
780164,0.0
780165,0.0
780166,0.0
780167,0.0
780168,0.0
780169,0.0
780170,0.0
780171,0.0
780172,0.0
780173,0.0
780174,0.0
780175,0.0
780176,0.0
780177,0.0
780178,0.0
780179,0.0
780180,0.0
780181,0.0
780182,0.0
780183,0.0
780184,0.0
780185,0.0
780186,0.0
780187,0.0
780188,0.0
780189,0.0
780190,0.0
780191,0.0
780192,0.0
780193,0.0
780194,0.0
780195,0.0
780196,0.0
780197,0.0
780198,0.0
780199,0.0
780200,0.0
780201,0.0
780202,0.0
780203,0.0
780204,0.0
780205,0.0
780206,0.0
780207,0.0
780208,0.0
780209,0.0
780210,0.0
780211,0.0
780212,0.0
780213,0.0
780214,0.0
780215,0.0
780216,0.0
780217,0.0
780218,0.0
780219,0.0
780220,0.0
780221,0.0
780222,0.0
780223,0.0
780224,0.0
780225,0.0
780226,0.0
780227,0.0
780228,0.0
780229,0.0
780230,0.0
780231,0.0
780232,0.0
780233,0.0
780234,0.0
780235,0.0
780236,0.0
780237,0.0
780238,0.0
780239,0.0
780240,0.0
780241,0.0
780242,0.0
780243,0.0
780244,0.0
780245,0.0
780246,0.0
780247,0.0
780248,0.0
780249,0.0
780250,0.0
780251,0.0
780252,0.0
780253,0.0
780254,0.0
780255,0.0
780256,0.0
780257,0.0
780258,0.0
780259,0.0
780260,0.0
780261,0.0
780262,0.0
780263,0.0
780264,0.0
780265,0.0
780266,0.0
780267,0.0
780268,0.0
780269,0.0
780270,0.0
780271,0.0
780272,0.0
780273,7.406415e-29
780274,0.0
780275,0.0
780276,0.0
780277,0.0
780278,0.0
780279,0.0
780280,0.0
780281,0.0
780282,0.0
780283,0.0
780284,0.0
780285,0.0
780286,0.0
780287,0.0
780288,0.0
780289,0.0
780290,0.0
780291,0.0
780292,0.0
780293,1.5950202e-19
780294,0.0
780295,0.0
780296,0.0
780297,0.0
780298,0.0
780299,0.0
780300,0.0
780301,0.0
780302,0.0
780303,0.0
780304,0.0
780305,0.0
780306,0.0
780307,0.0
780308,0.0
780309,0.0
780310,0.0
780311,0.0
780312,0.0
780313,0.0
780314,0.0
780315,0.0
780316,0.0
780317,0.0
780318,0.0
780319,0.0
780320,0.0
780321,0.0
780322,0.0
780323,0.0
780324,0.0
780325,0.0
780326,0.0
780327,0.0
780328,0.0
780329,0.0
780330,0.0
780331,0.0
780332,0.0
780333,0.0
780334,0.0
780335,0.0
780336,0.0
780337,0.0
780338,0.0
780339,0.0
780340,0.0
780341,0.0
780342,0.0
780343,0.0
780344,0.0
780345,0.0
780346,0.0
780347,0.0
780348,0.0
780349,0.0
780350,0.0
780351,0.0
780352,0.0
780353,0.0
780354,0.0
780355,0.0
780356,0.0
780357,0.0
780358,0.0
780359,0.0
780360,0.0
780361,0.0
780362,0.0
780363,0.0
780364,0.0
780365,0.0
780366,0.0
780367,0.0
780368,0.0
780369,0.0
780370,0.0
780371,0.0
780372,0.0
780373,0.0
780374,0.0
780375,0.0
780376,0.0
780377,0.0
780378,0.0
780379,0.0
780380,0.0
780381,0.0
780382,0.0
780383,0.0
780384,0.0
780385,0.0
780386,0.0
780387,0.0
780388,0.0
780389,0.0
780390,0.0
780391,0.0
780392,0.0
780393,0.0
780394,0.0
780395,0.0
780396,0.0
780397,0.0
780398,0.0
780399,0.0
780400,0.0
780401,0.0
780402,0.0
780403,0.0
780404,0.0
780405,0.0
780406,0.0
780407,0.0
780408,1.8502226e-13
780409,0.0
780410,0.0
780411,0.0
780412,0.0
780413,0.0
780414,0.0
780415,0.0
780416,0.0
780417,0.0
780418,0.0
780419,0.0
780420,0.0
780421,0.0
780422,0.0
780423,0.0
780424,0.0
780425,0.0
780426,0.0
780427,0.0
780428,0.0
780429,0.0
780430,0.0
780431,0.0
780432,0.0
780433,0.0
780434,0.0
780435,0.0
780436,0.0
780437,0.0
780438,0.0
780439,0.0
780440,0.0
780441,0.0
780442,0.0
780443,0.0
780444,0.0
780445,0.0
780446,0.0
780447,0.0
780448,0.0
780449,0.0
780450,0.0
780451,0.0
780452,0.0
780453,0.0
780454,0.0
780455,0.0
780456,0.0
780457,0.0
780458,0.0
780459,0.0
780460,0.0
780461,0.0
780462,0.0
780463,0.0
780464,0.0
780465,0.0
780466,0.0
780467,0.0
780468,0.0
780469,0.0
780470,0.0
780471,0.0
780472,0.0
780473,0.0
780474,0.0
780475,0.0
780476,0.0
780477,0.0
780478,0.0
780479,0.0
780480,0.0
780481,0.0
780482,0.0
780483,0.0
780484,0.0
780485,0.0
780486,0.0
780487,0.0
780488,0.0
780489,0.0
780490,0.0
780491,0.0
780492,0.0
780493,0.0
780494,0.0
780495,0.0
780496,0.0
780497,0.0
780498,0.0
780499,0.0
780500,0.0
780501,0.00089217385
780502,0.0
780503,0.0
780504,0.0
780505,0.0
780506,0.0
780507,0.0
780508,0.0
780509,0.0
780510,0.0
780511,0.0
780512,0.0
780513,0.0
780514,0.0
780515,0.0
780516,0.0
780517,0.0
780518,0.0
780519,0.0
780520,0.0
780521,0.0
780522,0.0
780523,0.0
780524,0.0
780525,0.0
780526,0.0
780527,0.0
780528,0.0
780529,0.0
780530,0.0
780531,0.0
780532,0.0
780533,0.0
780534,0.0
780535,0.0
780536,0.0
780537,0.0
780538,0.0
780539,0.0
780540,0.0
780541,0.0
780542,0.0
780543,0.0
780544,0.0
780545,0.0
780546,0.0
780547,0.0
780548,0.0
780549,0.0
780550,0.0
780551,0.0
780552,0.0
780553,0.0
780554,0.0
780555,0.0
780556,0.0
780557,0.0
780558,0.0
780559,4.4579668e-17
780560,0.0
780561,0.0
780562,0.0
780563,0.0
780564,0.0
780565,0.0
780566,0.0
780567,0.0
780568,0.0
780569,0.0
780570,0.0
780571,0.0
780572,0.0
780573,0.0
780574,0.0
780575,0.0
780576,0.0
780577,0.0
780578,0.0
780579,0.0
780580,0.0
780581,0.0
780582,5.3327316e-09
780583,0.0
780584,0.0
780585,0.0
780586,0.0
780587,0.0
780588,0.0
780589,0.0
780590,0.0
780591,0.0
780592,0.0
780593,0.0
780594,0.0
780595,0.0
780596,0.0
780597,0.0
780598,0.0
780599,0.0
780600,0.0
780601,0.0
780602,0.0
780603,0.3543833
780604,0.0
780605,0.0
780606,0.0
780607,0.0
780608,0.0
780609,0.0
780610,0.0
780611,0.0
780612,0.0
780613,0.0
780614,0.0
780615,0.0
780616,0.0
780617,0.0
780618,0.0
780619,0.0
780620,0.0
780621,0.0
780622,0.0
780623,0.0
780624,0.0
780625,0.0
780626,0.0
780627,0.0
780628,0.0
780629,0.0
780630,0.0
780631,0.0
780632,0.0
780633,0.0
780634,0.0
780635,0.0
780636,0.0
780637,0.0
780638,0.0
780639,0.0
780640,0.0
780641,0.0
780642,0.0
780643,0.0
780644,0.0
780645,0.0
780646,0.0
780647,0.0
780648,0.0
780649,0.0
780650,0.0
780651,0.0
780652,0.0
780653,0.0
780654,0.0
780655,0.0
780656,0.0
780657,0.0
780658,0.0
780659,0.0
780660,0.0
780661,0.0
780662,0.0
780663,0.0
780664,0.0
780665,0.0
780666,0.0
780667,0.0
780668,0.0
780669,0.0
780670,0.0
780671,0.0
780672,0.0
780673,0.0
780674,0.0
780675,0.0
780676,0.0
780677,0.0
780678,0.0
780679,0.0
780680,0.0
780681,0.0
780682,0.0
780683,0.0
780684,0.0
780685,0.0
780686,0.0
780687,0.0
780688,0.0
780689,0.0
780690,0.0
780691,0.0
780692,0.0
780693,0.0
780694,0.0
780695,0.0
780696,0.0
780697,0.0
780698,0.0
780699,0.0
780700,0.0
780701,0.0
780702,0.0
780703,0.0
780704,0.0
780705,0.0
780706,0.0
780707,0.0
780708,0.0
780709,0.0
780710,0.0
780711,0.0
780712,0.0
780713,0.0
780714,0.0
780715,0.0
780716,0.0
780717,0.0
780718,0.0
780719,0.0
780720,0.0
780721,0.0
780722,0.0
780723,0.0
780724,0.0
780725,0.0
780726,0.0
780727,0.0
780728,0.0
780729,0.0
780730,0.0
780731,0.0
780732,0.0
780733,0.0
780734,0.0
780735,0.0
780736,0.0
780737,0.0
780738,0.0
780739,0.0
780740,0.0
780741,0.0
780742,0.0
780743,0.0
780744,0.0
780745,0.0
780746,0.0
780747,0.0
780748,0.0
780749,0.0
780750,0.0
780751,0.0
780752,0.0
780753,0.0
780754,0.0
780755,0.0
780756,0.0
780757,0.0
780758,0.0
780759,0.0
780760,0.0
780761,0.0
780762,0.0
780763,0.0
780764,0.0
780765,0.0
780766,0.0
780767,0.0
780768,0.0
780769,0.0
780770,0.0
780771,1.0432536e-09
780772,0.0
780773,0.0
780774,0.0
780775,0.0
780776,0.0
780777,0.0
780778,0.0
780779,0.0
780780,0.0
780781,0.0
780782,0.0
780783,0.0
780784,0.0
780785,0.0
780786,0.0
780787,0.0
780788,0.0
780789,0.0
780790,0.0
780791,0.0
780792,0.0
780793,0.0
780794,0.0
780795,0.0
780796,0.0
780797,0.0
780798,0.0
780799,0.0
780800,0.0
780801,0.0
780802,0.0
780803,0.0
780804,0.0
780805,0.0
780806,0.0
780807,0.0
780808,0.0
780809,0.0
780810,0.0
780811,0.0
780812,0.0
780813,0.0
780814,0.0
780815,0.0
780816,0.0
780817,0.0
780818,8.438848e-05
780819,0.0
780820,0.0
780821,0.0
780822,0.0
780823,0.0
780824,0.0
780825,0.0
780826,0.0
780827,0.0
780828,0.0
780829,0.0
780830,0.0
780831,0.0
780832,0.0
780833,0.0
780834,0.0
780835,0.0
780836,0.0
780837,0.0
780838,0.0
780839,0.0
780840,0.0
780841,0.0
780842,0.0
780843,0.0
780844,0.0
780845,0.0
780846,0.0
780847,0.0
780848,0.0
780849,0.0
780850,0.0
780851,0.0
780852,0.0
780853,0.0
780854,0.0
780855,0.0
780856,0.0
780857,0.0
780858,0.0
780859,0.0
780860,0.0
780861,0.0
780862,0.0
780863,0.0
780864,0.0
780865,0.0
780866,0.0
780867,0.0
780868,0.0
780869,0.0
780870,0.0
780871,0.0
780872,0.0
780873,0.0
780874,0.0
780875,1.0635685e-16
780876,0.0
780877,0.0
780878,0.0
780879,0.0
780880,0.0
780881,0.0
780882,0.0
780883,0.0
780884,0.0
780885,0.0
780886,0.0
780887,0.0
780888,0.0
780889,0.0
780890,0.0
780891,0.0
780892,0.0
780893,0.0
780894,0.0
780895,0.0
780896,0.0
780897,0.0
780898,0.0
780899,0.0
780900,0.0
780901,0.0
780902,0.0
780903,0.0
780904,0.0
780905,0.0
780906,0.0
780907,0.0
780908,0.0
780909,0.0
780910,0.0
780911,0.0
780912,0.0
780913,0.0
780914,0.0
780915,0.0
780916,0.0
780917,0.0
780918,0.0
780919,0.0
780920,0.0
780921,0.0
780922,0.0
780923,0.0
780924,1.2468501e-35
780925,0.0
780926,7.725605e-08
780927,0.0
780928,0.0
780929,0.0
780930,0.0
780931,0.0
780932,0.0
780933,0.0
780934,0.0
780935,0.0
780936,0.0
780937,0.0
780938,0.0
780939,0.0
780940,0.0
780941,0.0
780942,0.0
780943,0.0
780944,0.0
780945,0.0
780946,0.0
780947,0.0
780948,0.0
780949,0.0
780950,0.0
780951,0.0
780952,0.0
780953,0.0
780954,0.0
780955,0.0
780956,0.0
780957,0.0
780958,0.0
780959,0.0
780960,0.0
780961,0.0
780962,0.0
780963,0.0
780964,0.0
780965,0.0
780966,0.0
780967,0.0
780968,0.0
780969,0.0
780970,0.0
780971,0.0
780972,0.0
780973,0.0
780974,0.0
780975,0.0
780976,0.0
780977,0.0
780978,0.0
780979,0.0
780980,0.0
780981,0.0
780982,0.0
780983,0.0
780984,0.0
780985,0.0
780986,0.0
780987,0.0
780988,0.0
780989,0.0
780990,0.0
780991,0.0
780992,0.0
780993,0.0
780994,0.0
780995,0.0
780996,0.0
780997,0.0
780998,0.0
780999,0.0
781000,0.0
781001,0.0
781002,0.0
781003,0.0
781004,0.0
781005,0.0
781006,0.0
781007,0.0
781008,0.0
781009,0.0
781010,0.0
781011,0.0
781012,0.0
781013,0.0
781014,0.0
781015,0.0
781016,0.0
781017,0.0
781018,0.0
781019,0.0
781020,0.0
781021,0.0
781022,2.501132e-24
781023,0.0
781024,0.0
781025,0.0
781026,0.0
781027,0.0
781028,0.0
781029,0.0
781030,0.0
781031,0.0
781032,0.0
781033,0.0
781034,0.0
781035,0.0
781036,0.0
781037,0.0
781038,0.0
781039,0.0
781040,0.0
781041,0.0
781042,0.0
781043,0.0
781044,0.0
781045,8.3138176e-17
781046,0.0
781047,0.0
781048,0.0
781049,0.0
781050,0.0
781051,0.0
781052,0.0
781053,0.0
781054,0.0
781055,0.0
781056,0.0
781057,0.0
781058,0.0
781059,0.0
781060,0.0
781061,0.0
781062,0.0
781063,0.0
781064,0.0
781065,0.0
781066,0.0
781067,0.0
781068,0.0
781069,0.037086874
781070,0.0
781071,0.0
781072,0.0
781073,0.0
781074,0.0
781075,0.0
781076,0.0
781077,0.0
781078,0.0
781079,0.0
781080,0.0
781081,0.0
781082,0.0
781083,0.0
781084,0.0
781085,0.0
781086,0.0
781087,0.0
781088,0.0
781089,0.0
781090,0.0
781091,0.0
781092,0.0
781093,0.0
781094,0.0
781095,0.0
781096,0.0
781097,0.0
781098,0.0
781099,0.0
781100,0.0
781101,0.0
781102,0.0
781103,0.0
781104,0.0
781105,0.0
781106,0.0
781107,0.0
781108,0.0
781109,0.0
781110,0.0
781111,0.0
781112,0.0
781113,0.0
781114,0.0
781115,0.0
781116,0.0
781117,0.0
781118,0.0
781119,0.0
781120,0.0
781121,0.0
781122,0.0
781123,0.0
781124,0.0
781125,0.0
781126,0.0
781127,0.0
781128,0.0
781129,0.0
781130,0.0
781131,0.0
781132,0.0
781133,0.0
781134,0.0
781135,0.0
781136,0.0
781137,0.0
781138,0.0
781139,0.0
781140,0.0
781141,0.0
781142,0.0
781143,0.0
781144,0.0
781145,0.0
781146,0.0
781147,0.0
781148,0.0
781149,0.0
781150,0.0
781151,0.0
781152,0.0
781153,0.0
781154,0.0
781155,0.0
781156,0.0
781157,0.0
781158,0.0
781159,0.0
781160,0.0
781161,0.0
781162,0.0
781163,0.0
781164,0.0
781165,0.0
781166,1.162653e-28
781167,0.0
781168,0.0
781169,0.0
781170,0.0
781171,0.0
781172,0.0
781173,0.0
781174,0.0
781175,0.0
781176,0.0
781177,0.0
781178,0.0
781179,0.0
781180,0.0
781181,0.0
781182,0.0
781183,0.0
781184,0.0
781185,0.0
781186,0.0
781187,0.0
781188,0.0
781189,0.0
781190,0.0
781191,0.0
781192,0.0
781193,0.0
781194,0.0
781195,0.0
781196,0.0
781197,0.0
781198,0.0
781199,0.0
781200,0.0
781201,0.0
781202,0.0
781203,0.0
781204,0.0
781205,0.0
781206,0.0
781207,0.0
781208,0.0
781209,0.0
781210,0.0
781211,0.0
781212,0.0
781213,0.0
781214,0.0
781215,0.0
781216,0.0
781217,0.0
781218,0.0
781219,0.0
781220,0.0
781221,0.0
781222,0.0
781223,0.0
781224,0.0
781225,0.0
781226,0.0
781227,0.0
781228,0.0
781229,0.0
781230,0.0
781231,0.0
781232,0.0
781233,0.0
781234,0.0
781235,0.0
781236,0.0
781237,0.0
781238,0.0
781239,0.0
781240,0.0
781241,0.0
781242,0.0
781243,0.0
781244,0.0
781245,8.4488936e-33
781246,0.0
781247,0.0
781248,0.0
781249,0.0
781250,0.0
781251,0.0
781252,0.0
781253,0.0
781254,0.0
781255,0.0
781256,0.0
781257,0.0
781258,0.0
781259,0.0
781260,0.0
781261,0.0
781262,0.0
781263,0.0
781264,0.0
781265,0.0
781266,0.0
781267,0.0
781268,0.0
781269,0.0
781270,0.0
781271,0.0
781272,0.0
781273,0.0
781274,0.0
781275,0.0
781276,0.0
781277,0.0
781278,0.0
781279,0.0
781280,0.0
781281,0.0
781282,0.0
781283,0.0
781284,0.0
781285,0.0
781286,0.0
781287,0.0
781288,0.0
781289,0.0
781290,0.0
781291,0.0
781292,0.0
781293,0.0
781294,0.0
781295,0.0
781296,0.0
781297,0.0
781298,7.824508e-18
781299,0.0
781300,0.0
781301,0.0
781302,0.0
781303,0.0
781304,0.0
781305,0.0
781306,0.0
781307,0.0
781308,0.0
781309,0.0
781310,0.0
781311,0.0
781312,0.0
781313,0.0
781314,0.0
781315,0.0
781316,0.0
781317,0.0
781318,0.0
781319,0.0
781320,0.0
781321,0.0
781322,0.0
781323,0.0
781324,0.0
781325,0.0
781326,0.0
781327,0.0
781328,0.0
781329,0.0
781330,0.0
781331,0.0
781332,0.0
781333,0.0
781334,0.0
781335,0.0
781336,0.0
781337,0.0
781338,0.0
781339,0.0
781340,0.0
781341,0.0
781342,0.0
781343,0.0
781344,0.0
781345,0.0
781346,0.0
781347,0.0
781348,3.43969e-05
781349,0.0
781350,0.0
781351,0.0
781352,0.0
781353,0.0
781354,0.0
781355,0.0
781356,0.0
781357,0.0
781358,0.0
781359,0.0
781360,0.0
781361,0.0
781362,0.0
781363,0.0
781364,0.0
781365,0.0
781366,0.0
781367,0.0
781368,0.0
781369,0.0
781370,0.0
781371,0.0
781372,0.0
781373,0.0
781374,0.0
781375,0.0
781376,0.0
781377,0.0
781378,0.0
781379,0.0
781380,0.0
781381,0.0
781382,0.0
781383,0.0
781384,0.0
781385,0.0
781386,0.0
781387,0.0
781388,0.0
781389,0.0
781390,0.0
781391,0.0
781392,0.0
781393,0.0
781394,0.0
781395,0.0
781396,0.0
781397,0.0
781398,0.0
781399,0.0
781400,0.0
781401,0.0
781402,0.0
781403,0.0
781404,0.0
781405,0.0
781406,0.0
781407,0.0
781408,0.0
781409,0.0
781410,0.0
781411,0.0
781412,0.0
781413,0.0
781414,0.0
781415,0.0
781416,0.0
781417,0.0
781418,0.0
781419,0.0
781420,0.0
781421,0.0
781422,0.0
781423,0.0
781424,0.0
781425,0.0
781426,0.0
781427,0.0
781428,0.0
781429,0.0
781430,0.0
781431,0.0
781432,0.0
781433,0.0
781434,0.0
781435,0.0
781436,0.0
781437,3.2745384e-10
781438,0.0
781439,0.0
781440,0.0
781441,0.0
781442,0.0
781443,0.0
781444,0.0
781445,0.0
781446,0.0
781447,0.0
781448,0.0
781449,0.0
781450,0.0
781451,0.0
781452,0.0
781453,0.0
781454,0.0
781455,0.0
781456,0.0
781457,0.0
781458,0.0
781459,0.0
781460,0.0
781461,0.0
781462,0.0
781463,0.0
781464,0.0
781465,0.0
781466,0.0
781467,0.0
781468,0.0
781469,0.0
781470,0.0
781471,0.0
781472,0.0
781473,0.0
781474,0.0
781475,0.0
781476,0.0
781477,0.0
781478,0.0
781479,0.0
781480,0.0
781481,0.0
781482,0.0
781483,0.0
781484,0.0
781485,1.8740718e-21
781486,0.0
781487,0.0
781488,0.0
781489,0.0
781490,0.0
781491,0.0
781492,0.0
781493,0.0
781494,0.0
781495,0.0
781496,0.0
781497,0.0
781498,0.0
781499,0.0
781500,0.0
781501,0.0
781502,0.0
781503,0.0
781504,0.0
781505,0.0
781506,0.0
781507,0.0
781508,0.0
781509,0.0
781510,0.0
781511,0.0
781512,0.0
781513,0.0
781514,0.0
781515,0.0
781516,0.0
781517,0.0
781518,0.0
781519,0.0
781520,0.0
781521,0.0
781522,0.0
781523,0.0
781524,0.0
781525,0.0
781526,0.0
781527,0.0
781528,0.0
781529,0.0
781530,0.0
781531,0.0
781532,0.0
781533,0.0
781534,0.0
781535,0.0
781536,0.0
781537,0.0
781538,0.0
781539,0.0
781540,0.0
781541,0.0
781542,0.0
781543,0.0
781544,0.0
781545,0.0
781546,0.0
781547,0.0
781548,0.0
781549,0.0
781550,0.0
781551,0.0
781552,0.0
781553,0.0
781554,0.0
781555,0.0
781556,0.0
781557,0.0
781558,0.0
781559,0.0
781560,0.0
781561,0.0
781562,0.0
781563,0.0
781564,0.0
781565,0.0
781566,0.0
781567,0.0
781568,0.0
781569,0.0
781570,0.0
781571,0.0
781572,0.0
781573,0.0
781574,0.0
781575,0.0
781576,0.0
781577,0.0
781578,0.0
781579,0.0
781580,0.0
781581,0.0
781582,0.0
781583,0.0
781584,0.0
781585,0.0
781586,0.0
781587,0.0
781588,0.0
781589,0.0
781590,0.0
781591,0.0
781592,0.0
781593,0.0
781594,0.0
781595,0.0
781596,0.0
781597,0.0
781598,0.0
781599,0.0
781600,0.0
781601,0.0
781602,0.0
781603,0.0
781604,0.0
781605,0.0
781606,0.0
781607,0.0
781608,0.0
781609,0.0
781610,0.0
781611,0.0
781612,0.0
781613,0.0
781614,0.0
781615,0.0
781616,0.0
781617,0.0
781618,0.0
781619,0.0
781620,8.9550266e-30
781621,0.0
781622,0.0
781623,0.0
781624,0.0
781625,0.0
781626,0.0
781627,0.0
781628,0.0
781629,0.0
781630,0.0
781631,9.3556405e-33
781632,0.0
781633,0.0
781634,0.0
781635,0.0
781636,0.0
781637,0.0
781638,0.0
781639,0.0
781640,0.0
781641,0.0
781642,2.6645973e-15
781643,0.0
781644,0.0
781645,0.0
781646,0.0
781647,0.0
781648,0.0
781649,0.0
781650,0.0
781651,0.0
781652,0.0
781653,0.0
781654,0.0
781655,0.0
781656,0.0
781657,0.0
781658,0.0
781659,0.0
781660,0.0
781661,0.0
781662,0.0
781663,0.0
781664,0.0
781665,0.0
781666,0.0
781667,0.0
781668,0.0
781669,0.0
781670,0.0
781671,0.0
781672,0.0
781673,0.0
781674,0.0
781675,0.0
781676,0.0
781677,0.0
781678,0.0
781679,0.0
781680,0.0
781681,0.0
781682,0.0
781683,0.0
781684,0.0
781685,0.0
781686,0.0
781687,0.0
781688,0.0
781689,0.0
781690,0.0
781691,0.0
781692,0.0
781693,0.0
781694,0.0
781695,0.0
781696,0.0
781697,0.0
781698,0.0
781699,0.0
781700,0.0
781701,0.0
781702,0.0
781703,0.0
781704,0.0
781705,0.0
781706,0.0
781707,0.0
781708,0.0
781709,0.0
781710,0.0
781711,0.0
781712,0.0
781713,0.0
781714,0.0
781715,0.0
781716,0.0
781717,0.0
781718,0.0
781719,0.0
781720,0.0
781721,0.0
781722,0.0
781723,0.0
781724,0.0
781725,0.0
781726,0.0
781727,0.0
781728,0.0
781729,0.0
781730,0.0
781731,0.0
781732,0.0
781733,0.0
781734,0.0
781735,0.0
781736,0.0
781737,0.0
781738,0.0
781739,0.0
781740,0.0
781741,0.0
781742,0.0
781743,0.0
781744,0.0
781745,0.0
781746,0.0
781747,0.0
781748,0.0
781749,0.0
781750,0.0
781751,0.0
781752,0.0
781753,0.0
781754,0.0
781755,0.0
781756,0.0
781757,0.0
781758,0.0
781759,0.0
781760,0.0
781761,0.0
781762,0.0
781763,0.0
781764,0.0
781765,0.0
781766,0.0
781767,0.0
781768,0.0
781769,0.0
781770,0.0
781771,0.0
781772,0.0
781773,0.0
781774,0.0
781775,0.0
781776,0.0
781777,0.0
781778,0.0
781779,0.0
781780,0.0
781781,0.0
781782,0.0
781783,0.0
781784,0.0
781785,0.0
781786,0.0
781787,0.0
781788,0.0
781789,0.0
781790,0.0
781791,0.0
781792,0.0
781793,0.0
781794,0.0
781795,0.0
781796,0.0
781797,0.0
781798,0.0
781799,0.0
781800,0.0
781801,0.0
781802,0.0
781803,0.0
781804,0.0
781805,0.0
781806,0.0
781807,0.0
781808,0.0
781809,0.0
781810,0.0
781811,0.0
781812,0.0
781813,0.0
781814,0.0
781815,0.0
781816,0.0
781817,0.0
781818,0.0
781819,0.0
781820,0.0
781821,0.0
781822,0.0
781823,0.0
781824,0.0
781825,0.0
781826,0.0
781827,0.0
781828,0.0
781829,0.0
781830,0.0
781831,0.0
781832,0.0
781833,0.0
781834,0.0
781835,0.0
781836,0.0
781837,0.0
781838,0.0
781839,0.0
781840,0.0
781841,0.0
781842,0.0
781843,0.0
781844,0.0
781845,0.0
781846,0.0
781847,0.0
781848,0.0
781849,0.0
781850,0.0
781851,0.0
781852,0.0
781853,0.0
781854,0.0
781855,0.0
781856,0.0
781857,0.0
781858,0.0
781859,0.0
781860,0.0
781861,0.0
781862,0.0
781863,0.0
781864,0.0
781865,0.0
781866,0.0
781867,0.0
781868,0.0
781869,0.0
781870,0.0
781871,0.0
781872,0.0
781873,0.0
781874,0.0
781875,0.0
781876,0.0
781877,0.0
781878,0.0
781879,0.0
781880,0.0
781881,0.0
781882,0.0
781883,0.0
781884,0.0
781885,0.0
781886,0.0
781887,0.0
781888,0.0
781889,0.0
781890,0.0
781891,0.0
781892,0.0
781893,0.0
781894,0.0
781895,0.0
781896,0.0
781897,0.0
781898,0.0
781899,0.0
781900,0.0
781901,0.0
781902,0.0
781903,0.0
781904,0.0
781905,0.0
781906,0.0
781907,0.0
781908,0.0
781909,0.0
781910,0.0
781911,0.0
781912,0.0
781913,0.0
781914,0.0
781915,0.0
781916,0.0
781917,0.0
781918,0.0
781919,0.0
781920,0.0
781921,0.0
781922,0.0
781923,0.0
781924,0.0
781925,0.0
781926,0.0
781927,0.0
781928,0.0
781929,0.0
781930,0.0
781931,0.0
781932,0.0
781933,0.0
781934,0.0
781935,0.0
781936,0.0
781937,3.1761714e-25
781938,0.0
781939,0.0
781940,0.0
781941,0.0
781942,0.0
781943,0.0
781944,0.0
781945,0.0
781946,0.0
781947,0.0
781948,0.0
781949,0.0
781950,0.0
781951,0.0
781952,0.0
781953,0.0
781954,0.0
781955,0.0
781956,0.0
781957,0.0
781958,0.0
781959,0.0
781960,0.0
781961,0.0
781962,0.0
781963,0.0
781964,0.0
781965,0.0
781966,0.0
781967,0.0
781968,0.0
781969,0.0
781970,0.0
781971,0.0
781972,0.0
781973,0.0
781974,0.0
781975,0.0
781976,0.0
781977,0.0
781978,0.0
781979,0.0
781980,0.0
781981,0.0
781982,0.0
781983,0.0
781984,0.0
781985,0.0
781986,0.0
781987,0.0
781988,0.0
781989,0.0
781990,0.0
781991,0.0
781992,0.0
781993,0.0
781994,0.0
781995,0.0
781996,0.0
781997,0.0
781998,0.0
781999,0.0
782000,0.0
782001,0.0
782002,0.0
782003,0.0
782004,0.0
782005,0.0
782006,0.0
782007,0.0
782008,0.0
782009,0.0
782010,0.0
782011,0.0
782012,0.0
782013,0.0
782014,0.0
782015,0.0
782016,0.0
782017,0.0
782018,0.0
782019,0.0
782020,0.0
782021,0.0
782022,0.0
782023,0.0
782024,0.0
782025,0.0
782026,0.0
782027,0.0
782028,0.0
782029,0.0
782030,0.0
782031,0.0
782032,0.0
782033,0.0
782034,0.0
782035,0.0
782036,0.0
782037,0.0
782038,0.0
782039,0.0
782040,0.0
782041,0.0
782042,0.0
782043,0.0
782044,0.0
782045,0.0
782046,0.0
782047,0.0
782048,0.0
782049,0.0
782050,0.0
782051,0.0
782052,0.0
782053,0.0
782054,0.0
782055,0.0
782056,0.0
782057,0.0
782058,0.0
782059,0.0
782060,0.0
782061,0.0
782062,1.3481603e-29
782063,0.0
782064,0.0
782065,0.0
782066,0.0
782067,0.0
782068,0.0
782069,0.0
782070,0.0
782071,0.0
782072,0.0
782073,5.517514e-07
782074,0.0
782075,0.0
782076,0.0
782077,0.0
782078,0.0
782079,0.0
782080,0.0
782081,0.0
782082,0.0
782083,0.0
782084,0.0
782085,0.0
782086,0.0
782087,0.0
782088,0.0
782089,0.0
782090,0.0
782091,0.0
782092,0.0
782093,0.0
782094,0.0
782095,0.0
782096,0.0
782097,0.0
782098,0.0
782099,0.0
782100,0.0
782101,0.0
782102,0.0
782103,0.0
782104,0.0
782105,0.0
782106,0.0
782107,0.0
782108,0.0
782109,0.0
782110,0.0
782111,0.0
782112,0.0
782113,0.0
782114,0.0
782115,0.0
782116,0.0
782117,0.0
782118,0.0
782119,0.0
782120,0.0
782121,0.0
782122,0.0
782123,0.0
782124,0.0
782125,0.0
782126,0.0
782127,0.0
782128,0.0
782129,0.0
782130,0.0
782131,0.0
782132,0.0
782133,0.0
782134,0.0
782135,0.0
782136,0.0
782137,0.0
782138,0.0
782139,0.0
782140,0.0
782141,0.0
782142,0.0
782143,0.0
782144,0.0
782145,0.0
782146,0.0
782147,0.0
782148,0.0
782149,0.0
782150,0.0
782151,0.0
782152,0.0
782153,0.0
782154,0.0
782155,0.0
782156,0.0
782157,0.0
782158,0.0
782159,0.0
782160,0.0
782161,0.0
782162,0.0
782163,0.0
782164,0.0
782165,0.0
782166,0.0
782167,0.0
782168,0.0
782169,0.0
782170,0.0
782171,0.0
782172,0.0
782173,0.0
782174,0.0
782175,0.0
782176,0.0
782177,0.0
782178,0.0
782179,0.0
782180,0.0
782181,0.0
782182,0.0
782183,0.0
782184,0.0
782185,0.0
782186,0.0
782187,0.0
782188,0.0
782189,0.0
782190,0.0
782191,0.0
782192,0.0
782193,0.0
782194,0.0
782195,0.0
782196,0.0
782197,0.0
782198,0.0
782199,0.0
782200,0.0
782201,0.0
782202,0.0
782203,0.0
782204,0.0
782205,0.0
782206,0.0
782207,0.0
782208,0.0
782209,0.0
782210,0.0
782211,0.0
782212,0.0
782213,0.0
782214,0.0
782215,0.0
782216,0.0
782217,0.0
782218,0.0
782219,6.829914e-08
782220,0.0
782221,0.0
782222,0.0
782223,0.0
782224,0.0
782225,0.0
782226,0.0
782227,0.0
782228,0.0
782229,0.0
782230,0.0
782231,0.0
782232,0.0
782233,0.0
782234,0.0
782235,0.0
782236,0.0
782237,0.0
782238,0.0
782239,0.0
782240,0.0
782241,0.0
782242,0.0
782243,0.0
782244,0.0
782245,0.0
782246,0.0
782247,0.0
782248,0.0
782249,0.0
782250,0.0
782251,0.0
782252,0.0
782253,0.0
782254,0.0
782255,0.0
782256,0.0
782257,0.0
782258,0.0
782259,0.0
782260,0.0
782261,0.0
782262,0.0
782263,0.0
782264,0.0
782265,0.0
782266,0.0
782267,0.0
782268,0.0
782269,0.0
782270,0.0
782271,0.0
782272,0.0
782273,0.0
782274,0.0
782275,0.0
782276,0.0
782277,0.0
782278,0.0
782279,0.0
782280,0.0
782281,0.0
782282,0.0
782283,0.0
782284,0.0
782285,0.0
782286,0.0
782287,0.0
782288,0.0
782289,0.0
782290,0.0
782291,0.0
782292,0.0
782293,0.0
782294,0.0
782295,0.0
782296,0.0
782297,0.0
782298,0.0
782299,0.0
782300,0.0
782301,0.0
782302,0.0
782303,0.0
782304,0.0
782305,0.0
782306,0.0
782307,0.0
782308,0.0
782309,0.0
782310,0.0
782311,0.0
782312,0.0
782313,0.0
782314,0.0
782315,0.0
782316,0.0
782317,0.0
782318,0.0
782319,0.0
782320,2.9267252e-13
782321,0.0
782322,0.0
782323,0.0
782324,0.0
782325,0.0
782326,0.0
782327,0.0
782328,0.0
782329,0.0
782330,0.0
782331,0.0
782332,0.0
782333,0.0
782334,0.0
782335,0.0
782336,0.0
782337,0.0
782338,0.0
782339,0.0
782340,0.0
782341,0.0
782342,0.0
782343,0.0
782344,0.0
782345,0.0
782346,0.0
782347,0.0
782348,0.0
782349,0.0
782350,0.0
782351,0.0
782352,0.0
782353,0.0
782354,0.0
782355,0.0
782356,0.0
782357,0.0
782358,0.0
782359,0.0
782360,0.0
782361,0.0
782362,0.0
782363,0.0
782364,0.0
782365,0.0
782366,0.0
782367,0.0
782368,0.0
782369,0.0
782370,0.0
782371,0.0
782372,0.0
782373,0.0
782374,0.0
782375,0.0
782376,0.0
782377,0.0
782378,0.0
782379,0.0
782380,0.0
782381,0.0
782382,0.0
782383,0.0
782384,0.0
782385,0.0
782386,0.0
782387,0.0
782388,0.0
782389,0.0
782390,0.0
782391,0.0
782392,0.0
782393,0.0
782394,0.0
782395,0.0
782396,0.0
782397,0.0
782398,0.0
782399,0.0
782400,0.0
782401,0.0
782402,0.0
782403,0.0
782404,0.0
782405,0.0
782406,0.0
782407,0.0
782408,0.0
782409,0.0
782410,0.0
782411,0.0
782412,0.0
782413,0.0
782414,0.0
782415,0.0
782416,0.0
782417,0.0
782418,0.0
782419,0.0
782420,0.0
782421,0.0
782422,0.0
782423,0.0
782424,0.0
782425,0.0
782426,0.0
782427,0.0
782428,0.0
782429,0.0
782430,0.0
782431,0.0
782432,0.0
782433,0.0
782434,0.0
782435,0.0
782436,0.0
782437,0.0
782438,0.0
782439,0.0
782440,0.0
782441,0.0
782442,0.0
782443,0.0
782444,0.0
782445,0.0
782446,0.0
782447,0.0
782448,0.0
782449,0.0
782450,0.0
782451,0.0
782452,0.0
782453,3.2803064e-26
782454,0.0
782455,0.0
782456,0.0
782457,0.0
782458,0.0
782459,0.0
782460,0.0
782461,0.0
782462,0.0
782463,9.123252e-16
782464,0.0
782465,0.0
782466,0.0
782467,0.0
782468,0.0
782469,0.0
782470,0.0
782471,0.0
782472,0.0
782473,0.0
782474,0.0
782475,0.0
782476,0.0
782477,0.0
782478,0.0
782479,0.0
782480,0.0
782481,0.0
782482,0.0
782483,0.0
782484,0.0
782485,0.0
782486,0.0
782487,0.0
782488,0.0
782489,0.0
782490,0.0
782491,0.0
782492,0.0
782493,0.0
782494,0.0
782495,0.0
782496,0.0
782497,0.0
782498,0.0
782499,0.0
782500,0.0
782501,0.0
782502,0.0
782503,0.0
782504,0.0
782505,0.0
782506,0.0
782507,0.0
782508,0.0
782509,0.0
782510,0.0
782511,0.0
782512,0.0
782513,0.0
782514,0.0
782515,0.0
782516,0.0
782517,0.0
782518,0.0
782519,0.0
782520,0.0
782521,0.0
782522,0.0
782523,0.0
782524,0.0
782525,0.0
782526,0.0
782527,0.0
782528,0.0
782529,0.0
782530,0.0
782531,0.0
782532,0.0
782533,0.0
782534,0.0
782535,0.0
782536,0.0
782537,0.0
782538,0.0
782539,0.0
782540,0.0
782541,0.0
782542,0.0
782543,0.0
782544,0.0
782545,0.0
782546,0.0
782547,0.0
782548,0.0
782549,0.0
782550,0.0
782551,0.0
782552,0.0
782553,0.0
782554,0.0
782555,0.0
782556,0.0
782557,0.0
782558,0.0
782559,0.0
782560,0.0
782561,0.0
782562,0.0
782563,0.0
782564,0.0
782565,0.0
782566,0.0
782567,0.0
782568,0.0
782569,0.0
782570,0.0
782571,0.0
782572,0.0
782573,0.0
782574,0.0
782575,0.0
782576,0.0
782577,0.0
782578,0.0
782579,0.0
782580,0.0
782581,0.0
782582,0.0
782583,0.0
782584,0.0
782585,0.0
782586,0.0
782587,0.0
782588,0.0
782589,0.0
782590,0.0
782591,0.0
782592,0.0
782593,0.0
782594,0.0
782595,0.0
782596,0.0
782597,0.0
782598,0.0
782599,0.0
782600,0.0
782601,0.0
782602,0.0
782603,0.0
782604,0.0
782605,0.0
782606,0.0
782607,0.0
782608,0.0
782609,0.0
782610,0.0
782611,0.0
782612,0.0
782613,0.0
782614,0.0
782615,0.0
782616,0.0
782617,0.0
782618,0.0
782619,0.0
782620,0.0
782621,0.0
782622,0.0
782623,0.0
782624,0.0
782625,0.0
782626,0.0
782627,0.0
782628,0.0
782629,0.0
782630,0.0
782631,0.0
782632,0.0
782633,0.0
782634,0.0
782635,0.0
782636,0.0
782637,0.0
782638,0.0
782639,0.0
782640,0.0
782641,0.0
782642,0.0
782643,0.0
782644,0.0
782645,0.0
782646,0.0
782647,0.0
782648,0.0
782649,0.0
782650,0.0
782651,0.0
782652,0.0
782653,0.0
782654,0.0
782655,0.0
782656,0.0
782657,0.0
782658,0.0
782659,0.0
782660,0.0
782661,0.0
782662,0.0
782663,0.0
782664,0.0
782665,0.0
782666,0.0
782667,0.0
782668,0.0
782669,0.0
782670,0.0
782671,0.0
782672,0.0
782673,0.0
782674,0.0
782675,0.0
782676,0.0
782677,0.0
782678,0.0
782679,0.0
782680,0.0
782681,0.0
782682,0.0
782683,0.0
782684,0.0
782685,0.0
782686,0.0
782687,0.0
782688,0.0
782689,0.0
782690,0.0
782691,0.0
782692,0.0
782693,0.0
782694,0.0
782695,0.0
782696,0.0
782697,0.0
782698,0.0
782699,0.0
782700,0.0
782701,0.0
782702,0.0
782703,0.0
782704,0.0
782705,0.0
782706,0.0
782707,0.0
782708,0.0
782709,0.0
782710,0.0
782711,0.0
782712,0.0
782713,0.0
782714,0.0
782715,0.0
782716,0.0
782717,0.0
782718,0.0
782719,0.0
782720,0.0
782721,0.0
782722,0.0
782723,0.0
782724,0.0
782725,0.0
782726,0.0
782727,0.0
782728,0.0
782729,0.0
782730,0.0
782731,0.0
782732,0.0
782733,0.0
782734,0.0
782735,0.0
782736,0.0
782737,0.0
782738,0.0
782739,0.0
782740,0.0
782741,0.0
782742,0.0
782743,0.0
782744,0.0
782745,0.0
782746,0.0
782747,0.0
782748,0.0
782749,0.0
782750,0.0
782751,0.0
782752,0.0
782753,0.0
782754,0.0
782755,0.0
782756,0.0
782757,0.0
782758,0.0
782759,0.0
782760,0.0
782761,0.0
782762,0.0
782763,0.0
782764,0.0
782765,0.0
782766,0.0
782767,0.0
782768,0.0
782769,0.0
782770,0.0
782771,0.0
782772,0.0
782773,0.0
782774,0.0
782775,0.0
782776,0.0
782777,0.0
782778,0.0
782779,0.0
782780,0.0
782781,0.0
782782,0.0
782783,0.0
782784,0.0
782785,0.0
782786,0.0
782787,0.0
782788,0.0
782789,0.0
782790,0.0
782791,0.0
782792,0.0
782793,0.0
782794,0.0
782795,0.0
782796,0.0
782797,0.0
782798,0.0
782799,0.0
782800,0.0
782801,0.0
782802,0.0
782803,0.0
782804,0.0
782805,0.0
782806,0.0
782807,0.0
782808,0.0
782809,0.0
782810,0.0
782811,0.0
782812,0.0
782813,0.0
782814,0.0
782815,0.0
782816,0.0
782817,0.0
782818,0.0
782819,0.0
782820,0.0
782821,0.0
782822,0.0
782823,0.0
782824,4.0096175e-09
782825,0.0
782826,0.0
782827,0.0
782828,0.0
782829,0.0
782830,0.0
782831,1.0115306e-12
782832,0.0
782833,0.0
782834,0.0
782835,0.0
782836,0.0
782837,0.0
782838,0.0
782839,0.0
782840,0.0
782841,0.0
782842,0.0
782843,0.0
782844,0.0
782845,0.0
782846,0.0
782847,0.0
782848,0.0
782849,0.0
782850,0.0
782851,0.0
782852,0.0
782853,0.0
782854,0.0
782855,0.0
782856,0.0
782857,0.0
782858,0.0
782859,0.0
782860,0.0
782861,0.0
782862,0.0
782863,0.0
782864,0.0
782865,0.0
782866,0.0
782867,0.0
782868,0.0
782869,0.0
782870,0.0
782871,0.0
782872,0.0
782873,0.0
782874,0.0
782875,0.0
782876,0.0
782877,0.0
782878,0.0
782879,0.0
782880,0.0
782881,0.0
782882,0.0
782883,0.0
782884,0.0
782885,0.0
782886,0.0
782887,0.0
782888,0.0
782889,0.0
782890,0.0
782891,0.0
782892,0.0
782893,0.0
782894,0.0
782895,0.0
782896,0.0
782897,0.0
782898,0.0
782899,0.0
782900,0.0
782901,0.0
782902,0.0
782903,0.0
782904,0.0
782905,0.0
782906,0.0
782907,0.0
782908,0.0
782909,0.0
782910,0.0
782911,0.0
782912,0.0
782913,0.0
782914,0.0
782915,0.0
782916,0.0
782917,0.0
782918,0.0
782919,0.0
782920,0.0
782921,0.0
782922,0.0
782923,0.0
782924,0.0
782925,0.0
782926,0.0
782927,0.0
782928,0.0
782929,0.0
782930,0.0
782931,0.0
782932,0.0
782933,0.0
782934,0.0
782935,0.0
782936,0.0
782937,0.0
782938,0.0
782939,0.0
782940,0.0
782941,0.0
782942,0.0
782943,0.0
782944,0.0
782945,0.0
782946,0.0
782947,0.0
782948,0.0
782949,0.0
782950,0.0
782951,0.0
782952,0.0
782953,0.0
782954,0.0
782955,0.0
782956,0.0
782957,0.0
782958,0.0
782959,0.0
782960,0.0
782961,0.0
782962,0.0
782963,0.0
782964,0.0
782965,0.0
782966,0.0
782967,0.0
782968,0.0
782969,0.0
782970,0.0
782971,0.0
782972,0.0
782973,0.0
782974,0.0
782975,0.0
782976,0.0
782977,0.0
782978,0.0
782979,0.0
782980,0.0
782981,0.0
782982,0.0
782983,0.0
782984,0.0
782985,0.0
782986,0.0
782987,0.0
782988,0.0
782989,0.0
782990,0.0
782991,0.0
782992,0.0
782993,0.0
782994,0.0
782995,0.0
782996,0.0
782997,0.0
782998,0.0
782999,6.504983e-18
783000,0.0
783001,0.0
783002,0.0
783003,0.0
783004,0.0
783005,0.0
783006,0.0
783007,0.0
783008,0.0
783009,0.0
783010,0.0
783011,0.0
783012,0.0
783013,0.0
783014,0.0
783015,0.0
783016,0.0
783017,0.0
783018,0.0
783019,0.0
783020,0.0
783021,0.0
783022,0.0
783023,0.0
783024,0.0
783025,0.0
783026,0.0
783027,0.0
783028,0.0
783029,0.0
783030,0.0
783031,0.0
783032,0.0
783033,0.0
783034,0.0
783035,0.0
783036,0.0
783037,0.0
783038,0.0
783039,0.0
783040,0.0
783041,0.0
783042,0.0
783043,0.0
783044,0.0
783045,0.0
783046,0.0
783047,0.0
783048,0.0
783049,0.0
783050,0.0
783051,0.0
783052,0.0
783053,0.0
783054,0.0
783055,0.0
783056,0.0
783057,0.0
783058,0.0
783059,0.0
783060,0.0
783061,0.0
783062,0.0
783063,0.0
783064,0.0
783065,0.0
783066,0.0
783067,0.0
783068,0.0
783069,0.0
783070,0.0
783071,0.0
783072,0.0
783073,0.0
783074,0.0
783075,0.0
783076,0.0
783077,0.0
783078,0.0
783079,0.0
783080,0.0
783081,0.0
783082,0.0
783083,0.0
783084,0.0
783085,0.0
783086,0.0
783087,0.0
783088,0.0
783089,0.0
783090,0.0
783091,0.0
783092,0.0
783093,0.0
783094,0.0
783095,0.0
783096,0.0
783097,0.0
783098,0.0
783099,0.0
783100,0.0
783101,0.0
783102,0.0
783103,0.0
783104,0.0
783105,0.0
783106,0.0
783107,0.0
783108,0.0
783109,0.0
783110,0.0
783111,0.0
783112,0.0
783113,0.0
783114,1.4906599e-31
783115,0.0
783116,0.0
783117,0.0
783118,0.0
783119,0.0
783120,0.0
783121,0.0
783122,0.0
783123,8.4390454e-16
783124,0.0
783125,0.0
783126,0.0
783127,0.0
783128,0.0
783129,0.0
783130,0.0
783131,0.0
783132,0.0
783133,0.0
783134,0.0
783135,0.0
783136,0.0
783137,0.0
783138,0.0
783139,0.0
783140,0.0
783141,0.0
783142,0.0
783143,0.0
783144,0.0
783145,0.0
783146,0.0
783147,0.0
783148,0.0
783149,0.0
783150,0.0
783151,0.0
783152,0.0
783153,0.0
783154,0.0
783155,0.0
783156,0.0
783157,5.7570736e-26
783158,0.0
783159,0.0
783160,0.0
783161,0.0
783162,0.0
783163,0.0
783164,0.0
783165,0.0
783166,0.0
783167,0.0
783168,0.0
783169,0.0
783170,0.0
783171,0.0
783172,0.0
783173,0.0
783174,0.0
783175,0.0
783176,0.0
783177,0.0
783178,0.0
783179,0.0
783180,0.0
783181,0.0
783182,0.0
783183,0.0
783184,0.0
783185,0.0
783186,0.0
783187,0.0
783188,0.0
783189,0.0
783190,0.0
783191,0.0
783192,0.0
783193,0.0
783194,6.890903e-38
783195,0.0
783196,0.0
783197,0.0
783198,0.0
783199,0.0
783200,0.0
783201,0.0
783202,0.0
783203,0.0
783204,0.0
783205,0.0
783206,0.0
783207,0.0
783208,0.0
783209,0.0
783210,0.0
783211,0.0
783212,0.0
783213,0.0
783214,0.0
783215,0.0
783216,0.0
783217,0.0
783218,0.0
783219,0.0
783220,0.0
783221,0.0
783222,0.0
783223,0.0
783224,0.0
783225,0.0
783226,0.0
783227,0.0
783228,0.0
783229,4.4769934e-36
783230,0.0
783231,0.0
783232,0.0
783233,0.0
783234,0.0
783235,0.0
783236,0.0
783237,0.0
783238,0.0
783239,0.0
783240,0.0
783241,0.0
783242,0.0
783243,0.0
783244,0.0
783245,0.0
783246,0.0
783247,0.0
783248,0.0
783249,0.0
783250,0.0
783251,0.0
783252,0.0
783253,0.0
783254,0.0
783255,0.0
783256,0.0
783257,0.0
783258,0.0
783259,0.0
783260,0.0
783261,0.0
783262,0.0
783263,0.0
783264,0.0
783265,0.0
783266,0.0
783267,0.0
783268,0.0
783269,0.0
783270,0.0
783271,0.0
783272,0.0
783273,0.0
783274,0.0
783275,0.0
783276,7.590569e-27
783277,0.0
783278,0.0
783279,0.0
783280,0.0
783281,0.0
783282,0.0
783283,0.0
783284,0.0
783285,0.0
783286,0.0
783287,0.0
783288,0.0
783289,0.0
783290,0.0
783291,0.0
783292,0.0
783293,0.0
783294,0.0
783295,0.0
783296,0.0
783297,0.0
783298,0.0
783299,0.0
783300,0.0
783301,0.0
783302,0.0
783303,0.0
783304,0.0
783305,0.0
783306,0.0
783307,0.0
783308,0.0
783309,1.9586204e-13
783310,0.0
783311,0.0
783312,0.0
783313,0.0
783314,0.0
783315,0.0
783316,0.0
783317,0.0
783318,0.0
783319,0.0
783320,0.0
783321,0.0
783322,0.0
783323,0.0
783324,0.0
783325,0.0
783326,0.0
783327,0.0
783328,0.0
783329,0.0
783330,0.0
783331,0.0
783332,0.0
783333,0.0
783334,0.0
783335,0.0
783336,0.0
783337,0.0
783338,0.0
783339,0.0
783340,0.0
783341,0.0
783342,0.0
783343,0.0
783344,0.0
783345,0.0
783346,0.0
783347,0.0
783348,0.0
783349,0.0
783350,0.0
783351,0.0
783352,0.0
783353,0.0
783354,0.0
783355,0.0
783356,0.0
783357,0.0
783358,0.0
783359,0.0
783360,0.0
783361,0.0
783362,0.0
783363,0.0
783364,0.0
783365,0.0
783366,0.0
783367,0.0
783368,0.0
783369,0.0
783370,0.0
783371,0.0
783372,0.0
783373,0.0
783374,0.0
783375,0.0
783376,0.0
783377,0.0
783378,0.0
783379,0.0
783380,0.0
783381,0.0
783382,0.0
783383,0.0
783384,0.0
783385,0.0
783386,0.0
783387,0.0
783388,0.0
783389,0.0
783390,0.0
783391,0.0
783392,0.0
783393,0.0
783394,0.0
783395,0.0
783396,0.0
783397,0.0
783398,0.0
783399,0.0
783400,0.0
783401,0.0
783402,0.0
783403,0.0
783404,0.0
783405,0.0
783406,0.0
783407,0.0
783408,0.0
783409,0.0
783410,0.0
783411,0.0
783412,0.0
783413,0.0
783414,0.0
783415,0.0
783416,0.0
783417,0.0
783418,0.0
783419,0.0
783420,0.0
783421,0.0
783422,0.0
783423,8.5344365e-27
783424,0.0
783425,0.0
783426,0.0
783427,0.0
783428,0.0
783429,0.0
783430,0.0
783431,0.0
783432,0.0
783433,0.0
783434,0.0
783435,0.0
783436,0.0
783437,0.0
783438,0.0
783439,0.0
783440,0.0
783441,0.0
783442,0.0
783443,0.0
783444,0.0
783445,0.0
783446,0.0
783447,0.0
783448,0.0
783449,0.0
783450,0.0
783451,0.0
783452,2.5339847e-25
783453,0.0
783454,0.0
783455,0.0
783456,0.0
783457,0.0
783458,0.0
783459,0.0
783460,0.0
783461,0.0
783462,0.0
783463,0.0
783464,0.0
783465,0.0
783466,0.0
783467,0.0
783468,0.0
783469,0.0
783470,0.0
783471,0.0
783472,0.0
783473,0.0
783474,0.0
783475,0.0
783476,0.0
783477,0.0
783478,0.0
783479,0.0
783480,0.0
783481,0.0
783482,0.0
783483,0.0
783484,0.0
783485,0.0
783486,0.0
783487,0.0
783488,0.0
783489,0.0
783490,0.0
783491,0.0
783492,0.0
783493,0.0
783494,0.0
783495,0.0
783496,0.0
783497,0.0
783498,0.0
783499,0.0
783500,0.0
783501,0.0
783502,0.12463514
783503,0.0
783504,0.0
783505,0.0
783506,0.0
783507,0.0
783508,0.0
783509,0.0
783510,0.0
783511,0.0
783512,0.0
783513,0.0
783514,1.9628261e-37
783515,0.0
783516,0.0
783517,0.0
783518,0.0
783519,0.0
783520,0.0
783521,0.0
783522,0.0
783523,0.0
783524,0.0
783525,0.0
783526,0.0
783527,0.0
783528,0.0
783529,0.0
783530,0.0
783531,0.0
783532,0.0
783533,0.0
783534,0.0
783535,0.0
783536,0.0
783537,0.0
783538,0.0
783539,0.0
783540,0.0
783541,0.0
783542,0.0
783543,0.0
783544,0.0
783545,0.0
783546,0.0
783547,0.0
783548,0.0
783549,0.0
783550,0.0
783551,0.0
783552,0.0
783553,0.0
783554,0.0
783555,8.07744e-19
783556,0.0
783557,0.0
783558,0.0
783559,0.0
783560,0.0
783561,0.0
783562,0.0
783563,0.0
783564,0.0
783565,0.0
783566,0.0
783567,0.0
783568,0.0
783569,0.0
783570,0.0
783571,0.0
783572,0.0
783573,0.0
783574,0.0
783575,0.0
783576,0.0
783577,0.0
783578,0.0
783579,0.0
783580,0.0
783581,0.0
783582,0.0
783583,0.0
783584,0.0
783585,0.0
783586,0.0
783587,0.0
783588,0.0
783589,0.0
783590,0.0
783591,0.0
783592,0.0
783593,0.0
783594,0.0
783595,0.0
783596,0.0
783597,0.0
783598,0.0
783599,0.0
783600,0.0
783601,0.0
783602,0.0
783603,0.0
783604,0.0
783605,0.0
783606,0.0
783607,0.0
783608,0.0
783609,0.0
783610,0.0
783611,0.0
783612,0.0
783613,0.0
783614,0.0
783615,0.0
783616,0.0
783617,0.0
783618,0.0
783619,0.0
783620,0.0
783621,0.0
783622,0.0
783623,0.0
783624,0.0
783625,0.0
783626,0.0
783627,0.0
783628,0.0
783629,0.0
783630,0.0
783631,0.0
783632,0.0
783633,0.0
783634,0.0
783635,0.0
783636,0.0
783637,0.0
783638,0.0
783639,0.0
783640,0.0
783641,0.0
783642,0.0
783643,0.0
783644,0.0
783645,0.0
783646,0.0
783647,0.0
783648,0.0
783649,0.0
783650,0.0
783651,0.0
783652,0.0
783653,0.0
783654,0.0
783655,0.0
783656,0.0
783657,0.0
783658,0.0
783659,0.0
783660,0.0
783661,0.0
783662,0.0
783663,0.0
783664,0.0
783665,0.0
783666,0.0
783667,0.0
783668,0.0
783669,0.0
783670,0.0
783671,0.0
783672,0.0
783673,0.0
783674,0.0
783675,0.0
783676,0.0
783677,0.0
783678,0.0
783679,0.0
783680,0.0
783681,0.0
783682,0.0
783683,0.0
783684,0.0
783685,0.0
783686,0.0
783687,0.0
783688,0.0
783689,0.0
783690,0.0
783691,0.0
783692,0.0
783693,0.0
783694,0.0
783695,0.0
783696,0.0
783697,0.0
783698,0.0
783699,0.0
783700,0.0
783701,0.0
783702,0.0
783703,0.0
783704,0.0
783705,0.0
783706,0.0
783707,0.0
783708,0.0
783709,0.0
783710,0.0
783711,0.0
783712,0.0
783713,0.0
783714,0.0
783715,0.0
783716,0.0
783717,0.0
783718,0.0
783719,0.0
783720,0.0
783721,0.0
783722,0.0
783723,0.0
783724,0.0
783725,0.0
783726,0.0
783727,0.0
783728,0.0
783729,0.0
783730,0.0
783731,0.0
783732,0.0
783733,0.0
783734,0.0
783735,0.0
783736,0.0
783737,0.0
783738,0.0
783739,0.0
783740,0.0
783741,0.0
783742,0.0
783743,0.0
783744,0.0
783745,0.0
783746,0.0
783747,0.0
783748,0.0
783749,0.0
783750,0.0
783751,0.0
783752,0.0
783753,0.0
783754,0.0
783755,0.0
783756,0.0
783757,0.0
783758,0.0
783759,0.0
783760,0.0
783761,0.0
783762,0.0
783763,0.0
783764,0.0
783765,0.0
783766,0.0
783767,0.0
783768,0.0
783769,0.0
783770,0.0
783771,0.0
783772,0.0
783773,0.0
783774,0.0
783775,0.0
783776,0.0
783777,0.0
783778,0.0
783779,0.0
783780,0.0
783781,0.0
783782,0.0
783783,0.0
783784,0.0
783785,0.0
783786,0.0
783787,0.0
783788,0.0
783789,0.0
783790,0.0
783791,0.0
783792,0.0
783793,0.0
783794,0.0
783795,0.0
783796,0.0
783797,0.0
783798,0.0
783799,0.0
783800,0.0
783801,0.0
783802,0.0
783803,0.0
783804,0.0
783805,0.0
783806,0.0
783807,0.0
783808,0.0
783809,0.0
783810,0.0
783811,0.0
783812,0.0
783813,0.0
783814,0.0
783815,0.0
783816,0.0
783817,0.0
783818,0.0
783819,0.0
783820,0.0
783821,0.0
783822,0.0
783823,0.053495392
783824,0.0
783825,0.0
783826,0.0
783827,0.0
783828,0.0
783829,0.0
783830,0.0
783831,0.0
783832,0.0
783833,0.0
783834,0.0
783835,0.0
783836,0.0
783837,0.0
783838,0.0
783839,0.0
783840,0.0
783841,0.0
783842,0.0
783843,0.0
783844,0.0
783845,0.0
783846,0.0
783847,0.0
783848,0.0
783849,0.0
783850,0.0
783851,0.0
783852,0.0
783853,0.0
783854,0.0
783855,0.0
783856,0.0
783857,0.0
783858,0.0
783859,0.0
783860,0.0
783861,0.0
783862,0.0
783863,0.0
783864,0.0
783865,0.0
783866,0.0
783867,0.0
783868,0.0
783869,0.0
783870,0.0
783871,0.0
783872,0.0
783873,0.0
783874,0.0
783875,0.0
783876,0.0
783877,0.0
783878,0.0
783879,0.0
783880,0.0
783881,0.0
783882,0.0
783883,0.0
783884,0.0
783885,0.0
783886,0.0
783887,0.0
783888,0.0
783889,0.0
783890,0.0
783891,0.0
783892,0.0
783893,0.0
783894,0.0
783895,0.0
783896,0.0
783897,0.0
783898,0.0
783899,0.0
783900,0.0
783901,0.0
783902,0.0
783903,0.0
783904,1.4357794e-26
783905,0.0
783906,0.0
783907,0.0
783908,0.0
783909,0.0
783910,0.0
783911,0.0
783912,0.0
783913,0.0
783914,0.0
783915,0.0
783916,0.0
783917,0.0
783918,0.0
783919,0.0
783920,0.0
783921,0.0
783922,0.0
783923,0.0
783924,0.0
783925,0.0
783926,0.0
783927,0.0
783928,0.0
783929,0.0
783930,0.0
783931,0.0
783932,0.0
783933,0.0
783934,0.0
783935,0.0
783936,0.0
783937,0.0
783938,0.0
783939,0.0
783940,0.0
783941,0.0
783942,0.0
783943,0.0
783944,0.0
783945,0.0
783946,0.0
783947,0.0
783948,0.0
783949,0.0
783950,0.0
783951,0.0
783952,0.0
783953,0.0
783954,0.0
783955,0.0
783956,0.0
783957,0.0
783958,0.0
783959,0.0
783960,0.0
783961,0.0
783962,0.0
783963,0.0
783964,0.0
783965,0.0
783966,0.0
783967,0.0
783968,0.0
783969,0.0
783970,0.0
783971,0.0
783972,0.0
783973,0.0
783974,0.0
783975,0.0
783976,0.0
783977,0.0
783978,0.0
783979,0.0
783980,0.0
783981,0.0
783982,0.0
783983,0.0
783984,0.0
783985,0.0
783986,0.0
783987,0.0
783988,0.0
783989,0.0
783990,0.0
783991,0.0
783992,0.0
783993,0.0
783994,0.0
783995,0.0
783996,0.0
783997,0.0
783998,0.0
783999,0.0
784000,0.0
784001,0.0
784002,0.0
784003,1.0746585e-29
784004,0.0
784005,0.0
784006,0.0
784007,0.0
784008,0.0
784009,0.0
784010,0.0
784011,0.0
784012,0.0
784013,0.0
784014,0.0
784015,0.0
784016,0.0
784017,0.0
784018,0.0
784019,0.0
784020,0.0
784021,0.0
784022,0.0
784023,0.0
784024,0.0
784025,0.0
784026,0.0
784027,0.0
784028,0.0
784029,0.0
784030,0.0
784031,0.0
784032,0.0
784033,0.0
784034,0.0
784035,0.0
784036,0.0
784037,0.0
784038,0.0
784039,0.0
784040,0.0
784041,0.0
784042,0.0
784043,0.0
784044,0.0
784045,0.0
784046,0.0
784047,0.0
784048,0.0
784049,0.0
784050,0.0
784051,0.0
784052,0.0
784053,0.0
784054,0.0
784055,0.0
784056,0.0
784057,0.0
784058,0.0
784059,0.0
784060,0.0
784061,0.0
784062,0.0
784063,0.0
784064,0.0
784065,0.0
784066,0.0
784067,0.0
784068,0.0
784069,0.0
784070,0.0
784071,0.0
784072,0.0
784073,0.0
784074,0.0
784075,0.0
784076,0.0
784077,0.0
784078,0.0
784079,0.0
784080,0.0
784081,0.0
784082,0.0
784083,0.0
784084,0.0
784085,0.0
784086,0.0
784087,0.0
784088,0.0
784089,0.0
784090,0.0
784091,0.0
784092,0.0
784093,0.0
784094,0.0
784095,0.0
784096,0.0
784097,0.0
784098,0.0
784099,0.0
784100,0.0
784101,0.0
784102,0.0
784103,0.0
784104,0.0
784105,0.0
784106,0.0
784107,0.0
784108,0.0
784109,0.0
784110,0.0
784111,0.0
784112,0.0
784113,0.0
784114,0.0
784115,0.0
784116,0.0
784117,0.0
784118,0.0
784119,0.0
784120,0.0
784121,0.0
784122,0.0
784123,0.0
784124,0.0
784125,0.0
784126,0.0
784127,0.0
784128,0.0
784129,0.0
784130,0.0
784131,0.0
784132,0.0
784133,0.0
784134,0.0
784135,0.0
784136,0.0
784137,0.0
784138,0.0
784139,0.0
784140,0.0
784141,0.0
784142,0.0
784143,0.0
784144,0.0
784145,0.0
784146,0.0
784147,0.0
784148,0.0
784149,0.0
784150,0.0
784151,0.0
784152,0.0
784153,0.0
784154,0.0
784155,0.0
784156,0.0
784157,0.0
784158,2.07332e-18
784159,0.0
784160,0.0
784161,0.0
784162,0.0
784163,0.0
784164,0.0
784165,0.0
784166,0.0
784167,0.0
784168,0.0
784169,0.0
784170,0.0
784171,0.0
784172,0.0
784173,0.0
784174,0.0
784175,0.0
784176,0.0
784177,0.0
784178,0.0
784179,0.0
784180,0.0
784181,0.0
784182,0.0
784183,0.0
784184,0.0
784185,0.0
784186,0.0
784187,0.0
784188,0.0
784189,0.0
784190,0.0
784191,0.0
784192,0.0
784193,0.0
784194,0.0
784195,0.0
784196,0.0
784197,0.0
784198,0.0
784199,0.0
784200,0.0
784201,0.0
784202,0.0
784203,0.0
784204,0.0
784205,0.0
784206,0.0
784207,0.0
784208,0.0
784209,0.0
784210,0.0
784211,0.0
784212,0.0
784213,0.0
784214,0.0
784215,0.0
784216,0.0
784217,0.0
784218,0.0
784219,0.0
784220,0.0
784221,0.0
784222,0.0
784223,0.0
784224,0.0
784225,0.0
784226,0.0
784227,0.0
784228,0.0
784229,0.0
784230,0.0
784231,0.0
784232,0.0
784233,0.0
784234,0.0
784235,0.0
784236,0.0
784237,0.0
784238,0.0
